Nodes disconnected: 
Number of disconnected nodes: 0
Max available bandwidth: 33400 Kbps
Average throughput: 17005.8 Kbps
Throughput to bandwidth ratio: 0.509156
Packet loss percentage: 5.24226%
Average delay: 8173.72 ms
Average jitter: 4196.42 ms
G_L: 1

Nodes disconnected: 202 
Number of disconnected nodes: 1
Max available bandwidth: 33200 Kbps
Average throughput: 17100.7 Kbps
Throughput to bandwidth ratio: 0.515082
Packet loss percentage: 5.2216%
Average delay: 8077.31 ms
Average jitter: 4382.2 ms
G_L: 0.9967

Nodes disconnected: 202 84 
Number of disconnected nodes: 2
Max available bandwidth: 33200 Kbps
Average throughput: 16951 Kbps
Throughput to bandwidth ratio: 0.510571
Packet loss percentage: 5.17747%
Average delay: 7685.8 ms
Average jitter: 4644.62 ms
G_L: 0.9933

Nodes disconnected: 202 84 101 
Number of disconnected nodes: 3
Max available bandwidth: 33200 Kbps
Average throughput: 16890.1 Kbps
Throughput to bandwidth ratio: 0.508737
Packet loss percentage: 5.22828%
Average delay: 7799.9 ms
Average jitter: 4321.95 ms
G_L: 0.99

Nodes disconnected: 202 84 101 241 10 
Number of disconnected nodes: 5
Max available bandwidth: 33100 Kbps
Average throughput: 16879.3 Kbps
Throughput to bandwidth ratio: 0.509948
Packet loss percentage: 5.23897%
Average delay: 7400.07 ms
Average jitter: 3960.2 ms
G_L: 0.9833

Nodes disconnected: 202 84 101 241 10 0 1 3 4 5 6 7 8 9 12 13 16 17 20 21 23 24 26 28 29 30 31 32 33 34 35 38 39 40 41 44 46 48 49 50 52 53 54 58 60 62 65 66 68 69 72 74 75 76 77 79 80 83 86 88 90 91 92 93 95 96 97 98 99 100 102 103 104 107 108 110 111 112 114 115 117 118 119 120 121 122 123 124 125 126 128 130 132 135 136 137 141 144 146 147 148 150 155 156 157 159 160 163 165 168 169 170 171 172 174 175 179 181 182 185 186 187 190 191 192 193 195 196 197 198 200 201 203 204 206 207 208 212 213 214 215 218 219 220 224 227 229 231 232 233 234 236 238 239 240 245 248 249 253 254 257 258 259 260 261 262 263 264 265 266 267 272 273 275 278 279 281 283 286 288 290 292 293 294 296 297 299 
Number of disconnected nodes: 187
Max available bandwidth: 12500 Kbps
Average throughput: 5688.65 Kbps
Throughput to bandwidth ratio: 0.455092
Packet loss percentage: 35.1064%
Average delay: 7496.97 ms
Average jitter: 2103.44 ms
G_L: 0.3767

Nodes disconnected: 202 84 101 241 10 0 1 3 4 5 6 7 8 9 12 13 16 17 20 21 23 24 26 28 29 30 31 32 33 34 35 38 39 40 41 44 46 48 49 50 52 53 54 58 60 62 65 66 68 69 72 74 75 76 77 79 80 83 86 88 90 91 92 93 95 96 97 98 99 100 102 103 104 107 108 110 111 112 114 115 117 118 119 120 121 122 123 124 125 126 128 130 132 135 136 137 141 144 146 147 148 150 155 156 157 159 160 163 165 168 169 170 171 172 174 175 179 181 182 185 186 187 190 191 192 193 195 196 197 198 200 201 203 204 206 207 208 212 213 214 215 218 219 220 224 227 229 231 232 233 234 236 238 239 240 245 248 249 253 254 257 258 259 260 261 262 263 264 265 266 267 272 273 275 278 279 281 283 286 288 290 292 293 294 296 297 299 129 
Number of disconnected nodes: 188
Max available bandwidth: 12400 Kbps
Average throughput: 5517.31 Kbps
Throughput to bandwidth ratio: 0.444944
Packet loss percentage: 35.3252%
Average delay: 6145.32 ms
Average jitter: 2001.91 ms
G_L: 0.3733

Nodes disconnected: 202 84 101 241 10 0 1 3 4 5 6 7 8 9 12 13 16 17 20 21 23 24 26 28 29 30 31 32 33 34 35 38 39 40 41 44 46 48 49 50 52 53 54 58 60 62 65 66 68 69 72 74 75 76 77 79 80 83 86 88 90 91 92 93 95 96 97 98 99 100 102 103 104 107 108 110 111 112 114 115 117 118 119 120 121 122 123 124 125 126 128 130 132 135 136 137 141 144 146 147 148 150 155 156 157 159 160 163 165 168 169 170 171 172 174 175 179 181 182 185 186 187 190 191 192 193 195 196 197 198 200 201 203 204 206 207 208 212 213 214 215 218 219 220 224 227 229 231 232 233 234 236 238 239 240 245 248 249 253 254 257 258 259 260 261 262 263 264 265 266 267 272 273 275 278 279 281 283 286 288 290 292 293 294 296 297 299 129 64 37 134 184 221 
Number of disconnected nodes: 193
Max available bandwidth: 11900 Kbps
Average throughput: 5249.87 Kbps
Throughput to bandwidth ratio: 0.441165
Packet loss percentage: 37.2069%
Average delay: 7124.93 ms
Average jitter: 1890.51 ms
G_L: 0.3567

Nodes disconnected: 202 84 101 241 10 0 1 3 4 5 6 7 8 9 12 13 16 17 20 21 23 24 26 28 29 30 31 32 33 34 35 38 39 40 41 44 46 48 49 50 52 53 54 58 60 62 65 66 68 69 72 74 75 76 77 79 80 83 86 88 90 91 92 93 95 96 97 98 99 100 102 103 104 107 108 110 111 112 114 115 117 118 119 120 121 122 123 124 125 126 128 130 132 135 136 137 141 144 146 147 148 150 155 156 157 159 160 163 165 168 169 170 171 172 174 175 179 181 182 185 186 187 190 191 192 193 195 196 197 198 200 201 203 204 206 207 208 212 213 214 215 218 219 220 224 227 229 231 232 233 234 236 238 239 240 245 248 249 253 254 257 258 259 260 261 262 263 264 265 266 267 272 273 275 278 279 281 283 286 288 290 292 293 294 296 297 299 129 64 37 134 184 221 255 
Number of disconnected nodes: 194
Max available bandwidth: 11900 Kbps
Average throughput: 5237.65 Kbps
Throughput to bandwidth ratio: 0.440138
Packet loss percentage: 39.2058%
Average delay: 5378.23 ms
Average jitter: 1456.06 ms
G_L: 0.3533

Nodes disconnected: 202 84 101 241 10 0 1 3 4 5 6 7 8 9 12 13 16 17 20 21 23 24 26 28 29 30 31 32 33 34 35 38 39 40 41 44 46 48 49 50 52 53 54 58 60 62 65 66 68 69 72 74 75 76 77 79 80 83 86 88 90 91 92 93 95 96 97 98 99 100 102 103 104 107 108 110 111 112 114 115 117 118 119 120 121 122 123 124 125 126 128 130 132 135 136 137 141 144 146 147 148 150 155 156 157 159 160 163 165 168 169 170 171 172 174 175 179 181 182 185 186 187 190 191 192 193 195 196 197 198 200 201 203 204 206 207 208 212 213 214 215 218 219 220 224 227 229 231 232 233 234 236 238 239 240 245 248 249 253 254 257 258 259 260 261 262 263 264 265 266 267 272 273 275 278 279 281 283 286 288 290 292 293 294 296 297 299 129 64 37 134 184 221 255 161 
Number of disconnected nodes: 195
Max available bandwidth: 11800 Kbps
Average throughput: 5154.74 Kbps
Throughput to bandwidth ratio: 0.436843
Packet loss percentage: 35.7802%
Average delay: 7428.33 ms
Average jitter: 2509.06 ms
G_L: 0.35

Nodes disconnected: 202 84 101 241 10 0 1 3 4 5 6 7 8 9 12 13 16 17 20 21 23 24 26 28 29 30 31 32 33 34 35 38 39 40 41 44 46 48 49 50 52 53 54 58 60 62 65 66 68 69 72 74 75 76 77 79 80 83 86 88 90 91 92 93 95 96 97 98 99 100 102 103 104 107 108 110 111 112 114 115 117 118 119 120 121 122 123 124 125 126 128 130 132 135 136 137 141 144 146 147 148 150 155 156 157 159 160 163 165 168 169 170 171 172 174 175 179 181 182 185 186 187 190 191 192 193 195 196 197 198 200 201 203 204 206 207 208 212 213 214 215 218 219 220 224 227 229 231 232 233 234 236 238 239 240 245 248 249 253 254 257 258 259 260 261 262 263 264 265 266 267 272 273 275 278 279 281 283 286 288 290 292 293 294 296 297 299 129 64 37 134 184 221 255 161 194 291 284 133 
Number of disconnected nodes: 199
Max available bandwidth: 11400 Kbps
Average throughput: 5054.56 Kbps
Throughput to bandwidth ratio: 0.443382
Packet loss percentage: 38.1944%
Average delay: 7234.88 ms
Average jitter: 1915.85 ms
G_L: 0.3367

Nodes disconnected: 202 84 101 241 10 0 1 3 4 5 6 7 8 9 12 13 16 17 20 21 23 24 26 28 29 30 31 32 33 34 35 38 39 40 41 44 46 48 49 50 52 53 54 58 60 62 65 66 68 69 72 74 75 76 77 79 80 83 86 88 90 91 92 93 95 96 97 98 99 100 102 103 104 107 108 110 111 112 114 115 117 118 119 120 121 122 123 124 125 126 128 130 132 135 136 137 141 144 146 147 148 150 155 156 157 159 160 163 165 168 169 170 171 172 174 175 179 181 182 185 186 187 190 191 192 193 195 196 197 198 200 201 203 204 206 207 208 212 213 214 215 218 219 220 224 227 229 231 232 233 234 236 238 239 240 245 248 249 253 254 257 258 259 260 261 262 263 264 265 266 267 272 273 275 278 279 281 283 286 288 290 292 293 294 296 297 299 129 64 37 134 184 221 255 161 194 291 284 133 246 
Number of disconnected nodes: 200
Max available bandwidth: 11400 Kbps
Average throughput: 4937.29 Kbps
Throughput to bandwidth ratio: 0.433095
Packet loss percentage: 35.7835%
Average delay: 6056.55 ms
Average jitter: 1967.04 ms
G_L: 0.3333

Nodes disconnected: 202 84 101 241 10 0 1 3 4 5 6 7 8 9 12 13 16 17 20 21 23 24 26 28 29 30 31 32 33 34 35 38 39 40 41 44 46 48 49 50 52 53 54 58 60 62 65 66 68 69 72 74 75 76 77 79 80 83 86 88 90 91 92 93 95 96 97 98 99 100 102 103 104 107 108 110 111 112 114 115 117 118 119 120 121 122 123 124 125 126 128 130 132 135 136 137 141 144 146 147 148 150 155 156 157 159 160 163 165 168 169 170 171 172 174 175 179 181 182 185 186 187 190 191 192 193 195 196 197 198 200 201 203 204 206 207 208 212 213 214 215 218 219 220 224 227 229 231 232 233 234 236 238 239 240 245 248 249 253 254 257 258 259 260 261 262 263 264 265 266 267 272 273 275 278 279 281 283 286 288 290 292 293 294 296 297 299 129 64 37 134 184 221 255 161 194 291 284 133 246 177 
Number of disconnected nodes: 201
Max available bandwidth: 11400 Kbps
Average throughput: 4945.02 Kbps
Throughput to bandwidth ratio: 0.433773
Packet loss percentage: 36.7222%
Average delay: 6106.02 ms
Average jitter: 1707.57 ms
G_L: 0.33

Nodes disconnected: 202 84 101 241 10 0 1 3 4 5 6 7 8 9 12 13 16 17 20 21 23 24 26 28 29 30 31 32 33 34 35 38 39 40 41 44 46 48 49 50 52 53 54 58 60 62 65 66 68 69 72 74 75 76 77 79 80 83 86 88 90 91 92 93 95 96 97 98 99 100 102 103 104 107 108 110 111 112 114 115 117 118 119 120 121 122 123 124 125 126 128 130 132 135 136 137 141 144 146 147 148 150 155 156 157 159 160 163 165 168 169 170 171 172 174 175 179 181 182 185 186 187 190 191 192 193 195 196 197 198 200 201 203 204 206 207 208 212 213 214 215 218 219 220 224 227 229 231 232 233 234 236 238 239 240 245 248 249 253 254 257 258 259 260 261 262 263 264 265 266 267 272 273 275 278 279 281 283 286 288 290 292 293 294 296 297 299 129 64 37 134 184 221 255 161 194 291 284 133 246 177 2 11 14 15 18 22 27 36 42 43 45 47 51 55 56 57 59 61 63 70 73 78 81 82 85 94 105 106 109 113 116 127 131 138 139 140 142 143 145 149 151 152 153 154 158 164 166 167 173 176 178 180 183 188 189 199 205 209 210 211 216 217 222 223 225 226 228 230 235 237 242 243 247 250 251 252 256 268 269 270 271 274 276 277 280 282 285 287 289 295 298 
Number of disconnected nodes: 292
Max available bandwidth: 800 Kbps
Average throughput: 403.805 Kbps
Throughput to bandwidth ratio: 0.504756
Packet loss percentage: 52.5549%
Average delay: 532.212 ms
Average jitter: 361.855 ms
G_L: 0.0267

Nodes disconnected: 202 84 101 241 10 0 1 3 4 5 6 7 8 9 12 13 16 17 20 21 23 24 26 28 29 30 31 32 33 34 35 38 39 40 41 44 46 48 49 50 52 53 54 58 60 62 65 66 68 69 72 74 75 76 77 79 80 83 86 88 90 91 92 93 95 96 97 98 99 100 102 103 104 107 108 110 111 112 114 115 117 118 119 120 121 122 123 124 125 126 128 130 132 135 136 137 141 144 146 147 148 150 155 156 157 159 160 163 165 168 169 170 171 172 174 175 179 181 182 185 186 187 190 191 192 193 195 196 197 198 200 201 203 204 206 207 208 212 213 214 215 218 219 220 224 227 229 231 232 233 234 236 238 239 240 245 248 249 253 254 257 258 259 260 261 262 263 264 265 266 267 272 273 275 278 279 281 283 286 288 290 292 293 294 296 297 299 129 64 37 134 184 221 255 161 194 291 284 133 246 177 2 11 14 15 18 22 27 36 42 43 45 47 51 55 56 57 59 61 63 70 73 78 81 82 85 94 105 106 109 113 116 127 131 138 139 140 142 143 145 149 151 152 153 154 158 164 166 167 173 176 178 180 183 188 189 199 205 209 210 211 216 217 222 223 225 226 228 230 235 237 242 243 247 250 251 252 256 268 269 270 271 274 276 277 280 282 285 287 289 295 298 89 162 67 71 19 244 87 25 
Number of disconnected nodes: 300
Max available bandwidth: 0 Kbps
Average throughput: 0 Kbps
Throughput to bandwidth ratio: -nan
Packet loss percentage: -nan%
Average delay: -nan ms
Average jitter: -nan ms
G_L: 0

