Nodes disconnected: 
Number of disconnected nodes: 0
Max available bandwidth: 33400 Kbps
Average throughput: 17105.7 Kbps
Throughput to bandwidth ratio: 0.512148
Packet loss percentage: 5.22421%
Average delay: 8642.15 ms
Average jitter: 4659.83 ms
G_L: 1

Nodes disconnected: 280 139 269 
Number of disconnected nodes: 3
Max available bandwidth: 33100 Kbps
Average throughput: 16888.2 Kbps
Throughput to bandwidth ratio: 0.510216
Packet loss percentage: 5.22347%
Average delay: 7801.07 ms
Average jitter: 3915.3 ms
G_L: 0.99

Nodes disconnected: 280 139 269 115 116 159 
Number of disconnected nodes: 6
Max available bandwidth: 33000 Kbps
Average throughput: 16662.9 Kbps
Throughput to bandwidth ratio: 0.504937
Packet loss percentage: 5.23354%
Average delay: 7862.27 ms
Average jitter: 4027.65 ms
G_L: 0.98

Nodes disconnected: 280 139 269 115 116 159 122 
Number of disconnected nodes: 7
Max available bandwidth: 33000 Kbps
Average throughput: 16659.5 Kbps
Throughput to bandwidth ratio: 0.504833
Packet loss percentage: 5.27675%
Average delay: 7785.12 ms
Average jitter: 4734.78 ms
G_L: 0.9767

Nodes disconnected: 280 139 269 115 116 159 122 2 42 277 
Number of disconnected nodes: 10
Max available bandwidth: 32800 Kbps
Average throughput: 16496 Kbps
Throughput to bandwidth ratio: 0.502928
Packet loss percentage: 5.09839%
Average delay: 8178.28 ms
Average jitter: 4409.8 ms
G_L: 0.9667

Nodes disconnected: 280 139 269 115 116 159 122 2 42 277 89 
Number of disconnected nodes: 11
Max available bandwidth: 32800 Kbps
Average throughput: 16450.1 Kbps
Throughput to bandwidth ratio: 0.501528
Packet loss percentage: 5.16919%
Average delay: 7774.28 ms
Average jitter: 4251.74 ms
G_L: 0.9633

Nodes disconnected: 280 139 269 115 116 159 122 2 42 277 89 272 
Number of disconnected nodes: 12
Max available bandwidth: 32800 Kbps
Average throughput: 16375.1 Kbps
Throughput to bandwidth ratio: 0.499242
Packet loss percentage: 5.18927%
Average delay: 7156.03 ms
Average jitter: 3844.24 ms
G_L: 0.96

Nodes disconnected: 280 139 269 115 116 159 122 2 42 277 89 272 0 1 3 4 5 6 8 9 10 12 13 16 17 20 21 22 23 24 26 28 29 30 32 33 34 35 38 39 40 41 44 46 48 49 50 52 53 54 58 60 62 65 66 68 69 72 74 75 76 77 78 79 83 85 86 88 90 91 92 93 95 96 97 98 99 100 101 102 103 104 108 110 111 112 114 117 118 119 123 124 125 126 128 130 132 135 136 137 141 144 146 147 148 150 155 156 157 160 163 165 168 169 170 171 172 174 175 179 181 182 185 186 187 190 191 192 193 195 196 197 198 200 201 203 204 206 207 208 212 213 214 215 219 220 224 227 229 231 232 233 234 236 238 239 240 241 245 249 253 254 257 258 259 261 262 263 264 265 267 273 275 278 281 283 286 288 290 292 293 294 296 297 299 
Number of disconnected nodes: 185
Max available bandwidth: 12800 Kbps
Average throughput: 5959.56 Kbps
Throughput to bandwidth ratio: 0.465591
Packet loss percentage: 35.409%
Average delay: 7262.18 ms
Average jitter: 1921.05 ms
G_L: 0.3833

Nodes disconnected: 280 139 269 115 116 159 122 2 42 277 89 272 0 1 3 4 5 6 8 9 10 12 13 16 17 20 21 22 23 24 26 28 29 30 32 33 34 35 38 39 40 41 44 46 48 49 50 52 53 54 58 60 62 65 66 68 69 72 74 75 76 77 78 79 83 85 86 88 90 91 92 93 95 96 97 98 99 100 101 102 103 104 108 110 111 112 114 117 118 119 123 124 125 126 128 130 132 135 136 137 141 144 146 147 148 150 155 156 157 160 163 165 168 169 170 171 172 174 175 179 181 182 185 186 187 190 191 192 193 195 196 197 198 200 201 203 204 206 207 208 212 213 214 215 219 220 224 227 229 231 232 233 234 236 238 239 240 241 245 249 253 254 257 258 259 261 262 263 264 265 267 273 275 278 281 283 286 288 290 292 293 294 296 297 299 210 
Number of disconnected nodes: 186
Max available bandwidth: 12800 Kbps
Average throughput: 5927.8 Kbps
Throughput to bandwidth ratio: 0.463109
Packet loss percentage: 33.8513%
Average delay: 7174.69 ms
Average jitter: 2185.24 ms
G_L: 0.38

Nodes disconnected: 280 139 269 115 116 159 122 2 42 277 89 272 0 1 3 4 5 6 8 9 10 12 13 16 17 20 21 22 23 24 26 28 29 30 32 33 34 35 38 39 40 41 44 46 48 49 50 52 53 54 58 60 62 65 66 68 69 72 74 75 76 77 78 79 83 85 86 88 90 91 92 93 95 96 97 98 99 100 101 102 103 104 108 110 111 112 114 117 118 119 123 124 125 126 128 130 132 135 136 137 141 144 146 147 148 150 155 156 157 160 163 165 168 169 170 171 172 174 175 179 181 182 185 186 187 190 191 192 193 195 196 197 198 200 201 203 204 206 207 208 212 213 214 215 219 220 224 227 229 231 232 233 234 236 238 239 240 241 245 249 253 254 257 258 259 261 262 263 264 265 267 273 275 278 281 283 286 288 290 292 293 294 296 297 299 210 56 129 287 
Number of disconnected nodes: 189
Max available bandwidth: 12600 Kbps
Average throughput: 5809.97 Kbps
Throughput to bandwidth ratio: 0.461109
Packet loss percentage: 32.549%
Average delay: 7050.25 ms
Average jitter: 2482.16 ms
G_L: 0.37

Nodes disconnected: 280 139 269 115 116 159 122 2 42 277 89 272 0 1 3 4 5 6 8 9 10 12 13 16 17 20 21 22 23 24 26 28 29 30 32 33 34 35 38 39 40 41 44 46 48 49 50 52 53 54 58 60 62 65 66 68 69 72 74 75 76 77 78 79 83 85 86 88 90 91 92 93 95 96 97 98 99 100 101 102 103 104 108 110 111 112 114 117 118 119 123 124 125 126 128 130 132 135 136 137 141 144 146 147 148 150 155 156 157 160 163 165 168 169 170 171 172 174 175 179 181 182 185 186 187 190 191 192 193 195 196 197 198 200 201 203 204 206 207 208 212 213 214 215 219 220 224 227 229 231 232 233 234 236 238 239 240 241 245 249 253 254 257 258 259 261 262 263 264 265 267 273 275 278 281 283 286 288 290 292 293 294 296 297 299 210 56 129 287 131 70 230 
Number of disconnected nodes: 192
Max available bandwidth: 12400 Kbps
Average throughput: 5642.13 Kbps
Throughput to bandwidth ratio: 0.45501
Packet loss percentage: 35.5719%
Average delay: 6631.42 ms
Average jitter: 1779.97 ms
G_L: 0.36

Nodes disconnected: 280 139 269 115 116 159 122 2 42 277 89 272 0 1 3 4 5 6 8 9 10 12 13 16 17 20 21 22 23 24 26 28 29 30 32 33 34 35 38 39 40 41 44 46 48 49 50 52 53 54 58 60 62 65 66 68 69 72 74 75 76 77 78 79 83 85 86 88 90 91 92 93 95 96 97 98 99 100 101 102 103 104 108 110 111 112 114 117 118 119 123 124 125 126 128 130 132 135 136 137 141 144 146 147 148 150 155 156 157 160 163 165 168 169 170 171 172 174 175 179 181 182 185 186 187 190 191 192 193 195 196 197 198 200 201 203 204 206 207 208 212 213 214 215 219 220 224 227 229 231 232 233 234 236 238 239 240 241 245 249 253 254 257 258 259 261 262 263 264 265 267 273 275 278 281 283 286 288 290 292 293 294 296 297 299 210 56 129 287 131 70 230 235 
Number of disconnected nodes: 193
Max available bandwidth: 12300 Kbps
Average throughput: 5557.35 Kbps
Throughput to bandwidth ratio: 0.451817
Packet loss percentage: 35.4776%
Average delay: 6705.63 ms
Average jitter: 1788.14 ms
G_L: 0.3567

Nodes disconnected: 280 139 269 115 116 159 122 2 42 277 89 272 0 1 3 4 5 6 8 9 10 12 13 16 17 20 21 22 23 24 26 28 29 30 32 33 34 35 38 39 40 41 44 46 48 49 50 52 53 54 58 60 62 65 66 68 69 72 74 75 76 77 78 79 83 85 86 88 90 91 92 93 95 96 97 98 99 100 101 102 103 104 108 110 111 112 114 117 118 119 123 124 125 126 128 130 132 135 136 137 141 144 146 147 148 150 155 156 157 160 163 165 168 169 170 171 172 174 175 179 181 182 185 186 187 190 191 192 193 195 196 197 198 200 201 203 204 206 207 208 212 213 214 215 219 220 224 227 229 231 232 233 234 236 238 239 240 241 245 249 253 254 257 258 259 261 262 263 264 265 267 273 275 278 281 283 286 288 290 292 293 294 296 297 299 210 56 129 287 131 70 230 235 7 11 14 15 18 27 31 36 37 43 45 47 51 55 57 59 61 63 64 73 80 81 82 84 94 105 106 107 109 113 120 121 127 133 134 138 140 142 143 145 149 151 152 153 154 158 161 164 166 167 173 176 177 178 180 183 184 188 189 194 199 202 205 209 211 216 217 218 221 222 223 225 226 228 237 242 243 246 247 248 250 251 252 255 256 260 266 268 270 271 274 276 279 282 284 285 289 291 295 298 
Number of disconnected nodes: 293
Max available bandwidth: 800 Kbps
Average throughput: 254.964 Kbps
Throughput to bandwidth ratio: 0.318705
Packet loss percentage: 62.6883%
Average delay: 654.785 ms
Average jitter: 377.847 ms
G_L: 0.0233

Nodes disconnected: 280 139 269 115 116 159 122 2 42 277 89 272 0 1 3 4 5 6 8 9 10 12 13 16 17 20 21 22 23 24 26 28 29 30 32 33 34 35 38 39 40 41 44 46 48 49 50 52 53 54 58 60 62 65 66 68 69 72 74 75 76 77 78 79 83 85 86 88 90 91 92 93 95 96 97 98 99 100 101 102 103 104 108 110 111 112 114 117 118 119 123 124 125 126 128 130 132 135 136 137 141 144 146 147 148 150 155 156 157 160 163 165 168 169 170 171 172 174 175 179 181 182 185 186 187 190 191 192 193 195 196 197 198 200 201 203 204 206 207 208 212 213 214 215 219 220 224 227 229 231 232 233 234 236 238 239 240 241 245 249 253 254 257 258 259 261 262 263 264 265 267 273 275 278 281 283 286 288 290 292 293 294 296 297 299 210 56 129 287 131 70 230 235 7 11 14 15 18 27 31 36 37 43 45 47 51 55 57 59 61 63 64 73 80 81 82 84 94 105 106 107 109 113 120 121 127 133 134 138 140 142 143 145 149 151 152 153 154 158 161 164 166 167 173 176 177 178 180 183 184 188 189 194 199 202 205 209 211 216 217 218 221 222 223 225 226 228 237 242 243 246 247 248 250 251 252 255 256 260 266 268 270 271 274 276 279 282 284 285 289 291 295 298 67 71 
Number of disconnected nodes: 295
Max available bandwidth: 700 Kbps
Average throughput: 211.857 Kbps
Throughput to bandwidth ratio: 0.302653
Packet loss percentage: 58.6707%
Average delay: 542.867 ms
Average jitter: 377.125 ms
G_L: 0.0167

Nodes disconnected: 280 139 269 115 116 159 122 2 42 277 89 272 0 1 3 4 5 6 8 9 10 12 13 16 17 20 21 22 23 24 26 28 29 30 32 33 34 35 38 39 40 41 44 46 48 49 50 52 53 54 58 60 62 65 66 68 69 72 74 75 76 77 78 79 83 85 86 88 90 91 92 93 95 96 97 98 99 100 101 102 103 104 108 110 111 112 114 117 118 119 123 124 125 126 128 130 132 135 136 137 141 144 146 147 148 150 155 156 157 160 163 165 168 169 170 171 172 174 175 179 181 182 185 186 187 190 191 192 193 195 196 197 198 200 201 203 204 206 207 208 212 213 214 215 219 220 224 227 229 231 232 233 234 236 238 239 240 241 245 249 253 254 257 258 259 261 262 263 264 265 267 273 275 278 281 283 286 288 290 292 293 294 296 297 299 210 56 129 287 131 70 230 235 7 11 14 15 18 27 31 36 37 43 45 47 51 55 57 59 61 63 64 73 80 81 82 84 94 105 106 107 109 113 120 121 127 133 134 138 140 142 143 145 149 151 152 153 154 158 161 164 166 167 173 176 177 178 180 183 184 188 189 194 199 202 205 209 211 216 217 218 221 222 223 225 226 228 237 242 243 246 247 248 250 251 252 255 256 260 266 268 270 271 274 276 279 282 284 285 289 291 295 298 67 71 25 
Number of disconnected nodes: 296
Max available bandwidth: 300 Kbps
Average throughput: 217.813 Kbps
Throughput to bandwidth ratio: 0.726043
Packet loss percentage: 45.2412%
Average delay: 380.164 ms
Average jitter: 355.302 ms
G_L: 0.0133

Nodes disconnected: 280 139 269 115 116 159 122 2 42 277 89 272 0 1 3 4 5 6 8 9 10 12 13 16 17 20 21 22 23 24 26 28 29 30 32 33 34 35 38 39 40 41 44 46 48 49 50 52 53 54 58 60 62 65 66 68 69 72 74 75 76 77 78 79 83 85 86 88 90 91 92 93 95 96 97 98 99 100 101 102 103 104 108 110 111 112 114 117 118 119 123 124 125 126 128 130 132 135 136 137 141 144 146 147 148 150 155 156 157 160 163 165 168 169 170 171 172 174 175 179 181 182 185 186 187 190 191 192 193 195 196 197 198 200 201 203 204 206 207 208 212 213 214 215 219 220 224 227 229 231 232 233 234 236 238 239 240 241 245 249 253 254 257 258 259 261 262 263 264 265 267 273 275 278 281 283 286 288 290 292 293 294 296 297 299 210 56 129 287 131 70 230 235 7 11 14 15 18 27 31 36 37 43 45 47 51 55 57 59 61 63 64 73 80 81 82 84 94 105 106 107 109 113 120 121 127 133 134 138 140 142 143 145 149 151 152 153 154 158 161 164 166 167 173 176 177 178 180 183 184 188 189 194 199 202 205 209 211 216 217 218 221 222 223 225 226 228 237 242 243 246 247 248 250 251 252 255 256 260 266 268 270 271 274 276 279 282 284 285 289 291 295 298 67 71 25 162 244 
Number of disconnected nodes: 298
Max available bandwidth: 200 Kbps
Average throughput: 46.3254 Kbps
Throughput to bandwidth ratio: 0.231627
Packet loss percentage: 64.702%
Average delay: 141.067 ms
Average jitter: 272.343 ms
G_L: 0.0067

Nodes disconnected: 280 139 269 115 116 159 122 2 42 277 89 272 0 1 3 4 5 6 8 9 10 12 13 16 17 20 21 22 23 24 26 28 29 30 32 33 34 35 38 39 40 41 44 46 48 49 50 52 53 54 58 60 62 65 66 68 69 72 74 75 76 77 78 79 83 85 86 88 90 91 92 93 95 96 97 98 99 100 101 102 103 104 108 110 111 112 114 117 118 119 123 124 125 126 128 130 132 135 136 137 141 144 146 147 148 150 155 156 157 160 163 165 168 169 170 171 172 174 175 179 181 182 185 186 187 190 191 192 193 195 196 197 198 200 201 203 204 206 207 208 212 213 214 215 219 220 224 227 229 231 232 233 234 236 238 239 240 241 245 249 253 254 257 258 259 261 262 263 264 265 267 273 275 278 281 283 286 288 290 292 293 294 296 297 299 210 56 129 287 131 70 230 235 7 11 14 15 18 27 31 36 37 43 45 47 51 55 57 59 61 63 64 73 80 81 82 84 94 105 106 107 109 113 120 121 127 133 134 138 140 142 143 145 149 151 152 153 154 158 161 164 166 167 173 176 177 178 180 183 184 188 189 194 199 202 205 209 211 216 217 218 221 222 223 225 226 228 237 242 243 246 247 248 250 251 252 255 256 260 266 268 270 271 274 276 279 282 284 285 289 291 295 298 67 71 25 162 244 19 87 
Number of disconnected nodes: 300
Max available bandwidth: 0 Kbps
Average throughput: 0 Kbps
Throughput to bandwidth ratio: -nan
Packet loss percentage: -nan%
Average delay: -nan ms
Average jitter: -nan ms
G_L: 0

