Nodes disconnected: 
Number of disconnected nodes: 0
Max available bandwidth: 33400 Kbps
Average throughput: 17060.3 Kbps
Throughput to bandwidth ratio: 0.510787
Packet loss percentage: 5.27485%
Average delay: 8095.61 ms
Average jitter: 4327.11 ms
G_L: 1

Nodes disconnected: 173 
Number of disconnected nodes: 1
Max available bandwidth: 33400 Kbps
Average throughput: 16935.6 Kbps
Throughput to bandwidth ratio: 0.507053
Packet loss percentage: 5.248%
Average delay: 8193.1 ms
Average jitter: 4800.61 ms
G_L: 0.9967

Nodes disconnected: 173 293 
Number of disconnected nodes: 2
Max available bandwidth: 33400 Kbps
Average throughput: 16992.3 Kbps
Throughput to bandwidth ratio: 0.508753
Packet loss percentage: 5.18624%
Average delay: 8037.22 ms
Average jitter: 4506.6 ms
G_L: 0.9933

Nodes disconnected: 173 293 291 
Number of disconnected nodes: 3
Max available bandwidth: 33400 Kbps
Average throughput: 16863.2 Kbps
Throughput to bandwidth ratio: 0.504887
Packet loss percentage: 5.1837%
Average delay: 8182.18 ms
Average jitter: 4683.33 ms
G_L: 0.99

Nodes disconnected: 173 293 291 0 1 3 4 5 6 8 9 10 12 13 16 17 20 21 23 24 26 28 29 30 32 33 34 35 38 39 40 41 44 46 48 49 50 52 53 54 58 60 62 65 66 68 69 72 74 75 76 77 79 83 86 88 90 91 92 93 95 96 97 98 99 100 102 103 104 108 110 111 112 114 115 117 118 119 122 123 124 125 126 128 130 132 135 136 137 141 144 146 147 148 150 155 156 157 159 160 163 165 168 169 170 171 172 174 175 179 181 182 185 186 187 190 191 192 193 195 196 197 198 200 201 203 204 206 207 208 212 213 214 215 219 220 224 227 229 231 232 233 234 236 238 239 240 241 245 249 253 254 257 258 259 261 262 263 264 265 267 272 273 275 278 281 283 286 288 290 292 294 296 297 299 
Number of disconnected nodes: 175
Max available bandwidth: 13700 Kbps
Average throughput: 6179.11 Kbps
Throughput to bandwidth ratio: 0.45103
Packet loss percentage: 34.6608%
Average delay: 6680.16 ms
Average jitter: 2168.4 ms
G_L: 0.4167

Nodes disconnected: 173 293 291 0 1 3 4 5 6 8 9 10 12 13 16 17 20 21 23 24 26 28 29 30 32 33 34 35 38 39 40 41 44 46 48 49 50 52 53 54 58 60 62 65 66 68 69 72 74 75 76 77 79 83 86 88 90 91 92 93 95 96 97 98 99 100 102 103 104 108 110 111 112 114 115 117 118 119 122 123 124 125 126 128 130 132 135 136 137 141 144 146 147 148 150 155 156 157 159 160 163 165 168 169 170 171 172 174 175 179 181 182 185 186 187 190 191 192 193 195 196 197 198 200 201 203 204 206 207 208 212 213 214 215 219 220 224 227 229 231 232 233 234 236 238 239 240 241 245 249 253 254 257 258 259 261 262 263 264 265 267 272 273 275 278 281 283 286 288 290 292 294 296 297 299 242 
Number of disconnected nodes: 176
Max available bandwidth: 13600 Kbps
Average throughput: 5936.93 Kbps
Throughput to bandwidth ratio: 0.436539
Packet loss percentage: 34.6677%
Average delay: 7266.81 ms
Average jitter: 3077.5 ms
G_L: 0.4133

Nodes disconnected: 173 293 291 0 1 3 4 5 6 8 9 10 12 13 16 17 20 21 23 24 26 28 29 30 32 33 34 35 38 39 40 41 44 46 48 49 50 52 53 54 58 60 62 65 66 68 69 72 74 75 76 77 79 83 86 88 90 91 92 93 95 96 97 98 99 100 102 103 104 108 110 111 112 114 115 117 118 119 122 123 124 125 126 128 130 132 135 136 137 141 144 146 147 148 150 155 156 157 159 160 163 165 168 169 170 171 172 174 175 179 181 182 185 186 187 190 191 192 193 195 196 197 198 200 201 203 204 206 207 208 212 213 214 215 219 220 224 227 229 231 232 233 234 236 238 239 240 241 245 249 253 254 257 258 259 261 262 263 264 265 267 272 273 275 278 281 283 286 288 290 292 294 296 297 299 242 81 18 27 
Number of disconnected nodes: 179
Max available bandwidth: 13200 Kbps
Average throughput: 5951.8 Kbps
Throughput to bandwidth ratio: 0.450894
Packet loss percentage: 38.0098%
Average delay: 7853.51 ms
Average jitter: 1805.51 ms
G_L: 0.4033

Nodes disconnected: 173 293 291 0 1 3 4 5 6 8 9 10 12 13 16 17 20 21 23 24 26 28 29 30 32 33 34 35 38 39 40 41 44 46 48 49 50 52 53 54 58 60 62 65 66 68 69 72 74 75 76 77 79 83 86 88 90 91 92 93 95 96 97 98 99 100 102 103 104 108 110 111 112 114 115 117 118 119 122 123 124 125 126 128 130 132 135 136 137 141 144 146 147 148 150 155 156 157 159 160 163 165 168 169 170 171 172 174 175 179 181 182 185 186 187 190 191 192 193 195 196 197 198 200 201 203 204 206 207 208 212 213 214 215 219 220 224 227 229 231 232 233 234 236 238 239 240 241 245 249 253 254 257 258 259 261 262 263 264 265 267 272 273 275 278 281 283 286 288 290 292 294 296 297 299 242 81 18 27 248 202 
Number of disconnected nodes: 181
Max available bandwidth: 13000 Kbps
Average throughput: 5937.79 Kbps
Throughput to bandwidth ratio: 0.456753
Packet loss percentage: 34.8487%
Average delay: 6824.57 ms
Average jitter: 1971.28 ms
G_L: 0.3967

Nodes disconnected: 173 293 291 0 1 3 4 5 6 8 9 10 12 13 16 17 20 21 23 24 26 28 29 30 32 33 34 35 38 39 40 41 44 46 48 49 50 52 53 54 58 60 62 65 66 68 69 72 74 75 76 77 79 83 86 88 90 91 92 93 95 96 97 98 99 100 102 103 104 108 110 111 112 114 115 117 118 119 122 123 124 125 126 128 130 132 135 136 137 141 144 146 147 148 150 155 156 157 159 160 163 165 168 169 170 171 172 174 175 179 181 182 185 186 187 190 191 192 193 195 196 197 198 200 201 203 204 206 207 208 212 213 214 215 219 220 224 227 229 231 232 233 234 236 238 239 240 241 245 249 253 254 257 258 259 261 262 263 264 265 267 272 273 275 278 281 283 286 288 290 292 294 296 297 299 242 81 18 27 248 202 211 
Number of disconnected nodes: 182
Max available bandwidth: 13000 Kbps
Average throughput: 5875.42 Kbps
Throughput to bandwidth ratio: 0.451955
Packet loss percentage: 36.877%
Average delay: 5701.36 ms
Average jitter: 1730.49 ms
G_L: 0.3933

Nodes disconnected: 173 293 291 0 1 3 4 5 6 8 9 10 12 13 16 17 20 21 23 24 26 28 29 30 32 33 34 35 38 39 40 41 44 46 48 49 50 52 53 54 58 60 62 65 66 68 69 72 74 75 76 77 79 83 86 88 90 91 92 93 95 96 97 98 99 100 102 103 104 108 110 111 112 114 115 117 118 119 122 123 124 125 126 128 130 132 135 136 137 141 144 146 147 148 150 155 156 157 159 160 163 165 168 169 170 171 172 174 175 179 181 182 185 186 187 190 191 192 193 195 196 197 198 200 201 203 204 206 207 208 212 213 214 215 219 220 224 227 229 231 232 233 234 236 238 239 240 241 245 249 253 254 257 258 259 261 262 263 264 265 267 272 273 275 278 281 283 286 288 290 292 294 296 297 299 242 81 18 27 248 202 211 56 129 287 
Number of disconnected nodes: 185
Max available bandwidth: 12800 Kbps
Average throughput: 5816.9 Kbps
Throughput to bandwidth ratio: 0.454446
Packet loss percentage: 34.8588%
Average delay: 6419.7 ms
Average jitter: 2050.76 ms
G_L: 0.3833

Nodes disconnected: 173 293 291 0 1 3 4 5 6 8 9 10 12 13 16 17 20 21 23 24 26 28 29 30 32 33 34 35 38 39 40 41 44 46 48 49 50 52 53 54 58 60 62 65 66 68 69 72 74 75 76 77 79 83 86 88 90 91 92 93 95 96 97 98 99 100 102 103 104 108 110 111 112 114 115 117 118 119 122 123 124 125 126 128 130 132 135 136 137 141 144 146 147 148 150 155 156 157 159 160 163 165 168 169 170 171 172 174 175 179 181 182 185 186 187 190 191 192 193 195 196 197 198 200 201 203 204 206 207 208 212 213 214 215 219 220 224 227 229 231 232 233 234 236 238 239 240 241 245 249 253 254 257 258 259 261 262 263 264 265 267 272 273 275 278 281 283 286 288 290 292 294 296 297 299 242 81 18 27 248 202 211 56 129 287 116 268 
Number of disconnected nodes: 187
Max available bandwidth: 12800 Kbps
Average throughput: 5722.54 Kbps
Throughput to bandwidth ratio: 0.447074
Packet loss percentage: 37.5455%
Average delay: 6131.42 ms
Average jitter: 1527.19 ms
G_L: 0.3767

Nodes disconnected: 173 293 291 0 1 3 4 5 6 8 9 10 12 13 16 17 20 21 23 24 26 28 29 30 32 33 34 35 38 39 40 41 44 46 48 49 50 52 53 54 58 60 62 65 66 68 69 72 74 75 76 77 79 83 86 88 90 91 92 93 95 96 97 98 99 100 102 103 104 108 110 111 112 114 115 117 118 119 122 123 124 125 126 128 130 132 135 136 137 141 144 146 147 148 150 155 156 157 159 160 163 165 168 169 170 171 172 174 175 179 181 182 185 186 187 190 191 192 193 195 196 197 198 200 201 203 204 206 207 208 212 213 214 215 219 220 224 227 229 231 232 233 234 236 238 239 240 241 245 249 253 254 257 258 259 261 262 263 264 265 267 272 273 275 278 281 283 286 288 290 292 294 296 297 299 242 81 18 27 248 202 211 56 129 287 116 268 101 139 269 78 85 22 280 
Number of disconnected nodes: 194
Max available bandwidth: 12100 Kbps
Average throughput: 5484.68 Kbps
Throughput to bandwidth ratio: 0.453279
Packet loss percentage: 34.9109%
Average delay: 6746.34 ms
Average jitter: 1819.8 ms
G_L: 0.3533

Nodes disconnected: 173 293 291 0 1 3 4 5 6 8 9 10 12 13 16 17 20 21 23 24 26 28 29 30 32 33 34 35 38 39 40 41 44 46 48 49 50 52 53 54 58 60 62 65 66 68 69 72 74 75 76 77 79 83 86 88 90 91 92 93 95 96 97 98 99 100 102 103 104 108 110 111 112 114 115 117 118 119 122 123 124 125 126 128 130 132 135 136 137 141 144 146 147 148 150 155 156 157 159 160 163 165 168 169 170 171 172 174 175 179 181 182 185 186 187 190 191 192 193 195 196 197 198 200 201 203 204 206 207 208 212 213 214 215 219 220 224 227 229 231 232 233 234 236 238 239 240 241 245 249 253 254 257 258 259 261 262 263 264 265 267 272 273 275 278 281 283 286 288 290 292 294 296 297 299 242 81 18 27 248 202 211 56 129 287 116 268 101 139 269 78 85 22 280 256 
Number of disconnected nodes: 195
Max available bandwidth: 12100 Kbps
Average throughput: 5470.84 Kbps
Throughput to bandwidth ratio: 0.452136
Packet loss percentage: 36.0747%
Average delay: 6717.59 ms
Average jitter: 1728.08 ms
G_L: 0.35

Nodes disconnected: 173 293 291 0 1 3 4 5 6 8 9 10 12 13 16 17 20 21 23 24 26 28 29 30 32 33 34 35 38 39 40 41 44 46 48 49 50 52 53 54 58 60 62 65 66 68 69 72 74 75 76 77 79 83 86 88 90 91 92 93 95 96 97 98 99 100 102 103 104 108 110 111 112 114 115 117 118 119 122 123 124 125 126 128 130 132 135 136 137 141 144 146 147 148 150 155 156 157 159 160 163 165 168 169 170 171 172 174 175 179 181 182 185 186 187 190 191 192 193 195 196 197 198 200 201 203 204 206 207 208 212 213 214 215 219 220 224 227 229 231 232 233 234 236 238 239 240 241 245 249 253 254 257 258 259 261 262 263 264 265 267 272 273 275 278 281 283 286 288 290 292 294 296 297 299 242 81 18 27 248 202 211 56 129 287 116 268 101 139 269 78 85 22 280 256 178 154 
Number of disconnected nodes: 197
Max available bandwidth: 12000 Kbps
Average throughput: 5407.73 Kbps
Throughput to bandwidth ratio: 0.450644
Packet loss percentage: 35.8269%
Average delay: 7489.46 ms
Average jitter: 2110.6 ms
G_L: 0.3433

Nodes disconnected: 173 293 291 0 1 3 4 5 6 8 9 10 12 13 16 17 20 21 23 24 26 28 29 30 32 33 34 35 38 39 40 41 44 46 48 49 50 52 53 54 58 60 62 65 66 68 69 72 74 75 76 77 79 83 86 88 90 91 92 93 95 96 97 98 99 100 102 103 104 108 110 111 112 114 115 117 118 119 122 123 124 125 126 128 130 132 135 136 137 141 144 146 147 148 150 155 156 157 159 160 163 165 168 169 170 171 172 174 175 179 181 182 185 186 187 190 191 192 193 195 196 197 198 200 201 203 204 206 207 208 212 213 214 215 219 220 224 227 229 231 232 233 234 236 238 239 240 241 245 249 253 254 257 258 259 261 262 263 264 265 267 272 273 275 278 281 283 286 288 290 292 294 296 297 299 242 81 18 27 248 202 211 56 129 287 116 268 101 139 269 78 85 22 280 256 178 154 64 37 134 184 221 
Number of disconnected nodes: 202
Max available bandwidth: 11500 Kbps
Average throughput: 4917.44 Kbps
Throughput to bandwidth ratio: 0.427604
Packet loss percentage: 36.9093%
Average delay: 7238.67 ms
Average jitter: 2160.4 ms
G_L: 0.3267

Nodes disconnected: 173 293 291 0 1 3 4 5 6 8 9 10 12 13 16 17 20 21 23 24 26 28 29 30 32 33 34 35 38 39 40 41 44 46 48 49 50 52 53 54 58 60 62 65 66 68 69 72 74 75 76 77 79 83 86 88 90 91 92 93 95 96 97 98 99 100 102 103 104 108 110 111 112 114 115 117 118 119 122 123 124 125 126 128 130 132 135 136 137 141 144 146 147 148 150 155 156 157 159 160 163 165 168 169 170 171 172 174 175 179 181 182 185 186 187 190 191 192 193 195 196 197 198 200 201 203 204 206 207 208 212 213 214 215 219 220 224 227 229 231 232 233 234 236 238 239 240 241 245 249 253 254 257 258 259 261 262 263 264 265 267 272 273 275 278 281 283 286 288 290 292 294 296 297 299 242 81 18 27 248 202 211 56 129 287 116 268 101 139 269 78 85 22 280 256 178 154 64 37 134 184 221 80 7 
Number of disconnected nodes: 204
Max available bandwidth: 11300 Kbps
Average throughput: 4929.25 Kbps
Throughput to bandwidth ratio: 0.436217
Packet loss percentage: 33.2025%
Average delay: 7673.23 ms
Average jitter: 2690.55 ms
G_L: 0.32

Nodes disconnected: 173 293 291 0 1 3 4 5 6 8 9 10 12 13 16 17 20 21 23 24 26 28 29 30 32 33 34 35 38 39 40 41 44 46 48 49 50 52 53 54 58 60 62 65 66 68 69 72 74 75 76 77 79 83 86 88 90 91 92 93 95 96 97 98 99 100 102 103 104 108 110 111 112 114 115 117 118 119 122 123 124 125 126 128 130 132 135 136 137 141 144 146 147 148 150 155 156 157 159 160 163 165 168 169 170 171 172 174 175 179 181 182 185 186 187 190 191 192 193 195 196 197 198 200 201 203 204 206 207 208 212 213 214 215 219 220 224 227 229 231 232 233 234 236 238 239 240 241 245 249 253 254 257 258 259 261 262 263 264 265 267 272 273 275 278 281 283 286 288 290 292 294 296 297 299 242 81 18 27 248 202 211 56 129 287 116 268 101 139 269 78 85 22 280 256 178 154 64 37 134 184 221 80 7 89 25 15 
Number of disconnected nodes: 207
Max available bandwidth: 10800 Kbps
Average throughput: 4635.83 Kbps
Throughput to bandwidth ratio: 0.429244
Packet loss percentage: 39.7731%
Average delay: 6430.67 ms
Average jitter: 1880.25 ms
G_L: 0.31

Nodes disconnected: 173 293 291 0 1 3 4 5 6 8 9 10 12 13 16 17 20 21 23 24 26 28 29 30 32 33 34 35 38 39 40 41 44 46 48 49 50 52 53 54 58 60 62 65 66 68 69 72 74 75 76 77 79 83 86 88 90 91 92 93 95 96 97 98 99 100 102 103 104 108 110 111 112 114 115 117 118 119 122 123 124 125 126 128 130 132 135 136 137 141 144 146 147 148 150 155 156 157 159 160 163 165 168 169 170 171 172 174 175 179 181 182 185 186 187 190 191 192 193 195 196 197 198 200 201 203 204 206 207 208 212 213 214 215 219 220 224 227 229 231 232 233 234 236 238 239 240 241 245 249 253 254 257 258 259 261 262 263 264 265 267 272 273 275 278 281 283 286 288 290 292 294 296 297 299 242 81 18 27 248 202 211 56 129 287 116 268 101 139 269 78 85 22 280 256 178 154 64 37 134 184 221 80 7 89 25 15 246 
Number of disconnected nodes: 208
Max available bandwidth: 10800 Kbps
Average throughput: 4597.34 Kbps
Throughput to bandwidth ratio: 0.42568
Packet loss percentage: 39.7738%
Average delay: 6099.16 ms
Average jitter: 1738.47 ms
G_L: 0.3067

Nodes disconnected: 173 293 291 0 1 3 4 5 6 8 9 10 12 13 16 17 20 21 23 24 26 28 29 30 32 33 34 35 38 39 40 41 44 46 48 49 50 52 53 54 58 60 62 65 66 68 69 72 74 75 76 77 79 83 86 88 90 91 92 93 95 96 97 98 99 100 102 103 104 108 110 111 112 114 115 117 118 119 122 123 124 125 126 128 130 132 135 136 137 141 144 146 147 148 150 155 156 157 159 160 163 165 168 169 170 171 172 174 175 179 181 182 185 186 187 190 191 192 193 195 196 197 198 200 201 203 204 206 207 208 212 213 214 215 219 220 224 227 229 231 232 233 234 236 238 239 240 241 245 249 253 254 257 258 259 261 262 263 264 265 267 272 273 275 278 281 283 286 288 290 292 294 296 297 299 242 81 18 27 248 202 211 56 129 287 116 268 101 139 269 78 85 22 280 256 178 154 64 37 134 184 221 80 7 89 25 15 246 177 
Number of disconnected nodes: 209
Max available bandwidth: 10800 Kbps
Average throughput: 4509.58 Kbps
Throughput to bandwidth ratio: 0.417554
Packet loss percentage: 43.107%
Average delay: 5881.15 ms
Average jitter: 1355.26 ms
G_L: 0.3033

Nodes disconnected: 173 293 291 0 1 3 4 5 6 8 9 10 12 13 16 17 20 21 23 24 26 28 29 30 32 33 34 35 38 39 40 41 44 46 48 49 50 52 53 54 58 60 62 65 66 68 69 72 74 75 76 77 79 83 86 88 90 91 92 93 95 96 97 98 99 100 102 103 104 108 110 111 112 114 115 117 118 119 122 123 124 125 126 128 130 132 135 136 137 141 144 146 147 148 150 155 156 157 159 160 163 165 168 169 170 171 172 174 175 179 181 182 185 186 187 190 191 192 193 195 196 197 198 200 201 203 204 206 207 208 212 213 214 215 219 220 224 227 229 231 232 233 234 236 238 239 240 241 245 249 253 254 257 258 259 261 262 263 264 265 267 272 273 275 278 281 283 286 288 290 292 294 296 297 299 242 81 18 27 248 202 211 56 129 287 116 268 101 139 269 78 85 22 280 256 178 154 64 37 134 184 221 80 7 89 25 15 246 177 209 
Number of disconnected nodes: 210
Max available bandwidth: 10800 Kbps
Average throughput: 4479.34 Kbps
Throughput to bandwidth ratio: 0.414754
Packet loss percentage: 40.4076%
Average delay: 5097.93 ms
Average jitter: 1577.6 ms
G_L: 0.3

Nodes disconnected: 173 293 291 0 1 3 4 5 6 8 9 10 12 13 16 17 20 21 23 24 26 28 29 30 32 33 34 35 38 39 40 41 44 46 48 49 50 52 53 54 58 60 62 65 66 68 69 72 74 75 76 77 79 83 86 88 90 91 92 93 95 96 97 98 99 100 102 103 104 108 110 111 112 114 115 117 118 119 122 123 124 125 126 128 130 132 135 136 137 141 144 146 147 148 150 155 156 157 159 160 163 165 168 169 170 171 172 174 175 179 181 182 185 186 187 190 191 192 193 195 196 197 198 200 201 203 204 206 207 208 212 213 214 215 219 220 224 227 229 231 232 233 234 236 238 239 240 241 245 249 253 254 257 258 259 261 262 263 264 265 267 272 273 275 278 281 283 286 288 290 292 294 296 297 299 242 81 18 27 248 202 211 56 129 287 116 268 101 139 269 78 85 22 280 256 178 154 64 37 134 184 221 80 7 89 25 15 246 177 209 2 42 277 
Number of disconnected nodes: 213
Max available bandwidth: 10600 Kbps
Average throughput: 4368.09 Kbps
Throughput to bandwidth ratio: 0.412084
Packet loss percentage: 43.6536%
Average delay: 5298.07 ms
Average jitter: 1453.33 ms
G_L: 0.29

Nodes disconnected: 173 293 291 0 1 3 4 5 6 8 9 10 12 13 16 17 20 21 23 24 26 28 29 30 32 33 34 35 38 39 40 41 44 46 48 49 50 52 53 54 58 60 62 65 66 68 69 72 74 75 76 77 79 83 86 88 90 91 92 93 95 96 97 98 99 100 102 103 104 108 110 111 112 114 115 117 118 119 122 123 124 125 126 128 130 132 135 136 137 141 144 146 147 148 150 155 156 157 159 160 163 165 168 169 170 171 172 174 175 179 181 182 185 186 187 190 191 192 193 195 196 197 198 200 201 203 204 206 207 208 212 213 214 215 219 220 224 227 229 231 232 233 234 236 238 239 240 241 245 249 253 254 257 258 259 261 262 263 264 265 267 272 273 275 278 281 283 286 288 290 292 294 296 297 299 242 81 18 27 248 202 211 56 129 287 116 268 101 139 269 78 85 22 280 256 178 154 64 37 134 184 221 80 7 89 25 15 246 177 209 2 42 277 120 
Number of disconnected nodes: 214
Max available bandwidth: 10500 Kbps
Average throughput: 4283.76 Kbps
Throughput to bandwidth ratio: 0.407977
Packet loss percentage: 40.947%
Average delay: 6104.52 ms
Average jitter: 1702.92 ms
G_L: 0.2867

Nodes disconnected: 173 293 291 0 1 3 4 5 6 8 9 10 12 13 16 17 20 21 23 24 26 28 29 30 32 33 34 35 38 39 40 41 44 46 48 49 50 52 53 54 58 60 62 65 66 68 69 72 74 75 76 77 79 83 86 88 90 91 92 93 95 96 97 98 99 100 102 103 104 108 110 111 112 114 115 117 118 119 122 123 124 125 126 128 130 132 135 136 137 141 144 146 147 148 150 155 156 157 159 160 163 165 168 169 170 171 172 174 175 179 181 182 185 186 187 190 191 192 193 195 196 197 198 200 201 203 204 206 207 208 212 213 214 215 219 220 224 227 229 231 232 233 234 236 238 239 240 241 245 249 253 254 257 258 259 261 262 263 264 265 267 272 273 275 278 281 283 286 288 290 292 294 296 297 299 242 81 18 27 248 202 211 56 129 287 116 268 101 139 269 78 85 22 280 256 178 154 64 37 134 184 221 80 7 89 25 15 246 177 209 2 42 277 120 225 250 149 151 
Number of disconnected nodes: 218
Max available bandwidth: 10100 Kbps
Average throughput: 4079.46 Kbps
Throughput to bandwidth ratio: 0.403907
Packet loss percentage: 42.8134%
Average delay: 6595.43 ms
Average jitter: 1552.57 ms
G_L: 0.2733

Nodes disconnected: 173 293 291 0 1 3 4 5 6 8 9 10 12 13 16 17 20 21 23 24 26 28 29 30 32 33 34 35 38 39 40 41 44 46 48 49 50 52 53 54 58 60 62 65 66 68 69 72 74 75 76 77 79 83 86 88 90 91 92 93 95 96 97 98 99 100 102 103 104 108 110 111 112 114 115 117 118 119 122 123 124 125 126 128 130 132 135 136 137 141 144 146 147 148 150 155 156 157 159 160 163 165 168 169 170 171 172 174 175 179 181 182 185 186 187 190 191 192 193 195 196 197 198 200 201 203 204 206 207 208 212 213 214 215 219 220 224 227 229 231 232 233 234 236 238 239 240 241 245 249 253 254 257 258 259 261 262 263 264 265 267 272 273 275 278 281 283 286 288 290 292 294 296 297 299 242 81 18 27 248 202 211 56 129 287 116 268 101 139 269 78 85 22 280 256 178 154 64 37 134 184 221 80 7 89 25 15 246 177 209 2 42 277 120 225 250 149 151 47 
Number of disconnected nodes: 219
Max available bandwidth: 10000 Kbps
Average throughput: 4100.76 Kbps
Throughput to bandwidth ratio: 0.410076
Packet loss percentage: 41.9096%
Average delay: 6897.1 ms
Average jitter: 1803.86 ms
G_L: 0.27

Nodes disconnected: 173 293 291 0 1 3 4 5 6 8 9 10 12 13 16 17 20 21 23 24 26 28 29 30 32 33 34 35 38 39 40 41 44 46 48 49 50 52 53 54 58 60 62 65 66 68 69 72 74 75 76 77 79 83 86 88 90 91 92 93 95 96 97 98 99 100 102 103 104 108 110 111 112 114 115 117 118 119 122 123 124 125 126 128 130 132 135 136 137 141 144 146 147 148 150 155 156 157 159 160 163 165 168 169 170 171 172 174 175 179 181 182 185 186 187 190 191 192 193 195 196 197 198 200 201 203 204 206 207 208 212 213 214 215 219 220 224 227 229 231 232 233 234 236 238 239 240 241 245 249 253 254 257 258 259 261 262 263 264 265 267 272 273 275 278 281 283 286 288 290 292 294 296 297 299 242 81 18 27 248 202 211 56 129 287 116 268 101 139 269 78 85 22 280 256 178 154 64 37 134 184 221 80 7 89 25 15 246 177 209 2 42 277 120 225 250 149 151 47 289 
Number of disconnected nodes: 220
Max available bandwidth: 10000 Kbps
Average throughput: 3933.32 Kbps
Throughput to bandwidth ratio: 0.393332
Packet loss percentage: 43.2383%
Average delay: 5289.42 ms
Average jitter: 1536.99 ms
G_L: 0.2667

Nodes disconnected: 173 293 291 0 1 3 4 5 6 8 9 10 12 13 16 17 20 21 23 24 26 28 29 30 32 33 34 35 38 39 40 41 44 46 48 49 50 52 53 54 58 60 62 65 66 68 69 72 74 75 76 77 79 83 86 88 90 91 92 93 95 96 97 98 99 100 102 103 104 108 110 111 112 114 115 117 118 119 122 123 124 125 126 128 130 132 135 136 137 141 144 146 147 148 150 155 156 157 159 160 163 165 168 169 170 171 172 174 175 179 181 182 185 186 187 190 191 192 193 195 196 197 198 200 201 203 204 206 207 208 212 213 214 215 219 220 224 227 229 231 232 233 234 236 238 239 240 241 245 249 253 254 257 258 259 261 262 263 264 265 267 272 273 275 278 281 283 286 288 290 292 294 296 297 299 242 81 18 27 248 202 211 56 129 287 116 268 101 139 269 78 85 22 280 256 178 154 64 37 134 184 221 80 7 89 25 15 246 177 209 2 42 277 120 225 250 149 151 47 289 138 298 
Number of disconnected nodes: 222
Max available bandwidth: 9900 Kbps
Average throughput: 3850.62 Kbps
Throughput to bandwidth ratio: 0.388952
Packet loss percentage: 42.1689%
Average delay: 4820.92 ms
Average jitter: 1488.04 ms
G_L: 0.26

Nodes disconnected: 173 293 291 0 1 3 4 5 6 8 9 10 12 13 16 17 20 21 23 24 26 28 29 30 32 33 34 35 38 39 40 41 44 46 48 49 50 52 53 54 58 60 62 65 66 68 69 72 74 75 76 77 79 83 86 88 90 91 92 93 95 96 97 98 99 100 102 103 104 108 110 111 112 114 115 117 118 119 122 123 124 125 126 128 130 132 135 136 137 141 144 146 147 148 150 155 156 157 159 160 163 165 168 169 170 171 172 174 175 179 181 182 185 186 187 190 191 192 193 195 196 197 198 200 201 203 204 206 207 208 212 213 214 215 219 220 224 227 229 231 232 233 234 236 238 239 240 241 245 249 253 254 257 258 259 261 262 263 264 265 267 272 273 275 278 281 283 286 288 290 292 294 296 297 299 242 81 18 27 248 202 211 56 129 287 116 268 101 139 269 78 85 22 280 256 178 154 64 37 134 184 221 80 7 89 25 15 246 177 209 2 42 277 120 225 250 149 151 47 289 138 298 247 
Number of disconnected nodes: 223
Max available bandwidth: 9900 Kbps
Average throughput: 3961.69 Kbps
Throughput to bandwidth ratio: 0.400171
Packet loss percentage: 41.7786%
Average delay: 5830.01 ms
Average jitter: 1503.64 ms
G_L: 0.2567

Nodes disconnected: 173 293 291 0 1 3 4 5 6 8 9 10 12 13 16 17 20 21 23 24 26 28 29 30 32 33 34 35 38 39 40 41 44 46 48 49 50 52 53 54 58 60 62 65 66 68 69 72 74 75 76 77 79 83 86 88 90 91 92 93 95 96 97 98 99 100 102 103 104 108 110 111 112 114 115 117 118 119 122 123 124 125 126 128 130 132 135 136 137 141 144 146 147 148 150 155 156 157 159 160 163 165 168 169 170 171 172 174 175 179 181 182 185 186 187 190 191 192 193 195 196 197 198 200 201 203 204 206 207 208 212 213 214 215 219 220 224 227 229 231 232 233 234 236 238 239 240 241 245 249 253 254 257 258 259 261 262 263 264 265 267 272 273 275 278 281 283 286 288 290 292 294 296 297 299 242 81 18 27 248 202 211 56 129 287 116 268 101 139 269 78 85 22 280 256 178 154 64 37 134 184 221 80 7 89 25 15 246 177 209 2 42 277 120 225 250 149 151 47 289 138 298 247 210 109 166 
Number of disconnected nodes: 226
Max available bandwidth: 9400 Kbps
Average throughput: 3677.75 Kbps
Throughput to bandwidth ratio: 0.39125
Packet loss percentage: 43.0917%
Average delay: 5887.96 ms
Average jitter: 1509.76 ms
G_L: 0.2467

Nodes disconnected: 173 293 291 0 1 3 4 5 6 8 9 10 12 13 16 17 20 21 23 24 26 28 29 30 32 33 34 35 38 39 40 41 44 46 48 49 50 52 53 54 58 60 62 65 66 68 69 72 74 75 76 77 79 83 86 88 90 91 92 93 95 96 97 98 99 100 102 103 104 108 110 111 112 114 115 117 118 119 122 123 124 125 126 128 130 132 135 136 137 141 144 146 147 148 150 155 156 157 159 160 163 165 168 169 170 171 172 174 175 179 181 182 185 186 187 190 191 192 193 195 196 197 198 200 201 203 204 206 207 208 212 213 214 215 219 220 224 227 229 231 232 233 234 236 238 239 240 241 245 249 253 254 257 258 259 261 262 263 264 265 267 272 273 275 278 281 283 286 288 290 292 294 296 297 299 242 81 18 27 248 202 211 56 129 287 116 268 101 139 269 78 85 22 280 256 178 154 64 37 134 184 221 80 7 89 25 15 246 177 209 2 42 277 120 225 250 149 151 47 289 138 298 247 210 109 166 194 67 131 133 70 71 230 260 45 271 113 183 284 
Number of disconnected nodes: 239
Max available bandwidth: 8200 Kbps
Average throughput: 2909.72 Kbps
Throughput to bandwidth ratio: 0.354844
Packet loss percentage: 51.0141%
Average delay: 4364.44 ms
Average jitter: 1298.59 ms
G_L: 0.2033

Nodes disconnected: 173 293 291 0 1 3 4 5 6 8 9 10 12 13 16 17 20 21 23 24 26 28 29 30 32 33 34 35 38 39 40 41 44 46 48 49 50 52 53 54 58 60 62 65 66 68 69 72 74 75 76 77 79 83 86 88 90 91 92 93 95 96 97 98 99 100 102 103 104 108 110 111 112 114 115 117 118 119 122 123 124 125 126 128 130 132 135 136 137 141 144 146 147 148 150 155 156 157 159 160 163 165 168 169 170 171 172 174 175 179 181 182 185 186 187 190 191 192 193 195 196 197 198 200 201 203 204 206 207 208 212 213 214 215 219 220 224 227 229 231 232 233 234 236 238 239 240 241 245 249 253 254 257 258 259 261 262 263 264 265 267 272 273 275 278 281 283 286 288 290 292 294 296 297 299 242 81 18 27 248 202 211 56 129 287 116 268 101 139 269 78 85 22 280 256 178 154 64 37 134 184 221 80 7 89 25 15 246 177 209 2 42 277 120 225 250 149 151 47 289 138 298 247 210 109 166 194 67 131 133 70 71 230 260 45 271 113 183 284 106 276 153 285 94 255 
Number of disconnected nodes: 245
Max available bandwidth: 7400 Kbps
Average throughput: 2611.37 Kbps
Throughput to bandwidth ratio: 0.352888
Packet loss percentage: 51.0287%
Average delay: 4937.85 ms
Average jitter: 1346.02 ms
G_L: 0.1833

Nodes disconnected: 173 293 291 0 1 3 4 5 6 8 9 10 12 13 16 17 20 21 23 24 26 28 29 30 32 33 34 35 38 39 40 41 44 46 48 49 50 52 53 54 58 60 62 65 66 68 69 72 74 75 76 77 79 83 86 88 90 91 92 93 95 96 97 98 99 100 102 103 104 108 110 111 112 114 115 117 118 119 122 123 124 125 126 128 130 132 135 136 137 141 144 146 147 148 150 155 156 157 159 160 163 165 168 169 170 171 172 174 175 179 181 182 185 186 187 190 191 192 193 195 196 197 198 200 201 203 204 206 207 208 212 213 214 215 219 220 224 227 229 231 232 233 234 236 238 239 240 241 245 249 253 254 257 258 259 261 262 263 264 265 267 272 273 275 278 281 283 286 288 290 292 294 296 297 299 242 81 18 27 248 202 211 56 129 287 116 268 101 139 269 78 85 22 280 256 178 154 64 37 134 184 221 80 7 89 25 15 246 177 209 2 42 277 120 225 250 149 151 47 289 138 298 247 210 109 166 194 67 131 133 70 71 230 260 45 271 113 183 284 106 276 153 285 94 255 223 
Number of disconnected nodes: 246
Max available bandwidth: 7300 Kbps
Average throughput: 2530.62 Kbps
Throughput to bandwidth ratio: 0.34666
Packet loss percentage: 51.1041%
Average delay: 4743.85 ms
Average jitter: 1185.2 ms
G_L: 0.18

Nodes disconnected: 173 293 291 0 1 3 4 5 6 8 9 10 12 13 16 17 20 21 23 24 26 28 29 30 32 33 34 35 38 39 40 41 44 46 48 49 50 52 53 54 58 60 62 65 66 68 69 72 74 75 76 77 79 83 86 88 90 91 92 93 95 96 97 98 99 100 102 103 104 108 110 111 112 114 115 117 118 119 122 123 124 125 126 128 130 132 135 136 137 141 144 146 147 148 150 155 156 157 159 160 163 165 168 169 170 171 172 174 175 179 181 182 185 186 187 190 191 192 193 195 196 197 198 200 201 203 204 206 207 208 212 213 214 215 219 220 224 227 229 231 232 233 234 236 238 239 240 241 245 249 253 254 257 258 259 261 262 263 264 265 267 272 273 275 278 281 283 286 288 290 292 294 296 297 299 242 81 18 27 248 202 211 56 129 287 116 268 101 139 269 78 85 22 280 256 178 154 64 37 134 184 221 80 7 89 25 15 246 177 209 2 42 277 120 225 250 149 151 47 289 138 298 247 210 109 166 194 67 131 133 70 71 230 260 45 271 113 183 284 106 276 153 285 94 255 223 82 61 
Number of disconnected nodes: 248
Max available bandwidth: 7100 Kbps
Average throughput: 2504.68 Kbps
Throughput to bandwidth ratio: 0.352771
Packet loss percentage: 50.9411%
Average delay: 4278.52 ms
Average jitter: 999.629 ms
G_L: 0.1733

Nodes disconnected: 173 293 291 0 1 3 4 5 6 8 9 10 12 13 16 17 20 21 23 24 26 28 29 30 32 33 34 35 38 39 40 41 44 46 48 49 50 52 53 54 58 60 62 65 66 68 69 72 74 75 76 77 79 83 86 88 90 91 92 93 95 96 97 98 99 100 102 103 104 108 110 111 112 114 115 117 118 119 122 123 124 125 126 128 130 132 135 136 137 141 144 146 147 148 150 155 156 157 159 160 163 165 168 169 170 171 172 174 175 179 181 182 185 186 187 190 191 192 193 195 196 197 198 200 201 203 204 206 207 208 212 213 214 215 219 220 224 227 229 231 232 233 234 236 238 239 240 241 245 249 253 254 257 258 259 261 262 263 264 265 267 272 273 275 278 281 283 286 288 290 292 294 296 297 299 242 81 18 27 248 202 211 56 129 287 116 268 101 139 269 78 85 22 280 256 178 154 64 37 134 184 221 80 7 89 25 15 246 177 209 2 42 277 120 225 250 149 151 47 289 138 298 247 210 109 166 194 67 131 133 70 71 230 260 45 271 113 183 284 106 276 153 285 94 255 223 82 61 266 279 121 218 31 
Number of disconnected nodes: 253
Max available bandwidth: 6400 Kbps
Average throughput: 2259.57 Kbps
Throughput to bandwidth ratio: 0.353058
Packet loss percentage: 49.9158%
Average delay: 4407.36 ms
Average jitter: 1247.06 ms
G_L: 0.1567

Nodes disconnected: 173 293 291 0 1 3 4 5 6 8 9 10 12 13 16 17 20 21 23 24 26 28 29 30 32 33 34 35 38 39 40 41 44 46 48 49 50 52 53 54 58 60 62 65 66 68 69 72 74 75 76 77 79 83 86 88 90 91 92 93 95 96 97 98 99 100 102 103 104 108 110 111 112 114 115 117 118 119 122 123 124 125 126 128 130 132 135 136 137 141 144 146 147 148 150 155 156 157 159 160 163 165 168 169 170 171 172 174 175 179 181 182 185 186 187 190 191 192 193 195 196 197 198 200 201 203 204 206 207 208 212 213 214 215 219 220 224 227 229 231 232 233 234 236 238 239 240 241 245 249 253 254 257 258 259 261 262 263 264 265 267 272 273 275 278 281 283 286 288 290 292 294 296 297 299 242 81 18 27 248 202 211 56 129 287 116 268 101 139 269 78 85 22 280 256 178 154 64 37 134 184 221 80 7 89 25 15 246 177 209 2 42 277 120 225 250 149 151 47 289 138 298 247 210 109 166 194 67 131 133 70 71 230 260 45 271 113 183 284 106 276 153 285 94 255 223 82 61 266 279 121 218 31 11 140 14 142 143 145 270 274 152 282 158 161 36 164 167 295 43 176 51 180 55 57 59 188 189 63 199 73 205 84 216 217 222 226 228 105 107 235 237 243 251 252 127 
Number of disconnected nodes: 296
Max available bandwidth: 300 Kbps
Average throughput: 119.331 Kbps
Throughput to bandwidth ratio: 0.39777
Packet loss percentage: 69.6606%
Average delay: 471.89 ms
Average jitter: 340.619 ms
G_L: 0.0133

Nodes disconnected: 173 293 291 0 1 3 4 5 6 8 9 10 12 13 16 17 20 21 23 24 26 28 29 30 32 33 34 35 38 39 40 41 44 46 48 49 50 52 53 54 58 60 62 65 66 68 69 72 74 75 76 77 79 83 86 88 90 91 92 93 95 96 97 98 99 100 102 103 104 108 110 111 112 114 115 117 118 119 122 123 124 125 126 128 130 132 135 136 137 141 144 146 147 148 150 155 156 157 159 160 163 165 168 169 170 171 172 174 175 179 181 182 185 186 187 190 191 192 193 195 196 197 198 200 201 203 204 206 207 208 212 213 214 215 219 220 224 227 229 231 232 233 234 236 238 239 240 241 245 249 253 254 257 258 259 261 262 263 264 265 267 272 273 275 278 281 283 286 288 290 292 294 296 297 299 242 81 18 27 248 202 211 56 129 287 116 268 101 139 269 78 85 22 280 256 178 154 64 37 134 184 221 80 7 89 25 15 246 177 209 2 42 277 120 225 250 149 151 47 289 138 298 247 210 109 166 194 67 131 133 70 71 230 260 45 271 113 183 284 106 276 153 285 94 255 223 82 61 266 279 121 218 31 11 140 14 142 143 145 270 274 152 282 158 161 36 164 167 295 43 176 51 180 55 57 59 188 189 63 199 73 205 84 216 217 222 226 228 105 107 235 237 243 251 252 127 19 87 
Number of disconnected nodes: 298
Max available bandwidth: 100 Kbps
Average throughput: 88.5936 Kbps
Throughput to bandwidth ratio: 0.885936
Packet loss percentage: 7.6087%
Average delay: 141.287 ms
Average jitter: 278.213 ms
G_L: 0.0067

Nodes disconnected: 173 293 291 0 1 3 4 5 6 8 9 10 12 13 16 17 20 21 23 24 26 28 29 30 32 33 34 35 38 39 40 41 44 46 48 49 50 52 53 54 58 60 62 65 66 68 69 72 74 75 76 77 79 83 86 88 90 91 92 93 95 96 97 98 99 100 102 103 104 108 110 111 112 114 115 117 118 119 122 123 124 125 126 128 130 132 135 136 137 141 144 146 147 148 150 155 156 157 159 160 163 165 168 169 170 171 172 174 175 179 181 182 185 186 187 190 191 192 193 195 196 197 198 200 201 203 204 206 207 208 212 213 214 215 219 220 224 227 229 231 232 233 234 236 238 239 240 241 245 249 253 254 257 258 259 261 262 263 264 265 267 272 273 275 278 281 283 286 288 290 292 294 296 297 299 242 81 18 27 248 202 211 56 129 287 116 268 101 139 269 78 85 22 280 256 178 154 64 37 134 184 221 80 7 89 25 15 246 177 209 2 42 277 120 225 250 149 151 47 289 138 298 247 210 109 166 194 67 131 133 70 71 230 260 45 271 113 183 284 106 276 153 285 94 255 223 82 61 266 279 121 218 31 11 140 14 142 143 145 270 274 152 282 158 161 36 164 167 295 43 176 51 180 55 57 59 188 189 63 199 73 205 84 216 217 222 226 228 105 107 235 237 243 251 252 127 19 87 162 244 
Number of disconnected nodes: 300
Max available bandwidth: 0 Kbps
Average throughput: 0 Kbps
Throughput to bandwidth ratio: -nan
Packet loss percentage: -nan%
Average delay: -nan ms
Average jitter: -nan ms
G_L: 0

