Nodes disconnected: 
Number of disconnected nodes: 0
Max available bandwidth: 33400 Kbps
Average throughput: 17664.1 Kbps
Throughput to bandwidth ratio: 0.528864
Packet loss percentage: 4.98008%
Average delay: 10057 ms
Average jitter: 5405.86 ms
G_L: 1

Nodes disconnected: 161 
Number of disconnected nodes: 1
Max available bandwidth: 33300 Kbps
Average throughput: 17451 Kbps
Throughput to bandwidth ratio: 0.524055
Packet loss percentage: 4.96037%
Average delay: 9539.28 ms
Average jitter: 5147.27 ms
G_L: 0.9967

Nodes disconnected: 161 160 
Number of disconnected nodes: 2
Max available bandwidth: 33300 Kbps
Average throughput: 17710.7 Kbps
Throughput to bandwidth ratio: 0.531853
Packet loss percentage: 4.97928%
Average delay: 10879 ms
Average jitter: 5975.82 ms
G_L: 0.9933

Nodes disconnected: 161 160 191 
Number of disconnected nodes: 3
Max available bandwidth: 33300 Kbps
Average throughput: 17345.1 Kbps
Throughput to bandwidth ratio: 0.520873
Packet loss percentage: 4.88993%
Average delay: 9351.01 ms
Average jitter: 4907.67 ms
G_L: 0.99

Nodes disconnected: 161 160 191 195 
Number of disconnected nodes: 4
Max available bandwidth: 33300 Kbps
Average throughput: 17409.3 Kbps
Throughput to bandwidth ratio: 0.522803
Packet loss percentage: 4.95566%
Average delay: 10750.6 ms
Average jitter: 5491.3 ms
G_L: 0.9867

Nodes disconnected: 161 160 191 195 51 127 
Number of disconnected nodes: 6
Max available bandwidth: 33100 Kbps
Average throughput: 17287.6 Kbps
Throughput to bandwidth ratio: 0.522284
Packet loss percentage: 4.99229%
Average delay: 8974.11 ms
Average jitter: 3980.68 ms
G_L: 0.98

Nodes disconnected: 161 160 191 195 51 127 0 1 2 3 4 5 6 8 9 10 12 13 16 17 18 19 21 23 26 28 29 30 31 32 33 34 35 38 39 40 41 44 46 48 49 50 52 53 54 58 60 62 65 66 68 69 70 72 74 75 76 79 83 86 87 88 90 91 92 95 96 97 98 99 100 102 103 104 108 109 110 111 112 114 115 116 117 118 119 122 123 124 125 126 128 132 135 136 137 146 147 148 150 155 156 157 159 162 163 164 165 168 169 170 171 172 175 179 180 181 182 185 186 187 190 192 193 196 197 198 200 201 205 207 208 212 213 215 219 220 222 225 227 229 231 232 233 234 236 238 239 240 241 245 248 249 253 257 258 259 260 261 262 263 264 265 267 268 271 272 273 275 277 278 279 281 286 288 290 292 293 294 296 297 
Number of disconnected nodes: 180
Max available bandwidth: 13800 Kbps
Average throughput: 7181.91 Kbps
Throughput to bandwidth ratio: 0.520428
Packet loss percentage: 24.0922%
Average delay: 6533.19 ms
Average jitter: 2332.36 ms
G_L: 0.4

Nodes disconnected: 161 160 191 195 51 127 0 1 2 3 4 5 6 8 9 10 12 13 16 17 18 19 21 23 26 28 29 30 31 32 33 34 35 38 39 40 41 44 46 48 49 50 52 53 54 58 60 62 65 66 68 69 70 72 74 75 76 79 83 86 87 88 90 91 92 95 96 97 98 99 100 102 103 104 108 109 110 111 112 114 115 116 117 118 119 122 123 124 125 126 128 132 135 136 137 146 147 148 150 155 156 157 159 162 163 164 165 168 169 170 171 172 175 179 180 181 182 185 186 187 190 192 193 196 197 198 200 201 205 207 208 212 213 215 219 220 222 225 227 229 231 232 233 234 236 238 239 240 241 245 248 249 253 257 258 259 260 261 262 263 264 265 267 268 271 272 273 275 277 278 279 281 286 288 290 292 293 294 296 297 144 224 223 
Number of disconnected nodes: 183
Max available bandwidth: 13600 Kbps
Average throughput: 6875.25 Kbps
Throughput to bandwidth ratio: 0.505533
Packet loss percentage: 21.4183%
Average delay: 6840.11 ms
Average jitter: 2441.18 ms
G_L: 0.39

Nodes disconnected: 161 160 191 195 51 127 0 1 2 3 4 5 6 8 9 10 12 13 16 17 18 19 21 23 26 28 29 30 31 32 33 34 35 38 39 40 41 44 46 48 49 50 52 53 54 58 60 62 65 66 68 69 70 72 74 75 76 79 83 86 87 88 90 91 92 95 96 97 98 99 100 102 103 104 108 109 110 111 112 114 115 116 117 118 119 122 123 124 125 126 128 132 135 136 137 146 147 148 150 155 156 157 159 162 163 164 165 168 169 170 171 172 175 179 180 181 182 185 186 187 190 192 193 196 197 198 200 201 205 207 208 212 213 215 219 220 222 225 227 229 231 232 233 234 236 238 239 240 241 245 248 249 253 257 258 259 260 261 262 263 264 265 267 268 271 272 273 275 277 278 279 281 286 288 290 292 293 294 296 297 144 224 223 15 
Number of disconnected nodes: 184
Max available bandwidth: 13500 Kbps
Average throughput: 6888.76 Kbps
Throughput to bandwidth ratio: 0.510279
Packet loss percentage: 22.2948%
Average delay: 6729.11 ms
Average jitter: 2794.17 ms
G_L: 0.3867

Nodes disconnected: 161 160 191 195 51 127 0 1 2 3 4 5 6 8 9 10 12 13 16 17 18 19 21 23 26 28 29 30 31 32 33 34 35 38 39 40 41 44 46 48 49 50 52 53 54 58 60 62 65 66 68 69 70 72 74 75 76 79 83 86 87 88 90 91 92 95 96 97 98 99 100 102 103 104 108 109 110 111 112 114 115 116 117 118 119 122 123 124 125 126 128 132 135 136 137 146 147 148 150 155 156 157 159 162 163 164 165 168 169 170 171 172 175 179 180 181 182 185 186 187 190 192 193 196 197 198 200 201 205 207 208 212 213 215 219 220 222 225 227 229 231 232 233 234 236 238 239 240 241 245 248 249 253 257 258 259 260 261 262 263 264 265 267 268 271 272 273 275 277 278 279 281 286 288 290 292 293 294 296 297 144 224 223 15 183 
Number of disconnected nodes: 185
Max available bandwidth: 13400 Kbps
Average throughput: 6673.87 Kbps
Throughput to bandwidth ratio: 0.49805
Packet loss percentage: 23.781%
Average delay: 8102.12 ms
Average jitter: 2776.55 ms
G_L: 0.3833

Nodes disconnected: 161 160 191 195 51 127 0 1 2 3 4 5 6 8 9 10 12 13 16 17 18 19 21 23 26 28 29 30 31 32 33 34 35 38 39 40 41 44 46 48 49 50 52 53 54 58 60 62 65 66 68 69 70 72 74 75 76 79 83 86 87 88 90 91 92 95 96 97 98 99 100 102 103 104 108 109 110 111 112 114 115 116 117 118 119 122 123 124 125 126 128 132 135 136 137 146 147 148 150 155 156 157 159 162 163 164 165 168 169 170 171 172 175 179 180 181 182 185 186 187 190 192 193 196 197 198 200 201 205 207 208 212 213 215 219 220 222 225 227 229 231 232 233 234 236 238 239 240 241 245 248 249 253 257 258 259 260 261 262 263 264 265 267 268 271 272 273 275 277 278 279 281 286 288 290 292 293 294 296 297 144 224 223 15 183 216 
Number of disconnected nodes: 186
Max available bandwidth: 13300 Kbps
Average throughput: 6569.12 Kbps
Throughput to bandwidth ratio: 0.493919
Packet loss percentage: 22.6322%
Average delay: 7166.72 ms
Average jitter: 2615.36 ms
G_L: 0.38

Nodes disconnected: 161 160 191 195 51 127 0 1 2 3 4 5 6 8 9 10 12 13 16 17 18 19 21 23 26 28 29 30 31 32 33 34 35 38 39 40 41 44 46 48 49 50 52 53 54 58 60 62 65 66 68 69 70 72 74 75 76 79 83 86 87 88 90 91 92 95 96 97 98 99 100 102 103 104 108 109 110 111 112 114 115 116 117 118 119 122 123 124 125 126 128 132 135 136 137 146 147 148 150 155 156 157 159 162 163 164 165 168 169 170 171 172 175 179 180 181 182 185 186 187 190 192 193 196 197 198 200 201 205 207 208 212 213 215 219 220 222 225 227 229 231 232 233 234 236 238 239 240 241 245 248 249 253 257 258 259 260 261 262 263 264 265 267 268 271 272 273 275 277 278 279 281 286 288 290 292 293 294 296 297 144 224 223 15 183 216 152 
Number of disconnected nodes: 187
Max available bandwidth: 13200 Kbps
Average throughput: 6544.58 Kbps
Throughput to bandwidth ratio: 0.495802
Packet loss percentage: 24.2021%
Average delay: 6919.31 ms
Average jitter: 2537.6 ms
G_L: 0.3767

Nodes disconnected: 161 160 191 195 51 127 0 1 2 3 4 5 6 8 9 10 12 13 16 17 18 19 21 23 26 28 29 30 31 32 33 34 35 38 39 40 41 44 46 48 49 50 52 53 54 58 60 62 65 66 68 69 70 72 74 75 76 79 83 86 87 88 90 91 92 95 96 97 98 99 100 102 103 104 108 109 110 111 112 114 115 116 117 118 119 122 123 124 125 126 128 132 135 136 137 146 147 148 150 155 156 157 159 162 163 164 165 168 169 170 171 172 175 179 180 181 182 185 186 187 190 192 193 196 197 198 200 201 205 207 208 212 213 215 219 220 222 225 227 229 231 232 233 234 236 238 239 240 241 245 248 249 253 257 258 259 260 261 262 263 264 265 267 268 271 272 273 275 277 278 279 281 286 288 290 292 293 294 296 297 144 224 223 15 183 216 152 107 
Number of disconnected nodes: 188
Max available bandwidth: 13200 Kbps
Average throughput: 6543.85 Kbps
Throughput to bandwidth ratio: 0.495746
Packet loss percentage: 26.2304%
Average delay: 6711.63 ms
Average jitter: 2360.17 ms
G_L: 0.3733

Nodes disconnected: 161 160 191 195 51 127 0 1 2 3 4 5 6 8 9 10 12 13 16 17 18 19 21 23 26 28 29 30 31 32 33 34 35 38 39 40 41 44 46 48 49 50 52 53 54 58 60 62 65 66 68 69 70 72 74 75 76 79 83 86 87 88 90 91 92 95 96 97 98 99 100 102 103 104 108 109 110 111 112 114 115 116 117 118 119 122 123 124 125 126 128 132 135 136 137 146 147 148 150 155 156 157 159 162 163 164 165 168 169 170 171 172 175 179 180 181 182 185 186 187 190 192 193 196 197 198 200 201 205 207 208 212 213 215 219 220 222 225 227 229 231 232 233 234 236 238 239 240 241 245 248 249 253 257 258 259 260 261 262 263 264 265 267 268 271 272 273 275 277 278 279 281 286 288 290 292 293 294 296 297 144 224 223 15 183 216 152 107 129 130 131 133 11 140 141 14 142 143 274 20 24 25 154 27 282 283 158 287 289 36 37 298 43 299 173 174 56 59 188 189 63 199 202 203 204 78 206 81 82 209 214 89 93 94 235 113 242 244 246 120 250 252 254 255 
Number of disconnected nodes: 244
Max available bandwidth: 7700 Kbps
Average throughput: 3716.92 Kbps
Throughput to bandwidth ratio: 0.482716
Packet loss percentage: 24.863%
Average delay: 6201 ms
Average jitter: 1145.88 ms
G_L: 0.1867

Nodes disconnected: 161 160 191 195 51 127 0 1 2 3 4 5 6 8 9 10 12 13 16 17 18 19 21 23 26 28 29 30 31 32 33 34 35 38 39 40 41 44 46 48 49 50 52 53 54 58 60 62 65 66 68 69 70 72 74 75 76 79 83 86 87 88 90 91 92 95 96 97 98 99 100 102 103 104 108 109 110 111 112 114 115 116 117 118 119 122 123 124 125 126 128 132 135 136 137 146 147 148 150 155 156 157 159 162 163 164 165 168 169 170 171 172 175 179 180 181 182 185 186 187 190 192 193 196 197 198 200 201 205 207 208 212 213 215 219 220 222 225 227 229 231 232 233 234 236 238 239 240 241 245 248 249 253 257 258 259 260 261 262 263 264 265 267 268 271 272 273 275 277 278 279 281 286 288 290 292 293 294 296 297 144 224 223 15 183 216 152 107 129 130 131 133 11 140 141 14 142 143 274 20 24 25 154 27 282 283 158 287 289 36 37 298 43 299 173 174 56 59 188 189 63 199 202 203 204 78 206 81 82 209 214 89 93 94 235 113 242 244 246 120 250 252 254 255 256 134 7 266 139 269 270 145 276 22 151 280 153 284 285 291 166 167 295 42 45 47 176 177 178 184 57 61 64 194 67 71 73 77 80 210 211 84 85 217 218 221 226 228 101 230 105 106 237 243 121 251 
Number of disconnected nodes: 296
Max available bandwidth: 1400 Kbps
Average throughput: 176.188 Kbps
Throughput to bandwidth ratio: 0.125848
Packet loss percentage: 65.2215%
Average delay: 264.249 ms
Average jitter: 321.23 ms
G_L: 0.0133

Nodes disconnected: 161 160 191 195 51 127 0 1 2 3 4 5 6 8 9 10 12 13 16 17 18 19 21 23 26 28 29 30 31 32 33 34 35 38 39 40 41 44 46 48 49 50 52 53 54 58 60 62 65 66 68 69 70 72 74 75 76 79 83 86 87 88 90 91 92 95 96 97 98 99 100 102 103 104 108 109 110 111 112 114 115 116 117 118 119 122 123 124 125 126 128 132 135 136 137 146 147 148 150 155 156 157 159 162 163 164 165 168 169 170 171 172 175 179 180 181 182 185 186 187 190 192 193 196 197 198 200 201 205 207 208 212 213 215 219 220 222 225 227 229 231 232 233 234 236 238 239 240 241 245 248 249 253 257 258 259 260 261 262 263 264 265 267 268 271 272 273 275 277 278 279 281 286 288 290 292 293 294 296 297 144 224 223 15 183 216 152 107 129 130 131 133 11 140 141 14 142 143 274 20 24 25 154 27 282 283 158 287 289 36 37 298 43 299 173 174 56 59 188 189 63 199 202 203 204 78 206 81 82 209 214 89 93 94 235 113 242 244 246 120 250 252 254 255 256 134 7 266 139 269 270 145 276 22 151 280 153 284 285 291 166 167 295 42 45 47 176 177 178 184 57 61 64 194 67 71 73 77 80 210 211 84 85 217 218 221 226 228 101 230 105 106 237 243 121 251 247 
Number of disconnected nodes: 297
Max available bandwidth: 1400 Kbps
Average throughput: 132.614 Kbps
Throughput to bandwidth ratio: 0.0947243
Packet loss percentage: 64.6595%
Average delay: 266.822 ms
Average jitter: 317.812 ms
G_L: 0.01

Nodes disconnected: 161 160 191 195 51 127 0 1 2 3 4 5 6 8 9 10 12 13 16 17 18 19 21 23 26 28 29 30 31 32 33 34 35 38 39 40 41 44 46 48 49 50 52 53 54 58 60 62 65 66 68 69 70 72 74 75 76 79 83 86 87 88 90 91 92 95 96 97 98 99 100 102 103 104 108 109 110 111 112 114 115 116 117 118 119 122 123 124 125 126 128 132 135 136 137 146 147 148 150 155 156 157 159 162 163 164 165 168 169 170 171 172 175 179 180 181 182 185 186 187 190 192 193 196 197 198 200 201 205 207 208 212 213 215 219 220 222 225 227 229 231 232 233 234 236 238 239 240 241 245 248 249 253 257 258 259 260 261 262 263 264 265 267 268 271 272 273 275 277 278 279 281 286 288 290 292 293 294 296 297 144 224 223 15 183 216 152 107 129 130 131 133 11 140 141 14 142 143 274 20 24 25 154 27 282 283 158 287 289 36 37 298 43 299 173 174 56 59 188 189 63 199 202 203 204 78 206 81 82 209 214 89 93 94 235 113 242 244 246 120 250 252 254 255 256 134 7 266 139 269 270 145 276 22 151 280 153 284 285 291 166 167 295 42 45 47 176 177 178 184 57 61 64 194 67 71 73 77 80 210 211 84 85 217 218 221 226 228 101 230 105 106 237 243 121 251 247 149 
Number of disconnected nodes: 298
Max available bandwidth: 1400 Kbps
Average throughput: 88.5936 Kbps
Throughput to bandwidth ratio: 0.0632811
Packet loss percentage: 7.6087%
Average delay: 141.287 ms
Average jitter: 278.213 ms
G_L: 0.0067

Nodes disconnected: 161 160 191 195 51 127 0 1 2 3 4 5 6 8 9 10 12 13 16 17 18 19 21 23 26 28 29 30 31 32 33 34 35 38 39 40 41 44 46 48 49 50 52 53 54 58 60 62 65 66 68 69 70 72 74 75 76 79 83 86 87 88 90 91 92 95 96 97 98 99 100 102 103 104 108 109 110 111 112 114 115 116 117 118 119 122 123 124 125 126 128 132 135 136 137 146 147 148 150 155 156 157 159 162 163 164 165 168 169 170 171 172 175 179 180 181 182 185 186 187 190 192 193 196 197 198 200 201 205 207 208 212 213 215 219 220 222 225 227 229 231 232 233 234 236 238 239 240 241 245 248 249 253 257 258 259 260 261 262 263 264 265 267 268 271 272 273 275 277 278 279 281 286 288 290 292 293 294 296 297 144 224 223 15 183 216 152 107 129 130 131 133 11 140 141 14 142 143 274 20 24 25 154 27 282 283 158 287 289 36 37 298 43 299 173 174 56 59 188 189 63 199 202 203 204 78 206 81 82 209 214 89 93 94 235 113 242 244 246 120 250 252 254 255 256 134 7 266 139 269 270 145 276 22 151 280 153 284 285 291 166 167 295 42 45 47 176 177 178 184 57 61 64 194 67 71 73 77 80 210 211 84 85 217 218 221 226 228 101 230 105 106 237 243 121 251 247 149 138 55 
Number of disconnected nodes: 300
Max available bandwidth: 0 Kbps
Average throughput: 0 Kbps
Throughput to bandwidth ratio: -nan
Packet loss percentage: -nan%
Average delay: -nan ms
Average jitter: -nan ms
G_L: 0

