Nodes disconnected: 
Number of disconnected nodes: 0
Max available bandwidth: 33400 Kbps
Average throughput: 17427.2 Kbps
Throughput to bandwidth ratio: 0.521771
Packet loss percentage: 5.07815%
Average delay: 10111 ms
Average jitter: 5360.09 ms
G_L: 1

Nodes disconnected: 225 178 250 151 153 154 94 
Number of disconnected nodes: 7
Max available bandwidth: 32800 Kbps
Average throughput: 17405.8 Kbps
Throughput to bandwidth ratio: 0.530663
Packet loss percentage: 5.065%
Average delay: 8986.66 ms
Average jitter: 4269.39 ms
G_L: 0.9767

Nodes disconnected: 225 178 250 151 153 154 94 18 
Number of disconnected nodes: 8
Max available bandwidth: 32700 Kbps
Average throughput: 17015.3 Kbps
Throughput to bandwidth ratio: 0.520345
Packet loss percentage: 5.00209%
Average delay: 8491.04 ms
Average jitter: 4661.82 ms
G_L: 0.9733

Nodes disconnected: 225 178 250 151 153 154 94 18 89 
Number of disconnected nodes: 9
Max available bandwidth: 32700 Kbps
Average throughput: 17090.2 Kbps
Throughput to bandwidth ratio: 0.522637
Packet loss percentage: 5.09989%
Average delay: 8339.37 ms
Average jitter: 3961 ms
G_L: 0.97

Nodes disconnected: 225 178 250 151 153 154 94 18 89 148 
Number of disconnected nodes: 10
Max available bandwidth: 32700 Kbps
Average throughput: 17186.9 Kbps
Throughput to bandwidth ratio: 0.525592
Packet loss percentage: 5.08225%
Average delay: 10262 ms
Average jitter: 5024.99 ms
G_L: 0.9667

Nodes disconnected: 225 178 250 151 153 154 94 18 89 148 10 
Number of disconnected nodes: 11
Max available bandwidth: 32600 Kbps
Average throughput: 16947.6 Kbps
Throughput to bandwidth ratio: 0.519864
Packet loss percentage: 4.96815%
Average delay: 8368.02 ms
Average jitter: 4092.2 ms
G_L: 0.9633

Nodes disconnected: 225 178 250 151 153 154 94 18 89 148 10 95 
Number of disconnected nodes: 12
Max available bandwidth: 32600 Kbps
Average throughput: 17120.4 Kbps
Throughput to bandwidth ratio: 0.525167
Packet loss percentage: 5.04942%
Average delay: 10194.4 ms
Average jitter: 5302.13 ms
G_L: 0.96

Nodes disconnected: 225 178 250 151 153 154 94 18 89 148 10 95 56 
Number of disconnected nodes: 13
Max available bandwidth: 32500 Kbps
Average throughput: 16936.1 Kbps
Throughput to bandwidth ratio: 0.52111
Packet loss percentage: 4.97518%
Average delay: 9534.53 ms
Average jitter: 5282.48 ms
G_L: 0.9567

Nodes disconnected: 225 178 250 151 153 154 94 18 89 148 10 95 56 116 
Number of disconnected nodes: 14
Max available bandwidth: 32500 Kbps
Average throughput: 16919.7 Kbps
Throughput to bandwidth ratio: 0.520607
Packet loss percentage: 4.96486%
Average delay: 9252.27 ms
Average jitter: 4410.1 ms
G_L: 0.9533

Nodes disconnected: 225 178 250 151 153 154 94 18 89 148 10 95 56 116 0 3 4 5 6 8 9 12 13 14 16 17 19 21 23 26 28 29 30 31 32 33 34 35 38 39 40 41 44 45 46 48 49 50 51 52 53 58 60 62 65 66 67 68 69 71 72 75 76 79 83 86 87 88 90 91 92 96 97 98 99 100 102 103 104 105 108 109 110 111 112 114 115 117 118 119 121 122 123 124 125 126 127 128 132 135 136 137 146 147 150 152 155 156 157 159 160 161 163 165 168 169 170 171 172 175 179 181 182 185 186 187 188 189 190 191 192 193 195 196 197 198 200 201 203 204 207 208 212 213 214 215 216 219 220 223 224 227 229 232 233 234 236 238 239 240 241 245 249 257 258 259 261 262 263 264 265 267 271 272 273 275 278 279 280 281 286 288 290 292 293 294 295 296 297 
Number of disconnected nodes: 189
Max available bandwidth: 12900 Kbps
Average throughput: 6415.35 Kbps
Throughput to bandwidth ratio: 0.497314
Packet loss percentage: 21.5284%
Average delay: 6318.08 ms
Average jitter: 2338.33 ms
G_L: 0.37

Nodes disconnected: 225 178 250 151 153 154 94 18 89 148 10 95 56 116 0 3 4 5 6 8 9 12 13 14 16 17 19 21 23 26 28 29 30 31 32 33 34 35 38 39 40 41 44 45 46 48 49 50 51 52 53 58 60 62 65 66 67 68 69 71 72 75 76 79 83 86 87 88 90 91 92 96 97 98 99 100 102 103 104 105 108 109 110 111 112 114 115 117 118 119 121 122 123 124 125 126 127 128 132 135 136 137 146 147 150 152 155 156 157 159 160 161 163 165 168 169 170 171 172 175 179 181 182 185 186 187 188 189 190 191 192 193 195 196 197 198 200 201 203 204 207 208 212 213 214 215 216 219 220 223 224 227 229 232 233 234 236 238 239 240 241 245 249 257 258 259 261 262 263 264 265 267 271 272 273 275 278 279 280 281 286 288 290 292 293 294 295 296 297 2 173 113 277 22 247 
Number of disconnected nodes: 195
Max available bandwidth: 12400 Kbps
Average throughput: 6229.92 Kbps
Throughput to bandwidth ratio: 0.502413
Packet loss percentage: 24.1241%
Average delay: 6801.63 ms
Average jitter: 2039.53 ms
G_L: 0.35

Nodes disconnected: 225 178 250 151 153 154 94 18 89 148 10 95 56 116 0 3 4 5 6 8 9 12 13 14 16 17 19 21 23 26 28 29 30 31 32 33 34 35 38 39 40 41 44 45 46 48 49 50 51 52 53 58 60 62 65 66 67 68 69 71 72 75 76 79 83 86 87 88 90 91 92 96 97 98 99 100 102 103 104 105 108 109 110 111 112 114 115 117 118 119 121 122 123 124 125 126 127 128 132 135 136 137 146 147 150 152 155 156 157 159 160 161 163 165 168 169 170 171 172 175 179 181 182 185 186 187 188 189 190 191 192 193 195 196 197 198 200 201 203 204 207 208 212 213 214 215 216 219 220 223 224 227 229 232 233 234 236 238 239 240 241 245 249 257 258 259 261 262 263 264 265 267 271 272 273 275 278 279 280 281 286 288 290 292 293 294 295 296 297 2 173 113 277 22 247 164 
Number of disconnected nodes: 196
Max available bandwidth: 12200 Kbps
Average throughput: 6263.56 Kbps
Throughput to bandwidth ratio: 0.513407
Packet loss percentage: 23.2346%
Average delay: 6031.43 ms
Average jitter: 1738.57 ms
G_L: 0.3467

Nodes disconnected: 225 178 250 151 153 154 94 18 89 148 10 95 56 116 0 3 4 5 6 8 9 12 13 14 16 17 19 21 23 26 28 29 30 31 32 33 34 35 38 39 40 41 44 45 46 48 49 50 51 52 53 58 60 62 65 66 67 68 69 71 72 75 76 79 83 86 87 88 90 91 92 96 97 98 99 100 102 103 104 105 108 109 110 111 112 114 115 117 118 119 121 122 123 124 125 126 127 128 132 135 136 137 146 147 150 152 155 156 157 159 160 161 163 165 168 169 170 171 172 175 179 181 182 185 186 187 188 189 190 191 192 193 195 196 197 198 200 201 203 204 207 208 212 213 214 215 216 219 220 223 224 227 229 232 233 234 236 238 239 240 241 245 249 257 258 259 261 262 263 264 265 267 271 272 273 275 278 279 280 281 286 288 290 292 293 294 295 296 297 2 173 113 277 22 247 164 268 78 
Number of disconnected nodes: 198
Max available bandwidth: 12100 Kbps
Average throughput: 6072.68 Kbps
Throughput to bandwidth ratio: 0.501875
Packet loss percentage: 25.1449%
Average delay: 5659.31 ms
Average jitter: 1740.58 ms
G_L: 0.34

Nodes disconnected: 225 178 250 151 153 154 94 18 89 148 10 95 56 116 0 3 4 5 6 8 9 12 13 14 16 17 19 21 23 26 28 29 30 31 32 33 34 35 38 39 40 41 44 45 46 48 49 50 51 52 53 58 60 62 65 66 67 68 69 71 72 75 76 79 83 86 87 88 90 91 92 96 97 98 99 100 102 103 104 105 108 109 110 111 112 114 115 117 118 119 121 122 123 124 125 126 127 128 132 135 136 137 146 147 150 152 155 156 157 159 160 161 163 165 168 169 170 171 172 175 179 181 182 185 186 187 188 189 190 191 192 193 195 196 197 198 200 201 203 204 207 208 212 213 214 215 216 219 220 223 224 227 229 232 233 234 236 238 239 240 241 245 249 257 258 259 261 262 263 264 265 267 271 272 273 275 278 279 280 281 286 288 290 292 293 294 295 296 297 2 173 113 277 22 247 164 268 78 242 54 
Number of disconnected nodes: 200
Max available bandwidth: 11900 Kbps
Average throughput: 5901.94 Kbps
Throughput to bandwidth ratio: 0.495961
Packet loss percentage: 23.9532%
Average delay: 6897.81 ms
Average jitter: 2343.35 ms
G_L: 0.3333

Nodes disconnected: 225 178 250 151 153 154 94 18 89 148 10 95 56 116 0 3 4 5 6 8 9 12 13 14 16 17 19 21 23 26 28 29 30 31 32 33 34 35 38 39 40 41 44 45 46 48 49 50 51 52 53 58 60 62 65 66 67 68 69 71 72 75 76 79 83 86 87 88 90 91 92 96 97 98 99 100 102 103 104 105 108 109 110 111 112 114 115 117 118 119 121 122 123 124 125 126 127 128 132 135 136 137 146 147 150 152 155 156 157 159 160 161 163 165 168 169 170 171 172 175 179 181 182 185 186 187 188 189 190 191 192 193 195 196 197 198 200 201 203 204 207 208 212 213 214 215 216 219 220 223 224 227 229 232 233 234 236 238 239 240 241 245 249 257 258 259 261 262 263 264 265 267 271 272 273 275 278 279 280 281 286 288 290 292 293 294 295 296 297 2 173 113 277 22 247 164 268 78 242 54 205 
Number of disconnected nodes: 201
Max available bandwidth: 11900 Kbps
Average throughput: 5949.44 Kbps
Throughput to bandwidth ratio: 0.499953
Packet loss percentage: 24.5059%
Average delay: 5608.61 ms
Average jitter: 1657.87 ms
G_L: 0.33

Nodes disconnected: 225 178 250 151 153 154 94 18 89 148 10 95 56 116 0 3 4 5 6 8 9 12 13 14 16 17 19 21 23 26 28 29 30 31 32 33 34 35 38 39 40 41 44 45 46 48 49 50 51 52 53 58 60 62 65 66 67 68 69 71 72 75 76 79 83 86 87 88 90 91 92 96 97 98 99 100 102 103 104 105 108 109 110 111 112 114 115 117 118 119 121 122 123 124 125 126 127 128 132 135 136 137 146 147 150 152 155 156 157 159 160 161 163 165 168 169 170 171 172 175 179 181 182 185 186 187 188 189 190 191 192 193 195 196 197 198 200 201 203 204 207 208 212 213 214 215 216 219 220 223 224 227 229 232 233 234 236 238 239 240 241 245 249 257 258 259 261 262 263 264 265 267 271 272 273 275 278 279 280 281 286 288 290 292 293 294 295 296 297 2 173 113 277 22 247 164 268 78 242 54 205 25 
Number of disconnected nodes: 202
Max available bandwidth: 11500 Kbps
Average throughput: 5958.53 Kbps
Throughput to bandwidth ratio: 0.518133
Packet loss percentage: 21.0818%
Average delay: 7288.58 ms
Average jitter: 2260.43 ms
G_L: 0.3267

Nodes disconnected: 225 178 250 151 153 154 94 18 89 148 10 95 56 116 0 3 4 5 6 8 9 12 13 14 16 17 19 21 23 26 28 29 30 31 32 33 34 35 38 39 40 41 44 45 46 48 49 50 51 52 53 58 60 62 65 66 67 68 69 71 72 75 76 79 83 86 87 88 90 91 92 96 97 98 99 100 102 103 104 105 108 109 110 111 112 114 115 117 118 119 121 122 123 124 125 126 127 128 132 135 136 137 146 147 150 152 155 156 157 159 160 161 163 165 168 169 170 171 172 175 179 181 182 185 186 187 188 189 190 191 192 193 195 196 197 198 200 201 203 204 207 208 212 213 214 215 216 219 220 223 224 227 229 232 233 234 236 238 239 240 241 245 249 257 258 259 261 262 263 264 265 267 271 272 273 275 278 279 280 281 286 288 290 292 293 294 295 296 297 2 173 113 277 22 247 164 268 78 242 54 205 25 266 222 
Number of disconnected nodes: 204
Max available bandwidth: 11500 Kbps
Average throughput: 5807.24 Kbps
Throughput to bandwidth ratio: 0.504977
Packet loss percentage: 23.1026%
Average delay: 6356.19 ms
Average jitter: 2081.84 ms
G_L: 0.32

Nodes disconnected: 225 178 250 151 153 154 94 18 89 148 10 95 56 116 0 3 4 5 6 8 9 12 13 14 16 17 19 21 23 26 28 29 30 31 32 33 34 35 38 39 40 41 44 45 46 48 49 50 51 52 53 58 60 62 65 66 67 68 69 71 72 75 76 79 83 86 87 88 90 91 92 96 97 98 99 100 102 103 104 105 108 109 110 111 112 114 115 117 118 119 121 122 123 124 125 126 127 128 132 135 136 137 146 147 150 152 155 156 157 159 160 161 163 165 168 169 170 171 172 175 179 181 182 185 186 187 188 189 190 191 192 193 195 196 197 198 200 201 203 204 207 208 212 213 214 215 216 219 220 223 224 227 229 232 233 234 236 238 239 240 241 245 249 257 258 259 261 262 263 264 265 267 271 272 273 275 278 279 280 281 286 288 290 292 293 294 295 296 297 2 173 113 277 22 247 164 268 78 242 54 205 25 266 222 64 248 37 134 166 202 107 142 177 210 274 184 221 
Number of disconnected nodes: 217
Max available bandwidth: 10400 Kbps
Average throughput: 5291.32 Kbps
Throughput to bandwidth ratio: 0.508781
Packet loss percentage: 23.0363%
Average delay: 5697.45 ms
Average jitter: 1691.1 ms
G_L: 0.2767

Nodes disconnected: 225 178 250 151 153 154 94 18 89 148 10 95 56 116 0 3 4 5 6 8 9 12 13 14 16 17 19 21 23 26 28 29 30 31 32 33 34 35 38 39 40 41 44 45 46 48 49 50 51 52 53 58 60 62 65 66 67 68 69 71 72 75 76 79 83 86 87 88 90 91 92 96 97 98 99 100 102 103 104 105 108 109 110 111 112 114 115 117 118 119 121 122 123 124 125 126 127 128 132 135 136 137 146 147 150 152 155 156 157 159 160 161 163 165 168 169 170 171 172 175 179 181 182 185 186 187 188 189 190 191 192 193 195 196 197 198 200 201 203 204 207 208 212 213 214 215 216 219 220 223 224 227 229 232 233 234 236 238 239 240 241 245 249 257 258 259 261 262 263 264 265 267 271 272 273 275 278 279 280 281 286 288 290 292 293 294 295 296 297 2 173 113 277 22 247 164 268 78 242 54 205 25 266 222 64 248 37 134 166 202 107 142 177 210 274 184 221 256 129 133 11 139 140 269 143 270 145 276 149 24 282 27 285 158 287 289 162 36 167 42 299 174 47 176 180 183 63 70 74 81 82 209 84 85 211 217 93 226 101 106 235 237 243 244 246 251 252 254 255 
Number of disconnected nodes: 269
Max available bandwidth: 5000 Kbps
Average throughput: 1896.41 Kbps
Throughput to bandwidth ratio: 0.379283
Packet loss percentage: 37.6548%
Average delay: 2469.54 ms
Average jitter: 492.844 ms
G_L: 0.1033

Nodes disconnected: 225 178 250 151 153 154 94 18 89 148 10 95 56 116 0 3 4 5 6 8 9 12 13 14 16 17 19 21 23 26 28 29 30 31 32 33 34 35 38 39 40 41 44 45 46 48 49 50 51 52 53 58 60 62 65 66 67 68 69 71 72 75 76 79 83 86 87 88 90 91 92 96 97 98 99 100 102 103 104 105 108 109 110 111 112 114 115 117 118 119 121 122 123 124 125 126 127 128 132 135 136 137 146 147 150 152 155 156 157 159 160 161 163 165 168 169 170 171 172 175 179 181 182 185 186 187 188 189 190 191 192 193 195 196 197 198 200 201 203 204 207 208 212 213 214 215 216 219 220 223 224 227 229 232 233 234 236 238 239 240 241 245 249 257 258 259 261 262 263 264 265 267 271 272 273 275 278 279 280 281 286 288 290 292 293 294 295 296 297 2 173 113 277 22 247 164 268 78 242 54 205 25 266 222 64 248 37 134 166 202 107 142 177 210 274 184 221 256 129 133 11 139 140 269 143 270 145 276 149 24 282 27 285 158 287 289 162 36 167 42 299 174 47 176 180 183 63 70 74 81 82 209 84 85 211 217 93 226 101 106 235 237 243 244 246 251 252 254 255 144 77 141 
Number of disconnected nodes: 272
Max available bandwidth: 4700 Kbps
Average throughput: 1862.06 Kbps
Throughput to bandwidth ratio: 0.396184
Packet loss percentage: 36.2892%
Average delay: 3985.03 ms
Average jitter: 710.369 ms
G_L: 0.0933

Nodes disconnected: 225 178 250 151 153 154 94 18 89 148 10 95 56 116 0 3 4 5 6 8 9 12 13 14 16 17 19 21 23 26 28 29 30 31 32 33 34 35 38 39 40 41 44 45 46 48 49 50 51 52 53 58 60 62 65 66 67 68 69 71 72 75 76 79 83 86 87 88 90 91 92 96 97 98 99 100 102 103 104 105 108 109 110 111 112 114 115 117 118 119 121 122 123 124 125 126 127 128 132 135 136 137 146 147 150 152 155 156 157 159 160 161 163 165 168 169 170 171 172 175 179 181 182 185 186 187 188 189 190 191 192 193 195 196 197 198 200 201 203 204 207 208 212 213 214 215 216 219 220 223 224 227 229 232 233 234 236 238 239 240 241 245 249 257 258 259 261 262 263 264 265 267 271 272 273 275 278 279 280 281 286 288 290 292 293 294 295 296 297 2 173 113 277 22 247 164 268 78 242 54 205 25 266 222 64 248 37 134 166 202 107 142 177 210 274 184 221 256 129 133 11 139 140 269 143 270 145 276 149 24 282 27 285 158 287 289 162 36 167 42 299 174 47 176 180 183 63 70 74 81 82 209 84 85 211 217 93 226 101 106 235 237 243 244 246 251 252 254 255 144 77 141 283 
Number of disconnected nodes: 273
Max available bandwidth: 4700 Kbps
Average throughput: 1826.32 Kbps
Throughput to bandwidth ratio: 0.388579
Packet loss percentage: 36.8999%
Average delay: 5013.01 ms
Average jitter: 844.192 ms
G_L: 0.09

Nodes disconnected: 225 178 250 151 153 154 94 18 89 148 10 95 56 116 0 3 4 5 6 8 9 12 13 14 16 17 19 21 23 26 28 29 30 31 32 33 34 35 38 39 40 41 44 45 46 48 49 50 51 52 53 58 60 62 65 66 67 68 69 71 72 75 76 79 83 86 87 88 90 91 92 96 97 98 99 100 102 103 104 105 108 109 110 111 112 114 115 117 118 119 121 122 123 124 125 126 127 128 132 135 136 137 146 147 150 152 155 156 157 159 160 161 163 165 168 169 170 171 172 175 179 181 182 185 186 187 188 189 190 191 192 193 195 196 197 198 200 201 203 204 207 208 212 213 214 215 216 219 220 223 224 227 229 232 233 234 236 238 239 240 241 245 249 257 258 259 261 262 263 264 265 267 271 272 273 275 278 279 280 281 286 288 290 292 293 294 295 296 297 2 173 113 277 22 247 164 268 78 242 54 205 25 266 222 64 248 37 134 166 202 107 142 177 210 274 184 221 256 129 133 11 139 140 269 143 270 145 276 149 24 282 27 285 158 287 289 162 36 167 42 299 174 47 176 180 183 63 70 74 81 82 209 84 85 211 217 93 226 101 106 235 237 243 244 246 251 252 254 255 144 77 141 283 228 
Number of disconnected nodes: 274
Max available bandwidth: 4700 Kbps
Average throughput: 1806.02 Kbps
Throughput to bandwidth ratio: 0.384259
Packet loss percentage: 37.6698%
Average delay: 3454.76 ms
Average jitter: 670.926 ms
G_L: 0.0867

Nodes disconnected: 225 178 250 151 153 154 94 18 89 148 10 95 56 116 0 3 4 5 6 8 9 12 13 14 16 17 19 21 23 26 28 29 30 31 32 33 34 35 38 39 40 41 44 45 46 48 49 50 51 52 53 58 60 62 65 66 67 68 69 71 72 75 76 79 83 86 87 88 90 91 92 96 97 98 99 100 102 103 104 105 108 109 110 111 112 114 115 117 118 119 121 122 123 124 125 126 127 128 132 135 136 137 146 147 150 152 155 156 157 159 160 161 163 165 168 169 170 171 172 175 179 181 182 185 186 187 188 189 190 191 192 193 195 196 197 198 200 201 203 204 207 208 212 213 214 215 216 219 220 223 224 227 229 232 233 234 236 238 239 240 241 245 249 257 258 259 261 262 263 264 265 267 271 272 273 275 278 279 280 281 286 288 290 292 293 294 295 296 297 2 173 113 277 22 247 164 268 78 242 54 205 25 266 222 64 248 37 134 166 202 107 142 177 210 274 184 221 256 129 133 11 139 140 269 143 270 145 276 149 24 282 27 285 158 287 289 162 36 167 42 299 174 47 176 180 183 63 70 74 81 82 209 84 85 211 217 93 226 101 106 235 237 243 244 246 251 252 254 255 144 77 141 283 228 194 
Number of disconnected nodes: 275
Max available bandwidth: 4600 Kbps
Average throughput: 1741.92 Kbps
Throughput to bandwidth ratio: 0.378679
Packet loss percentage: 36.4531%
Average delay: 3470.96 ms
Average jitter: 667.4 ms
G_L: 0.0833

Nodes disconnected: 225 178 250 151 153 154 94 18 89 148 10 95 56 116 0 3 4 5 6 8 9 12 13 14 16 17 19 21 23 26 28 29 30 31 32 33 34 35 38 39 40 41 44 45 46 48 49 50 51 52 53 58 60 62 65 66 67 68 69 71 72 75 76 79 83 86 87 88 90 91 92 96 97 98 99 100 102 103 104 105 108 109 110 111 112 114 115 117 118 119 121 122 123 124 125 126 127 128 132 135 136 137 146 147 150 152 155 156 157 159 160 161 163 165 168 169 170 171 172 175 179 181 182 185 186 187 188 189 190 191 192 193 195 196 197 198 200 201 203 204 207 208 212 213 214 215 216 219 220 223 224 227 229 232 233 234 236 238 239 240 241 245 249 257 258 259 261 262 263 264 265 267 271 272 273 275 278 279 280 281 286 288 290 292 293 294 295 296 297 2 173 113 277 22 247 164 268 78 242 54 205 25 266 222 64 248 37 134 166 202 107 142 177 210 274 184 221 256 129 133 11 139 140 269 143 270 145 276 149 24 282 27 285 158 287 289 162 36 167 42 299 174 47 176 180 183 63 70 74 81 82 209 84 85 211 217 93 226 101 106 235 237 243 244 246 251 252 254 255 144 77 141 283 228 194 260 
Number of disconnected nodes: 276
Max available bandwidth: 4600 Kbps
Average throughput: 1595.42 Kbps
Throughput to bandwidth ratio: 0.346831
Packet loss percentage: 43.9901%
Average delay: 3364.83 ms
Average jitter: 613.235 ms
G_L: 0.08

Nodes disconnected: 225 178 250 151 153 154 94 18 89 148 10 95 56 116 0 3 4 5 6 8 9 12 13 14 16 17 19 21 23 26 28 29 30 31 32 33 34 35 38 39 40 41 44 45 46 48 49 50 51 52 53 58 60 62 65 66 67 68 69 71 72 75 76 79 83 86 87 88 90 91 92 96 97 98 99 100 102 103 104 105 108 109 110 111 112 114 115 117 118 119 121 122 123 124 125 126 127 128 132 135 136 137 146 147 150 152 155 156 157 159 160 161 163 165 168 169 170 171 172 175 179 181 182 185 186 187 188 189 190 191 192 193 195 196 197 198 200 201 203 204 207 208 212 213 214 215 216 219 220 223 224 227 229 232 233 234 236 238 239 240 241 245 249 257 258 259 261 262 263 264 265 267 271 272 273 275 278 279 280 281 286 288 290 292 293 294 295 296 297 2 173 113 277 22 247 164 268 78 242 54 205 25 266 222 64 248 37 134 166 202 107 142 177 210 274 184 221 256 129 133 11 139 140 269 143 270 145 276 149 24 282 27 285 158 287 289 162 36 167 42 299 174 47 176 180 183 63 70 74 81 82 209 84 85 211 217 93 226 101 106 235 237 243 244 246 251 252 254 255 144 77 141 283 228 194 260 1 130 231 43 206 20 253 
Number of disconnected nodes: 283
Max available bandwidth: 3900 Kbps
Average throughput: 1094.31 Kbps
Throughput to bandwidth ratio: 0.280592
Packet loss percentage: 42.3219%
Average delay: 2929.91 ms
Average jitter: 530.546 ms
G_L: 0.0567

Nodes disconnected: 225 178 250 151 153 154 94 18 89 148 10 95 56 116 0 3 4 5 6 8 9 12 13 14 16 17 19 21 23 26 28 29 30 31 32 33 34 35 38 39 40 41 44 45 46 48 49 50 51 52 53 58 60 62 65 66 67 68 69 71 72 75 76 79 83 86 87 88 90 91 92 96 97 98 99 100 102 103 104 105 108 109 110 111 112 114 115 117 118 119 121 122 123 124 125 126 127 128 132 135 136 137 146 147 150 152 155 156 157 159 160 161 163 165 168 169 170 171 172 175 179 181 182 185 186 187 188 189 190 191 192 193 195 196 197 198 200 201 203 204 207 208 212 213 214 215 216 219 220 223 224 227 229 232 233 234 236 238 239 240 241 245 249 257 258 259 261 262 263 264 265 267 271 272 273 275 278 279 280 281 286 288 290 292 293 294 295 296 297 2 173 113 277 22 247 164 268 78 242 54 205 25 266 222 64 248 37 134 166 202 107 142 177 210 274 184 221 256 129 133 11 139 140 269 143 270 145 276 149 24 282 27 285 158 287 289 162 36 167 42 299 174 47 176 180 183 63 70 74 81 82 209 84 85 211 217 93 226 101 106 235 237 243 244 246 251 252 254 255 144 77 141 283 228 194 260 1 130 231 43 206 20 253 73 61 199 
Number of disconnected nodes: 286
Max available bandwidth: 3300 Kbps
Average throughput: 844.354 Kbps
Throughput to bandwidth ratio: 0.255865
Packet loss percentage: 48.4519%
Average delay: 2172.72 ms
Average jitter: 497.83 ms
G_L: 0.0467

Nodes disconnected: 225 178 250 151 153 154 94 18 89 148 10 95 56 116 0 3 4 5 6 8 9 12 13 14 16 17 19 21 23 26 28 29 30 31 32 33 34 35 38 39 40 41 44 45 46 48 49 50 51 52 53 58 60 62 65 66 67 68 69 71 72 75 76 79 83 86 87 88 90 91 92 96 97 98 99 100 102 103 104 105 108 109 110 111 112 114 115 117 118 119 121 122 123 124 125 126 127 128 132 135 136 137 146 147 150 152 155 156 157 159 160 161 163 165 168 169 170 171 172 175 179 181 182 185 186 187 188 189 190 191 192 193 195 196 197 198 200 201 203 204 207 208 212 213 214 215 216 219 220 223 224 227 229 232 233 234 236 238 239 240 241 245 249 257 258 259 261 262 263 264 265 267 271 272 273 275 278 279 280 281 286 288 290 292 293 294 295 296 297 2 173 113 277 22 247 164 268 78 242 54 205 25 266 222 64 248 37 134 166 202 107 142 177 210 274 184 221 256 129 133 11 139 140 269 143 270 145 276 149 24 282 27 285 158 287 289 162 36 167 42 299 174 47 176 180 183 63 70 74 81 82 209 84 85 211 217 93 226 101 106 235 237 243 244 246 251 252 254 255 144 77 141 283 228 194 260 1 130 231 43 206 20 253 73 61 199 131 291 230 15 55 120 57 59 284 
Number of disconnected nodes: 295
Max available bandwidth: 700 Kbps
Average throughput: 211.391 Kbps
Throughput to bandwidth ratio: 0.301987
Packet loss percentage: 69.671%
Average delay: 673.551 ms
Average jitter: 421.567 ms
G_L: 0.0167

Nodes disconnected: 225 178 250 151 153 154 94 18 89 148 10 95 56 116 0 3 4 5 6 8 9 12 13 14 16 17 19 21 23 26 28 29 30 31 32 33 34 35 38 39 40 41 44 45 46 48 49 50 51 52 53 58 60 62 65 66 67 68 69 71 72 75 76 79 83 86 87 88 90 91 92 96 97 98 99 100 102 103 104 105 108 109 110 111 112 114 115 117 118 119 121 122 123 124 125 126 127 128 132 135 136 137 146 147 150 152 155 156 157 159 160 161 163 165 168 169 170 171 172 175 179 181 182 185 186 187 188 189 190 191 192 193 195 196 197 198 200 201 203 204 207 208 212 213 214 215 216 219 220 223 224 227 229 232 233 234 236 238 239 240 241 245 249 257 258 259 261 262 263 264 265 267 271 272 273 275 278 279 280 281 286 288 290 292 293 294 295 296 297 2 173 113 277 22 247 164 268 78 242 54 205 25 266 222 64 248 37 134 166 202 107 142 177 210 274 184 221 256 129 133 11 139 140 269 143 270 145 276 149 24 282 27 285 158 287 289 162 36 167 42 299 174 47 176 180 183 63 70 74 81 82 209 84 85 211 217 93 226 101 106 235 237 243 244 246 251 252 254 255 144 77 141 283 228 194 260 1 130 231 43 206 20 253 73 61 199 131 291 230 15 55 120 57 59 284 138 298 
Number of disconnected nodes: 297
Max available bandwidth: 600 Kbps
Average throughput: 165.428 Kbps
Throughput to bandwidth ratio: 0.275714
Packet loss percentage: 45.4221%
Average delay: 402.319 ms
Average jitter: 318.475 ms
G_L: 0.01

Nodes disconnected: 225 178 250 151 153 154 94 18 89 148 10 95 56 116 0 3 4 5 6 8 9 12 13 14 16 17 19 21 23 26 28 29 30 31 32 33 34 35 38 39 40 41 44 45 46 48 49 50 51 52 53 58 60 62 65 66 67 68 69 71 72 75 76 79 83 86 87 88 90 91 92 96 97 98 99 100 102 103 104 105 108 109 110 111 112 114 115 117 118 119 121 122 123 124 125 126 127 128 132 135 136 137 146 147 150 152 155 156 157 159 160 161 163 165 168 169 170 171 172 175 179 181 182 185 186 187 188 189 190 191 192 193 195 196 197 198 200 201 203 204 207 208 212 213 214 215 216 219 220 223 224 227 229 232 233 234 236 238 239 240 241 245 249 257 258 259 261 262 263 264 265 267 271 272 273 275 278 279 280 281 286 288 290 292 293 294 295 296 297 2 173 113 277 22 247 164 268 78 242 54 205 25 266 222 64 248 37 134 166 202 107 142 177 210 274 184 221 256 129 133 11 139 140 269 143 270 145 276 149 24 282 27 285 158 287 289 162 36 167 42 299 174 47 176 180 183 63 70 74 81 82 209 84 85 211 217 93 226 101 106 235 237 243 244 246 251 252 254 255 144 77 141 283 228 194 260 1 130 231 43 206 20 253 73 61 199 131 291 230 15 55 120 57 59 284 138 298 80 218 7 
Number of disconnected nodes: 300
Max available bandwidth: 0 Kbps
Average throughput: 0 Kbps
Throughput to bandwidth ratio: -nan
Packet loss percentage: -nan%
Average delay: -nan ms
Average jitter: -nan ms
G_L: 0

