Nodes disconnected: 
Number of disconnected nodes: 0
Max available bandwidth: 33400 Kbps
Average throughput: 25289.2 Kbps
Throughput to bandwidth ratio: 0.757162
Packet loss percentage: 5.68588%
Average delay: 2125.04 ms
Average jitter: 597.51 ms
G_L: 1

Nodes disconnected: 197 
Number of disconnected nodes: 1
Max available bandwidth: 33400 Kbps
Average throughput: 25105.2 Kbps
Throughput to bandwidth ratio: 0.751654
Packet loss percentage: 5.81865%
Average delay: 2163.39 ms
Average jitter: 600.749 ms
G_L: 0.9967

Nodes disconnected: 197 193 
Number of disconnected nodes: 2
Max available bandwidth: 33400 Kbps
Average throughput: 24990.9 Kbps
Throughput to bandwidth ratio: 0.74823
Packet loss percentage: 5.93108%
Average delay: 2196.94 ms
Average jitter: 606.653 ms
G_L: 0.9933

Nodes disconnected: 197 193 205 
Number of disconnected nodes: 3
Max available bandwidth: 33400 Kbps
Average throughput: 24891.4 Kbps
Throughput to bandwidth ratio: 0.74525
Packet loss percentage: 6.03481%
Average delay: 2119.06 ms
Average jitter: 607.47 ms
G_L: 0.99

Nodes disconnected: 197 193 205 62 
Number of disconnected nodes: 4
Max available bandwidth: 33400 Kbps
Average throughput: 24851.6 Kbps
Throughput to bandwidth ratio: 0.744059
Packet loss percentage: 6.09866%
Average delay: 2175.05 ms
Average jitter: 599.048 ms
G_L: 0.9867

Nodes disconnected: 197 193 205 62 0 3 4 5 6 8 9 10 12 16 17 19 21 23 26 28 29 30 32 33 34 35 38 39 40 41 44 46 48 49 50 52 53 58 60 65 66 68 69 72 75 76 79 83 86 87 88 90 91 92 95 96 97 98 99 100 102 103 104 108 110 111 112 114 115 117 118 119 122 123 124 125 126 128 132 135 136 137 146 147 148 150 155 156 159 160 163 165 168 169 170 171 172 175 179 181 182 185 186 187 190 191 192 195 196 198 201 207 208 212 213 215 219 220 227 229 232 233 234 236 238 239 240 241 245 249 257 258 259 261 262 263 264 265 267 272 273 275 278 281 286 288 290 292 293 294 296 297 
Number of disconnected nodes: 152
Max available bandwidth: 15700 Kbps
Average throughput: 9520.8 Kbps
Throughput to bandwidth ratio: 0.606421
Packet loss percentage: 35.6674%
Average delay: 3165.3 ms
Average jitter: 691.061 ms
G_L: 0.4933

Nodes disconnected: 197 193 205 62 0 3 4 5 6 8 9 10 12 16 17 19 21 23 26 28 29 30 32 33 34 35 38 39 40 41 44 46 48 49 50 52 53 58 60 65 66 68 69 72 75 76 79 83 86 87 88 90 91 92 95 96 97 98 99 100 102 103 104 108 110 111 112 114 115 117 118 119 122 123 124 125 126 128 132 135 136 137 146 147 148 150 155 156 159 160 163 165 168 169 170 171 172 175 179 181 182 185 186 187 190 191 192 195 196 198 201 207 208 212 213 215 219 220 227 229 232 233 234 236 238 239 240 241 245 249 257 258 259 261 262 263 264 265 267 272 273 275 278 281 286 288 290 292 293 294 296 297 178 154 
Number of disconnected nodes: 154
Max available bandwidth: 15600 Kbps
Average throughput: 9258.71 Kbps
Throughput to bandwidth ratio: 0.593507
Packet loss percentage: 36.421%
Average delay: 3177.7 ms
Average jitter: 694.17 ms
G_L: 0.4867

Nodes disconnected: 197 193 205 62 0 3 4 5 6 8 9 10 12 16 17 19 21 23 26 28 29 30 32 33 34 35 38 39 40 41 44 46 48 49 50 52 53 58 60 65 66 68 69 72 75 76 79 83 86 87 88 90 91 92 95 96 97 98 99 100 102 103 104 108 110 111 112 114 115 117 118 119 122 123 124 125 126 128 132 135 136 137 146 147 148 150 155 156 159 160 163 165 168 169 170 171 172 175 179 181 182 185 186 187 190 191 192 195 196 198 201 207 208 212 213 215 219 220 227 229 232 233 234 236 238 239 240 241 245 249 257 258 259 261 262 263 264 265 267 272 273 275 278 281 286 288 290 292 293 294 296 297 178 154 120 
Number of disconnected nodes: 155
Max available bandwidth: 15500 Kbps
Average throughput: 9184.81 Kbps
Throughput to bandwidth ratio: 0.592568
Packet loss percentage: 36.7529%
Average delay: 3270.3 ms
Average jitter: 702.133 ms
G_L: 0.4833

Nodes disconnected: 197 193 205 62 0 3 4 5 6 8 9 10 12 16 17 19 21 23 26 28 29 30 32 33 34 35 38 39 40 41 44 46 48 49 50 52 53 58 60 65 66 68 69 72 75 76 79 83 86 87 88 90 91 92 95 96 97 98 99 100 102 103 104 108 110 111 112 114 115 117 118 119 122 123 124 125 126 128 132 135 136 137 146 147 148 150 155 156 159 160 163 165 168 169 170 171 172 175 179 181 182 185 186 187 190 191 192 195 196 198 201 207 208 212 213 215 219 220 227 229 232 233 234 236 238 239 240 241 245 249 257 258 259 261 262 263 264 265 267 272 273 275 278 281 286 288 290 292 293 294 296 297 178 154 120 184 
Number of disconnected nodes: 156
Max available bandwidth: 15500 Kbps
Average throughput: 9055.51 Kbps
Throughput to bandwidth ratio: 0.584227
Packet loss percentage: 36.9438%
Average delay: 3304.06 ms
Average jitter: 705.573 ms
G_L: 0.48

Nodes disconnected: 197 193 205 62 0 3 4 5 6 8 9 10 12 16 17 19 21 23 26 28 29 30 32 33 34 35 38 39 40 41 44 46 48 49 50 52 53 58 60 65 66 68 69 72 75 76 79 83 86 87 88 90 91 92 95 96 97 98 99 100 102 103 104 108 110 111 112 114 115 117 118 119 122 123 124 125 126 128 132 135 136 137 146 147 148 150 155 156 159 160 163 165 168 169 170 171 172 175 179 181 182 185 186 187 190 191 192 195 196 198 201 207 208 212 213 215 219 220 227 229 232 233 234 236 238 239 240 241 245 249 257 258 259 261 262 263 264 265 267 272 273 275 278 281 286 288 290 292 293 294 296 297 178 154 120 184 200 
Number of disconnected nodes: 157
Max available bandwidth: 15500 Kbps
Average throughput: 9021.56 Kbps
Throughput to bandwidth ratio: 0.582036
Packet loss percentage: 36.9436%
Average delay: 3476.78 ms
Average jitter: 698.72 ms
G_L: 0.4767

Nodes disconnected: 197 193 205 62 0 3 4 5 6 8 9 10 12 16 17 19 21 23 26 28 29 30 32 33 34 35 38 39 40 41 44 46 48 49 50 52 53 58 60 65 66 68 69 72 75 76 79 83 86 87 88 90 91 92 95 96 97 98 99 100 102 103 104 108 110 111 112 114 115 117 118 119 122 123 124 125 126 128 132 135 136 137 146 147 148 150 155 156 159 160 163 165 168 169 170 171 172 175 179 181 182 185 186 187 190 191 192 195 196 198 201 207 208 212 213 215 219 220 227 229 232 233 234 236 238 239 240 241 245 249 257 258 259 261 262 263 264 265 267 272 273 275 278 281 286 288 290 292 293 294 296 297 178 154 120 184 200 242 
Number of disconnected nodes: 158
Max available bandwidth: 15400 Kbps
Average throughput: 8921.22 Kbps
Throughput to bandwidth ratio: 0.5793
Packet loss percentage: 36.8075%
Average delay: 3500.61 ms
Average jitter: 728.461 ms
G_L: 0.4733

Nodes disconnected: 197 193 205 62 0 3 4 5 6 8 9 10 12 16 17 19 21 23 26 28 29 30 32 33 34 35 38 39 40 41 44 46 48 49 50 52 53 58 60 65 66 68 69 72 75 76 79 83 86 87 88 90 91 92 95 96 97 98 99 100 102 103 104 108 110 111 112 114 115 117 118 119 122 123 124 125 126 128 132 135 136 137 146 147 148 150 155 156 159 160 163 165 168 169 170 171 172 175 179 181 182 185 186 187 190 191 192 195 196 198 201 207 208 212 213 215 219 220 227 229 232 233 234 236 238 239 240 241 245 249 257 258 259 261 262 263 264 265 267 272 273 275 278 281 286 288 290 292 293 294 296 297 178 154 120 184 200 242 194 291 284 
Number of disconnected nodes: 161
Max available bandwidth: 15200 Kbps
Average throughput: 8788.96 Kbps
Throughput to bandwidth ratio: 0.578221
Packet loss percentage: 36.9143%
Average delay: 3349.68 ms
Average jitter: 717.294 ms
G_L: 0.4633

Nodes disconnected: 197 193 205 62 0 3 4 5 6 8 9 10 12 16 17 19 21 23 26 28 29 30 32 33 34 35 38 39 40 41 44 46 48 49 50 52 53 58 60 65 66 68 69 72 75 76 79 83 86 87 88 90 91 92 95 96 97 98 99 100 102 103 104 108 110 111 112 114 115 117 118 119 122 123 124 125 126 128 132 135 136 137 146 147 148 150 155 156 159 160 163 165 168 169 170 171 172 175 179 181 182 185 186 187 190 191 192 195 196 198 201 207 208 212 213 215 219 220 227 229 232 233 234 236 238 239 240 241 245 249 257 258 259 261 262 263 264 265 267 272 273 275 278 281 286 288 290 292 293 294 296 297 178 154 120 184 200 242 194 291 284 109 
Number of disconnected nodes: 162
Max available bandwidth: 15100 Kbps
Average throughput: 8757.2 Kbps
Throughput to bandwidth ratio: 0.579947
Packet loss percentage: 36.5859%
Average delay: 3423.74 ms
Average jitter: 719.051 ms
G_L: 0.46

Nodes disconnected: 197 193 205 62 0 3 4 5 6 8 9 10 12 16 17 19 21 23 26 28 29 30 32 33 34 35 38 39 40 41 44 46 48 49 50 52 53 58 60 65 66 68 69 72 75 76 79 83 86 87 88 90 91 92 95 96 97 98 99 100 102 103 104 108 110 111 112 114 115 117 118 119 122 123 124 125 126 128 132 135 136 137 146 147 148 150 155 156 159 160 163 165 168 169 170 171 172 175 179 181 182 185 186 187 190 191 192 195 196 198 201 207 208 212 213 215 219 220 227 229 232 233 234 236 238 239 240 241 245 249 257 258 259 261 262 263 264 265 267 272 273 275 278 281 286 288 290 292 293 294 296 297 178 154 120 184 200 242 194 291 284 109 129 
Number of disconnected nodes: 163
Max available bandwidth: 15000 Kbps
Average throughput: 8695.72 Kbps
Throughput to bandwidth ratio: 0.579715
Packet loss percentage: 36.7923%
Average delay: 3279.53 ms
Average jitter: 710.552 ms
G_L: 0.4567

Nodes disconnected: 197 193 205 62 0 3 4 5 6 8 9 10 12 16 17 19 21 23 26 28 29 30 32 33 34 35 38 39 40 41 44 46 48 49 50 52 53 58 60 65 66 68 69 72 75 76 79 83 86 87 88 90 91 92 95 96 97 98 99 100 102 103 104 108 110 111 112 114 115 117 118 119 122 123 124 125 126 128 132 135 136 137 146 147 148 150 155 156 159 160 163 165 168 169 170 171 172 175 179 181 182 185 186 187 190 191 192 195 196 198 201 207 208 212 213 215 219 220 227 229 232 233 234 236 238 239 240 241 245 249 257 258 259 261 262 263 264 265 267 272 273 275 278 281 286 288 290 292 293 294 296 297 178 154 120 184 200 242 194 291 284 109 129 127 
Number of disconnected nodes: 164
Max available bandwidth: 15000 Kbps
Average throughput: 8635.5 Kbps
Throughput to bandwidth ratio: 0.5757
Packet loss percentage: 36.7835%
Average delay: 3323.37 ms
Average jitter: 713.327 ms
G_L: 0.4533

Nodes disconnected: 197 193 205 62 0 3 4 5 6 8 9 10 12 16 17 19 21 23 26 28 29 30 32 33 34 35 38 39 40 41 44 46 48 49 50 52 53 58 60 65 66 68 69 72 75 76 79 83 86 87 88 90 91 92 95 96 97 98 99 100 102 103 104 108 110 111 112 114 115 117 118 119 122 123 124 125 126 128 132 135 136 137 146 147 148 150 155 156 159 160 163 165 168 169 170 171 172 175 179 181 182 185 186 187 190 191 192 195 196 198 201 207 208 212 213 215 219 220 227 229 232 233 234 236 238 239 240 241 245 249 257 258 259 261 262 263 264 265 267 272 273 275 278 281 286 288 290 292 293 294 296 297 178 154 120 184 200 242 194 291 284 109 129 127 216 
Number of disconnected nodes: 165
Max available bandwidth: 14900 Kbps
Average throughput: 8614.4 Kbps
Throughput to bandwidth ratio: 0.578148
Packet loss percentage: 36.697%
Average delay: 3519.53 ms
Average jitter: 727.537 ms
G_L: 0.45

Nodes disconnected: 197 193 205 62 0 3 4 5 6 8 9 10 12 16 17 19 21 23 26 28 29 30 32 33 34 35 38 39 40 41 44 46 48 49 50 52 53 58 60 65 66 68 69 72 75 76 79 83 86 87 88 90 91 92 95 96 97 98 99 100 102 103 104 108 110 111 112 114 115 117 118 119 122 123 124 125 126 128 132 135 136 137 146 147 148 150 155 156 159 160 163 165 168 169 170 171 172 175 179 181 182 185 186 187 190 191 192 195 196 198 201 207 208 212 213 215 219 220 227 229 232 233 234 236 238 239 240 241 245 249 257 258 259 261 262 263 264 265 267 272 273 275 278 281 286 288 290 292 293 294 296 297 178 154 120 184 200 242 194 291 284 109 129 127 216 256 133 11 139 140 268 143 269 145 18 270 276 22 151 152 153 280 27 282 285 158 287 161 289 36 164 167 295 299 45 174 47 51 183 56 188 63 203 204 78 81 82 209 85 214 93 94 223 225 226 101 106 235 237 243 246 121 250 251 252 254 255 
Number of disconnected nodes: 227
Max available bandwidth: 8000 Kbps
Average throughput: 3685.7 Kbps
Throughput to bandwidth ratio: 0.460713
Packet loss percentage: 50.9555%
Average delay: 3226.03 ms
Average jitter: 813.364 ms
G_L: 0.2433

Nodes disconnected: 197 193 205 62 0 3 4 5 6 8 9 10 12 16 17 19 21 23 26 28 29 30 32 33 34 35 38 39 40 41 44 46 48 49 50 52 53 58 60 65 66 68 69 72 75 76 79 83 86 87 88 90 91 92 95 96 97 98 99 100 102 103 104 108 110 111 112 114 115 117 118 119 122 123 124 125 126 128 132 135 136 137 146 147 148 150 155 156 159 160 163 165 168 169 170 171 172 175 179 181 182 185 186 187 190 191 192 195 196 198 201 207 208 212 213 215 219 220 227 229 232 233 234 236 238 239 240 241 245 249 257 258 259 261 262 263 264 265 267 272 273 275 278 281 286 288 290 292 293 294 296 297 178 154 120 184 200 242 194 291 284 109 129 127 216 256 133 11 139 140 268 143 269 145 18 270 276 22 151 152 153 280 27 282 285 158 287 161 289 36 164 167 295 299 45 174 47 51 183 56 188 63 203 204 78 81 82 209 85 214 93 94 223 225 226 101 106 235 237 243 246 121 250 251 252 254 255 2 277 
Number of disconnected nodes: 229
Max available bandwidth: 7900 Kbps
Average throughput: 3669.04 Kbps
Throughput to bandwidth ratio: 0.464435
Packet loss percentage: 50.1551%
Average delay: 3415.45 ms
Average jitter: 738.075 ms
G_L: 0.2367

Nodes disconnected: 197 193 205 62 0 3 4 5 6 8 9 10 12 16 17 19 21 23 26 28 29 30 32 33 34 35 38 39 40 41 44 46 48 49 50 52 53 58 60 65 66 68 69 72 75 76 79 83 86 87 88 90 91 92 95 96 97 98 99 100 102 103 104 108 110 111 112 114 115 117 118 119 122 123 124 125 126 128 132 135 136 137 146 147 148 150 155 156 159 160 163 165 168 169 170 171 172 175 179 181 182 185 186 187 190 191 192 195 196 198 201 207 208 212 213 215 219 220 227 229 232 233 234 236 238 239 240 241 245 249 257 258 259 261 262 263 264 265 267 272 273 275 278 281 286 288 290 292 293 294 296 297 178 154 120 184 200 242 194 291 284 109 129 127 216 256 133 11 139 140 268 143 269 145 18 270 276 22 151 152 153 280 27 282 285 158 287 161 289 36 164 167 295 299 45 174 47 51 183 56 188 63 203 204 78 81 82 209 85 214 93 94 223 225 226 101 106 235 237 243 246 121 250 251 252 254 255 2 277 298 
Number of disconnected nodes: 230
Max available bandwidth: 7900 Kbps
Average throughput: 3619.38 Kbps
Throughput to bandwidth ratio: 0.45815
Packet loss percentage: 49.6687%
Average delay: 3212.38 ms
Average jitter: 788.397 ms
G_L: 0.2333

Nodes disconnected: 197 193 205 62 0 3 4 5 6 8 9 10 12 16 17 19 21 23 26 28 29 30 32 33 34 35 38 39 40 41 44 46 48 49 50 52 53 58 60 65 66 68 69 72 75 76 79 83 86 87 88 90 91 92 95 96 97 98 99 100 102 103 104 108 110 111 112 114 115 117 118 119 122 123 124 125 126 128 132 135 136 137 146 147 148 150 155 156 159 160 163 165 168 169 170 171 172 175 179 181 182 185 186 187 190 191 192 195 196 198 201 207 208 212 213 215 219 220 227 229 232 233 234 236 238 239 240 241 245 249 257 258 259 261 262 263 264 265 267 272 273 275 278 281 286 288 290 292 293 294 296 297 178 154 120 184 200 242 194 291 284 109 129 127 216 256 133 11 139 140 268 143 269 145 18 270 276 22 151 152 153 280 27 282 285 158 287 161 289 36 164 167 295 299 45 174 47 51 183 56 188 63 203 204 78 81 82 209 85 214 93 94 223 225 226 101 106 235 237 243 246 121 250 251 252 254 255 2 277 298 14 
Number of disconnected nodes: 231
Max available bandwidth: 7800 Kbps
Average throughput: 3530.47 Kbps
Throughput to bandwidth ratio: 0.452624
Packet loss percentage: 50.5953%
Average delay: 3785.83 ms
Average jitter: 788.889 ms
G_L: 0.23

Nodes disconnected: 197 193 205 62 0 3 4 5 6 8 9 10 12 16 17 19 21 23 26 28 29 30 32 33 34 35 38 39 40 41 44 46 48 49 50 52 53 58 60 65 66 68 69 72 75 76 79 83 86 87 88 90 91 92 95 96 97 98 99 100 102 103 104 108 110 111 112 114 115 117 118 119 122 123 124 125 126 128 132 135 136 137 146 147 148 150 155 156 159 160 163 165 168 169 170 171 172 175 179 181 182 185 186 187 190 191 192 195 196 198 201 207 208 212 213 215 219 220 227 229 232 233 234 236 238 239 240 241 245 249 257 258 259 261 262 263 264 265 267 272 273 275 278 281 286 288 290 292 293 294 296 297 178 154 120 184 200 242 194 291 284 109 129 127 216 256 133 11 139 140 268 143 269 145 18 270 276 22 151 152 153 280 27 282 285 158 287 161 289 36 164 167 295 299 45 174 47 51 183 56 188 63 203 204 78 81 82 209 85 214 93 94 223 225 226 101 106 235 237 243 246 121 250 251 252 254 255 2 277 298 14 74 
Number of disconnected nodes: 232
Max available bandwidth: 7700 Kbps
Average throughput: 3408.72 Kbps
Throughput to bandwidth ratio: 0.442692
Packet loss percentage: 51.1191%
Average delay: 4178.27 ms
Average jitter: 862.296 ms
G_L: 0.2267

Nodes disconnected: 197 193 205 62 0 3 4 5 6 8 9 10 12 16 17 19 21 23 26 28 29 30 32 33 34 35 38 39 40 41 44 46 48 49 50 52 53 58 60 65 66 68 69 72 75 76 79 83 86 87 88 90 91 92 95 96 97 98 99 100 102 103 104 108 110 111 112 114 115 117 118 119 122 123 124 125 126 128 132 135 136 137 146 147 148 150 155 156 159 160 163 165 168 169 170 171 172 175 179 181 182 185 186 187 190 191 192 195 196 198 201 207 208 212 213 215 219 220 227 229 232 233 234 236 238 239 240 241 245 249 257 258 259 261 262 263 264 265 267 272 273 275 278 281 286 288 290 292 293 294 296 297 178 154 120 184 200 242 194 291 284 109 129 127 216 256 133 11 139 140 268 143 269 145 18 270 276 22 151 152 153 280 27 282 285 158 287 161 289 36 164 167 295 299 45 174 47 51 183 56 188 63 203 204 78 81 82 209 85 214 93 94 223 225 226 101 106 235 237 243 246 121 250 251 252 254 255 2 277 298 14 74 89 25 
Number of disconnected nodes: 234
Max available bandwidth: 7300 Kbps
Average throughput: 3298.34 Kbps
Throughput to bandwidth ratio: 0.451827
Packet loss percentage: 51.3831%
Average delay: 3821.56 ms
Average jitter: 840.733 ms
G_L: 0.22

Nodes disconnected: 197 193 205 62 0 3 4 5 6 8 9 10 12 16 17 19 21 23 26 28 29 30 32 33 34 35 38 39 40 41 44 46 48 49 50 52 53 58 60 65 66 68 69 72 75 76 79 83 86 87 88 90 91 92 95 96 97 98 99 100 102 103 104 108 110 111 112 114 115 117 118 119 122 123 124 125 126 128 132 135 136 137 146 147 148 150 155 156 159 160 163 165 168 169 170 171 172 175 179 181 182 185 186 187 190 191 192 195 196 198 201 207 208 212 213 215 219 220 227 229 232 233 234 236 238 239 240 241 245 249 257 258 259 261 262 263 264 265 267 272 273 275 278 281 286 288 290 292 293 294 296 297 178 154 120 184 200 242 194 291 284 109 129 127 216 256 133 11 139 140 268 143 269 145 18 270 276 22 151 152 153 280 27 282 285 158 287 161 289 36 164 167 295 299 45 174 47 51 183 56 188 63 203 204 78 81 82 209 85 214 93 94 223 225 226 101 106 235 237 243 246 121 250 251 252 254 255 2 277 298 14 74 89 25 189 
Number of disconnected nodes: 235
Max available bandwidth: 7200 Kbps
Average throughput: 3256.54 Kbps
Throughput to bandwidth ratio: 0.452298
Packet loss percentage: 51.325%
Average delay: 3903 ms
Average jitter: 877.068 ms
G_L: 0.2167

Nodes disconnected: 197 193 205 62 0 3 4 5 6 8 9 10 12 16 17 19 21 23 26 28 29 30 32 33 34 35 38 39 40 41 44 46 48 49 50 52 53 58 60 65 66 68 69 72 75 76 79 83 86 87 88 90 91 92 95 96 97 98 99 100 102 103 104 108 110 111 112 114 115 117 118 119 122 123 124 125 126 128 132 135 136 137 146 147 148 150 155 156 159 160 163 165 168 169 170 171 172 175 179 181 182 185 186 187 190 191 192 195 196 198 201 207 208 212 213 215 219 220 227 229 232 233 234 236 238 239 240 241 245 249 257 258 259 261 262 263 264 265 267 272 273 275 278 281 286 288 290 292 293 294 296 297 178 154 120 184 200 242 194 291 284 109 129 127 216 256 133 11 139 140 268 143 269 145 18 270 276 22 151 152 153 280 27 282 285 158 287 161 289 36 164 167 295 299 45 174 47 51 183 56 188 63 203 204 78 81 82 209 85 214 93 94 223 225 226 101 106 235 237 243 246 121 250 251 252 254 255 2 277 298 14 74 89 25 189 43 
Number of disconnected nodes: 236
Max available bandwidth: 7100 Kbps
Average throughput: 3189.22 Kbps
Throughput to bandwidth ratio: 0.449186
Packet loss percentage: 51.7493%
Average delay: 3872.57 ms
Average jitter: 728.243 ms
G_L: 0.2133

Nodes disconnected: 197 193 205 62 0 3 4 5 6 8 9 10 12 16 17 19 21 23 26 28 29 30 32 33 34 35 38 39 40 41 44 46 48 49 50 52 53 58 60 65 66 68 69 72 75 76 79 83 86 87 88 90 91 92 95 96 97 98 99 100 102 103 104 108 110 111 112 114 115 117 118 119 122 123 124 125 126 128 132 135 136 137 146 147 148 150 155 156 159 160 163 165 168 169 170 171 172 175 179 181 182 185 186 187 190 191 192 195 196 198 201 207 208 212 213 215 219 220 227 229 232 233 234 236 238 239 240 241 245 249 257 258 259 261 262 263 264 265 267 272 273 275 278 281 286 288 290 292 293 294 296 297 178 154 120 184 200 242 194 291 284 109 129 127 216 256 133 11 139 140 268 143 269 145 18 270 276 22 151 152 153 280 27 282 285 158 287 161 289 36 164 167 295 299 45 174 47 51 183 56 188 63 203 204 78 81 82 209 85 214 93 94 223 225 226 101 106 235 237 243 246 121 250 251 252 254 255 2 277 298 14 74 89 25 189 43 105 157 54 231 
Number of disconnected nodes: 240
Max available bandwidth: 6800 Kbps
Average throughput: 3027.16 Kbps
Throughput to bandwidth ratio: 0.44517
Packet loss percentage: 50.9061%
Average delay: 3187.66 ms
Average jitter: 770.641 ms
G_L: 0.2

Nodes disconnected: 197 193 205 62 0 3 4 5 6 8 9 10 12 16 17 19 21 23 26 28 29 30 32 33 34 35 38 39 40 41 44 46 48 49 50 52 53 58 60 65 66 68 69 72 75 76 79 83 86 87 88 90 91 92 95 96 97 98 99 100 102 103 104 108 110 111 112 114 115 117 118 119 122 123 124 125 126 128 132 135 136 137 146 147 148 150 155 156 159 160 163 165 168 169 170 171 172 175 179 181 182 185 186 187 190 191 192 195 196 198 201 207 208 212 213 215 219 220 227 229 232 233 234 236 238 239 240 241 245 249 257 258 259 261 262 263 264 265 267 272 273 275 278 281 286 288 290 292 293 294 296 297 178 154 120 184 200 242 194 291 284 109 129 127 216 256 133 11 139 140 268 143 269 145 18 270 276 22 151 152 153 280 27 282 285 158 287 161 289 36 164 167 295 299 45 174 47 51 183 56 188 63 203 204 78 81 82 209 85 214 93 94 223 225 226 101 106 235 237 243 246 121 250 251 252 254 255 2 277 298 14 74 89 25 189 43 105 157 54 231 24 
Number of disconnected nodes: 241
Max available bandwidth: 6700 Kbps
Average throughput: 2974.39 Kbps
Throughput to bandwidth ratio: 0.443938
Packet loss percentage: 51.3846%
Average delay: 3178.38 ms
Average jitter: 773.257 ms
G_L: 0.1967

Nodes disconnected: 197 193 205 62 0 3 4 5 6 8 9 10 12 16 17 19 21 23 26 28 29 30 32 33 34 35 38 39 40 41 44 46 48 49 50 52 53 58 60 65 66 68 69 72 75 76 79 83 86 87 88 90 91 92 95 96 97 98 99 100 102 103 104 108 110 111 112 114 115 117 118 119 122 123 124 125 126 128 132 135 136 137 146 147 148 150 155 156 159 160 163 165 168 169 170 171 172 175 179 181 182 185 186 187 190 191 192 195 196 198 201 207 208 212 213 215 219 220 227 229 232 233 234 236 238 239 240 241 245 249 257 258 259 261 262 263 264 265 267 272 273 275 278 281 286 288 290 292 293 294 296 297 178 154 120 184 200 242 194 291 284 109 129 127 216 256 133 11 139 140 268 143 269 145 18 270 276 22 151 152 153 280 27 282 285 158 287 161 289 36 164 167 295 299 45 174 47 51 183 56 188 63 203 204 78 81 82 209 85 214 93 94 223 225 226 101 106 235 237 243 246 121 250 251 252 254 255 2 277 298 14 74 89 25 189 43 105 157 54 231 24 248 202 211 
Number of disconnected nodes: 244
Max available bandwidth: 6500 Kbps
Average throughput: 2889.66 Kbps
Throughput to bandwidth ratio: 0.444563
Packet loss percentage: 50.3096%
Average delay: 3876.71 ms
Average jitter: 818.726 ms
G_L: 0.1867

Nodes disconnected: 197 193 205 62 0 3 4 5 6 8 9 10 12 16 17 19 21 23 26 28 29 30 32 33 34 35 38 39 40 41 44 46 48 49 50 52 53 58 60 65 66 68 69 72 75 76 79 83 86 87 88 90 91 92 95 96 97 98 99 100 102 103 104 108 110 111 112 114 115 117 118 119 122 123 124 125 126 128 132 135 136 137 146 147 148 150 155 156 159 160 163 165 168 169 170 171 172 175 179 181 182 185 186 187 190 191 192 195 196 198 201 207 208 212 213 215 219 220 227 229 232 233 234 236 238 239 240 241 245 249 257 258 259 261 262 263 264 265 267 272 273 275 278 281 286 288 290 292 293 294 296 297 178 154 120 184 200 242 194 291 284 109 129 127 216 256 133 11 139 140 268 143 269 145 18 270 276 22 151 152 153 280 27 282 285 158 287 161 289 36 164 167 295 299 45 174 47 51 183 56 188 63 203 204 78 81 82 209 85 214 93 94 223 225 226 101 106 235 237 243 246 121 250 251 252 254 255 2 277 298 14 74 89 25 189 43 105 157 54 231 24 248 202 211 1 130 131 134 138 13 141 15 142 144 271 274 20 149 162 37 166 42 173 176 177 180 55 57 59 61 64 67 70 71 199 73 77 206 210 84 217 221 222 224 228 230 107 113 116 244 247 253 
Number of disconnected nodes: 292
Max available bandwidth: 800 Kbps
Average throughput: 430.491 Kbps
Throughput to bandwidth ratio: 0.538114
Packet loss percentage: 48.5581%
Average delay: -nan ms
Average jitter: -nan ms
G_L: 0.0267

Nodes disconnected: 197 193 205 62 0 3 4 5 6 8 9 10 12 16 17 19 21 23 26 28 29 30 32 33 34 35 38 39 40 41 44 46 48 49 50 52 53 58 60 65 66 68 69 72 75 76 79 83 86 87 88 90 91 92 95 96 97 98 99 100 102 103 104 108 110 111 112 114 115 117 118 119 122 123 124 125 126 128 132 135 136 137 146 147 148 150 155 156 159 160 163 165 168 169 170 171 172 175 179 181 182 185 186 187 190 191 192 195 196 198 201 207 208 212 213 215 219 220 227 229 232 233 234 236 238 239 240 241 245 249 257 258 259 261 262 263 264 265 267 272 273 275 278 281 286 288 290 292 293 294 296 297 178 154 120 184 200 242 194 291 284 109 129 127 216 256 133 11 139 140 268 143 269 145 18 270 276 22 151 152 153 280 27 282 285 158 287 161 289 36 164 167 295 299 45 174 47 51 183 56 188 63 203 204 78 81 82 209 85 214 93 94 223 225 226 101 106 235 237 243 246 121 250 251 252 254 255 2 277 298 14 74 89 25 189 43 105 157 54 231 24 248 202 211 1 130 131 134 138 13 141 15 142 144 271 274 20 149 162 37 166 42 173 176 177 180 55 57 59 61 64 67 70 71 199 73 77 206 210 84 217 221 222 224 228 230 107 113 116 244 247 253 260 
Number of disconnected nodes: 293
Max available bandwidth: 800 Kbps
Average throughput: 337.385 Kbps
Throughput to bandwidth ratio: 0.421731
Packet loss percentage: 63.652%
Average delay: -nan ms
Average jitter: -nan ms
G_L: 0.0233

Nodes disconnected: 197 193 205 62 0 3 4 5 6 8 9 10 12 16 17 19 21 23 26 28 29 30 32 33 34 35 38 39 40 41 44 46 48 49 50 52 53 58 60 65 66 68 69 72 75 76 79 83 86 87 88 90 91 92 95 96 97 98 99 100 102 103 104 108 110 111 112 114 115 117 118 119 122 123 124 125 126 128 132 135 136 137 146 147 148 150 155 156 159 160 163 165 168 169 170 171 172 175 179 181 182 185 186 187 190 191 192 195 196 198 201 207 208 212 213 215 219 220 227 229 232 233 234 236 238 239 240 241 245 249 257 258 259 261 262 263 264 265 267 272 273 275 278 281 286 288 290 292 293 294 296 297 178 154 120 184 200 242 194 291 284 109 129 127 216 256 133 11 139 140 268 143 269 145 18 270 276 22 151 152 153 280 27 282 285 158 287 161 289 36 164 167 295 299 45 174 47 51 183 56 188 63 203 204 78 81 82 209 85 214 93 94 223 225 226 101 106 235 237 243 246 121 250 251 252 254 255 2 277 298 14 74 89 25 189 43 105 157 54 231 24 248 202 211 1 130 131 134 138 13 141 15 142 144 271 274 20 149 162 37 166 42 173 176 177 180 55 57 59 61 64 67 70 71 199 73 77 206 210 84 217 221 222 224 228 230 107 113 116 244 247 253 260 283 
Number of disconnected nodes: 294
Max available bandwidth: 800 Kbps
Average throughput: 303.605 Kbps
Throughput to bandwidth ratio: 0.379506
Packet loss percentage: 62.1686%
Average delay: -nan ms
Average jitter: -nan ms
G_L: 0.02

Nodes disconnected: 197 193 205 62 0 3 4 5 6 8 9 10 12 16 17 19 21 23 26 28 29 30 32 33 34 35 38 39 40 41 44 46 48 49 50 52 53 58 60 65 66 68 69 72 75 76 79 83 86 87 88 90 91 92 95 96 97 98 99 100 102 103 104 108 110 111 112 114 115 117 118 119 122 123 124 125 126 128 132 135 136 137 146 147 148 150 155 156 159 160 163 165 168 169 170 171 172 175 179 181 182 185 186 187 190 191 192 195 196 198 201 207 208 212 213 215 219 220 227 229 232 233 234 236 238 239 240 241 245 249 257 258 259 261 262 263 264 265 267 272 273 275 278 281 286 288 290 292 293 294 296 297 178 154 120 184 200 242 194 291 284 109 129 127 216 256 133 11 139 140 268 143 269 145 18 270 276 22 151 152 153 280 27 282 285 158 287 161 289 36 164 167 295 299 45 174 47 51 183 56 188 63 203 204 78 81 82 209 85 214 93 94 223 225 226 101 106 235 237 243 246 121 250 251 252 254 255 2 277 298 14 74 89 25 189 43 105 157 54 231 24 248 202 211 1 130 131 134 138 13 141 15 142 144 271 274 20 149 162 37 166 42 173 176 177 180 55 57 59 61 64 67 70 71 199 73 77 206 210 84 217 221 222 224 228 230 107 113 116 244 247 253 260 283 266 
Number of disconnected nodes: 295
Max available bandwidth: 800 Kbps
Average throughput: 250.768 Kbps
Throughput to bandwidth ratio: 0.31346
Packet loss percentage: 63.7638%
Average delay: -nan ms
Average jitter: -nan ms
G_L: 0.0167

Nodes disconnected: 197 193 205 62 0 3 4 5 6 8 9 10 12 16 17 19 21 23 26 28 29 30 32 33 34 35 38 39 40 41 44 46 48 49 50 52 53 58 60 65 66 68 69 72 75 76 79 83 86 87 88 90 91 92 95 96 97 98 99 100 102 103 104 108 110 111 112 114 115 117 118 119 122 123 124 125 126 128 132 135 136 137 146 147 148 150 155 156 159 160 163 165 168 169 170 171 172 175 179 181 182 185 186 187 190 191 192 195 196 198 201 207 208 212 213 215 219 220 227 229 232 233 234 236 238 239 240 241 245 249 257 258 259 261 262 263 264 265 267 272 273 275 278 281 286 288 290 292 293 294 296 297 178 154 120 184 200 242 194 291 284 109 129 127 216 256 133 11 139 140 268 143 269 145 18 270 276 22 151 152 153 280 27 282 285 158 287 161 289 36 164 167 295 299 45 174 47 51 183 56 188 63 203 204 78 81 82 209 85 214 93 94 223 225 226 101 106 235 237 243 246 121 250 251 252 254 255 2 277 298 14 74 89 25 189 43 105 157 54 231 24 248 202 211 1 130 131 134 138 13 141 15 142 144 271 274 20 149 162 37 166 42 173 176 177 180 55 57 59 61 64 67 70 71 199 73 77 206 210 84 217 221 222 224 228 230 107 113 116 244 247 253 260 283 266 7 80 279 218 31 
Number of disconnected nodes: 300
Max available bandwidth: 0 Kbps
Average throughput: 0 Kbps
Throughput to bandwidth ratio: -nan
Packet loss percentage: -nan%
Average delay: -nan ms
Average jitter: -nan ms
G_L: 0

