Nodes disconnected: 
Number of disconnected nodes: 0
Max available bandwidth: 33400 Kbps
Average throughput: 25289.2 Kbps
Throughput to bandwidth ratio: 0.757162
Packet loss percentage: 5.68588%
Average delay: 2125.04 ms
Average jitter: 597.51 ms
G_L: 1

Nodes disconnected: 116 
Number of disconnected nodes: 1
Max available bandwidth: 33400 Kbps
Average throughput: 25240.4 Kbps
Throughput to bandwidth ratio: 0.755702
Packet loss percentage: 5.73799%
Average delay: 2142.49 ms
Average jitter: 598.383 ms
G_L: 0.9967

Nodes disconnected: 116 169 219 
Number of disconnected nodes: 3
Max available bandwidth: 33300 Kbps
Average throughput: 24923.3 Kbps
Throughput to bandwidth ratio: 0.748448
Packet loss percentage: 6.10332%
Average delay: 2104.48 ms
Average jitter: 602.361 ms
G_L: 0.99

Nodes disconnected: 116 169 219 184 
Number of disconnected nodes: 4
Max available bandwidth: 33300 Kbps
Average throughput: 24854 Kbps
Throughput to bandwidth ratio: 0.746365
Packet loss percentage: 6.17927%
Average delay: 2169.11 ms
Average jitter: 592.726 ms
G_L: 0.9867

Nodes disconnected: 116 169 219 184 0 1 2 3 4 5 6 8 9 10 12 13 14 16 17 19 20 21 22 23 24 26 28 29 30 32 33 34 35 38 39 40 41 44 46 48 49 50 52 53 54 58 60 62 65 66 68 69 72 74 75 76 78 79 83 84 85 86 87 88 89 90 91 92 95 96 97 98 99 100 101 102 103 104 108 110 111 112 113 114 115 117 118 119 122 123 124 125 126 128 130 132 135 136 137 138 139 141 146 147 148 150 154 155 156 157 159 160 163 165 168 170 171 172 173 175 178 179 181 182 185 186 187 189 190 191 192 193 195 196 197 198 200 201 202 206 207 208 210 212 213 215 220 227 229 231 232 233 234 235 236 238 239 240 241 245 246 248 249 253 257 258 259 261 262 263 264 265 267 269 272 273 274 275 277 278 280 281 286 288 290 291 292 293 294 296 297 298 
Number of disconnected nodes: 192
Max available bandwidth: 12700 Kbps
Average throughput: 6710.91 Kbps
Throughput to bandwidth ratio: 0.528418
Packet loss percentage: 39.6917%
Average delay: 3215.91 ms
Average jitter: 645.012 ms
G_L: 0.36

Nodes disconnected: 116 169 219 184 0 1 2 3 4 5 6 8 9 10 12 13 14 16 17 19 20 21 22 23 24 26 28 29 30 32 33 34 35 38 39 40 41 44 46 48 49 50 52 53 54 58 60 62 65 66 68 69 72 74 75 76 78 79 83 84 85 86 87 88 89 90 91 92 95 96 97 98 99 100 101 102 103 104 108 110 111 112 113 114 115 117 118 119 122 123 124 125 126 128 130 132 135 136 137 138 139 141 146 147 148 150 154 155 156 157 159 160 163 165 168 170 171 172 173 175 178 179 181 182 185 186 187 189 190 191 192 193 195 196 197 198 200 201 202 206 207 208 210 212 213 215 220 227 229 231 232 233 234 235 236 238 239 240 241 245 246 248 249 253 257 258 259 261 262 263 264 265 267 269 272 273 274 275 277 278 280 281 286 288 290 291 292 293 294 296 297 298 131 70 230 
Number of disconnected nodes: 195
Max available bandwidth: 12500 Kbps
Average throughput: 6463.65 Kbps
Throughput to bandwidth ratio: 0.517092
Packet loss percentage: 40.2418%
Average delay: 3071.04 ms
Average jitter: 637.078 ms
G_L: 0.35

Nodes disconnected: 116 169 219 184 0 1 2 3 4 5 6 8 9 10 12 13 14 16 17 19 20 21 22 23 24 26 28 29 30 32 33 34 35 38 39 40 41 44 46 48 49 50 52 53 54 58 60 62 65 66 68 69 72 74 75 76 78 79 83 84 85 86 87 88 89 90 91 92 95 96 97 98 99 100 101 102 103 104 108 110 111 112 113 114 115 117 118 119 122 123 124 125 126 128 130 132 135 136 137 138 139 141 146 147 148 150 154 155 156 157 159 160 163 165 168 170 171 172 173 175 178 179 181 182 185 186 187 189 190 191 192 193 195 196 197 198 200 201 202 206 207 208 210 212 213 215 220 227 229 231 232 233 234 235 236 238 239 240 241 245 246 248 249 253 257 258 259 261 262 263 264 265 267 269 272 273 274 275 277 278 280 281 286 288 290 291 292 293 294 296 297 298 131 70 230 224 199 176 180 183 121 251 94 
Number of disconnected nodes: 203
Max available bandwidth: 12100 Kbps
Average throughput: 5909.32 Kbps
Throughput to bandwidth ratio: 0.488374
Packet loss percentage: 41.5183%
Average delay: 3227.34 ms
Average jitter: 595.318 ms
G_L: 0.3233

Nodes disconnected: 116 169 219 184 0 1 2 3 4 5 6 8 9 10 12 13 14 16 17 19 20 21 22 23 24 26 28 29 30 32 33 34 35 38 39 40 41 44 46 48 49 50 52 53 54 58 60 62 65 66 68 69 72 74 75 76 78 79 83 84 85 86 87 88 89 90 91 92 95 96 97 98 99 100 101 102 103 104 108 110 111 112 113 114 115 117 118 119 122 123 124 125 126 128 130 132 135 136 137 138 139 141 146 147 148 150 154 155 156 157 159 160 163 165 168 170 171 172 173 175 178 179 181 182 185 186 187 189 190 191 192 193 195 196 197 198 200 201 202 206 207 208 210 212 213 215 220 227 229 231 232 233 234 235 236 238 239 240 241 245 246 248 249 253 257 258 259 261 262 263 264 265 267 269 272 273 274 275 277 278 280 281 286 288 290 291 292 293 294 296 297 298 131 70 230 224 199 176 180 183 121 251 94 161 194 226 164 133 289 80 209 276 247 282 284 63 
Number of disconnected nodes: 216
Max available bandwidth: 11000 Kbps
Average throughput: 4927.02 Kbps
Throughput to bandwidth ratio: 0.447911
Packet loss percentage: 43.7743%
Average delay: 2422.77 ms
Average jitter: 520.435 ms
G_L: 0.28

Nodes disconnected: 116 169 219 184 0 1 2 3 4 5 6 8 9 10 12 13 14 16 17 19 20 21 22 23 24 26 28 29 30 32 33 34 35 38 39 40 41 44 46 48 49 50 52 53 54 58 60 62 65 66 68 69 72 74 75 76 78 79 83 84 85 86 87 88 89 90 91 92 95 96 97 98 99 100 101 102 103 104 108 110 111 112 113 114 115 117 118 119 122 123 124 125 126 128 130 132 135 136 137 138 139 141 146 147 148 150 154 155 156 157 159 160 163 165 168 170 171 172 173 175 178 179 181 182 185 186 187 189 190 191 192 193 195 196 197 198 200 201 202 206 207 208 210 212 213 215 220 227 229 231 232 233 234 235 236 238 239 240 241 245 246 248 249 253 257 258 259 261 262 263 264 265 267 269 272 273 274 275 277 278 280 281 286 288 290 291 292 293 294 296 297 298 131 70 230 224 199 176 180 183 121 251 94 161 194 226 164 133 289 80 209 276 247 282 284 63 225 223 255 43 299 174 145 51 151 221 25 250 59 93 254 127 
Number of disconnected nodes: 232
Max available bandwidth: 9200 Kbps
Average throughput: 3688.8 Kbps
Throughput to bandwidth ratio: 0.400956
Packet loss percentage: 48.4994%
Average delay: 1623.04 ms
Average jitter: 438.462 ms
G_L: 0.2267

Nodes disconnected: 116 169 219 184 0 1 2 3 4 5 6 8 9 10 12 13 14 16 17 19 20 21 22 23 24 26 28 29 30 32 33 34 35 38 39 40 41 44 46 48 49 50 52 53 54 58 60 62 65 66 68 69 72 74 75 76 78 79 83 84 85 86 87 88 89 90 91 92 95 96 97 98 99 100 101 102 103 104 108 110 111 112 113 114 115 117 118 119 122 123 124 125 126 128 130 132 135 136 137 138 139 141 146 147 148 150 154 155 156 157 159 160 163 165 168 170 171 172 173 175 178 179 181 182 185 186 187 189 190 191 192 193 195 196 197 198 200 201 202 206 207 208 210 212 213 215 220 227 229 231 232 233 234 235 236 238 239 240 241 245 246 248 249 253 257 258 259 261 262 263 264 265 267 269 272 273 274 275 277 278 280 281 286 288 290 291 292 293 294 296 297 298 131 70 230 224 199 176 180 183 121 251 94 161 194 226 164 133 289 80 209 276 247 282 284 63 225 223 255 43 299 174 145 51 151 221 25 250 59 93 254 127 56 
Number of disconnected nodes: 233
Max available bandwidth: 9100 Kbps
Average throughput: 3605.79 Kbps
Throughput to bandwidth ratio: 0.396241
Packet loss percentage: 48.8725%
Average delay: 1456.09 ms
Average jitter: 412.664 ms
G_L: 0.2233

Nodes disconnected: 116 169 219 184 0 1 2 3 4 5 6 8 9 10 12 13 14 16 17 19 20 21 22 23 24 26 28 29 30 32 33 34 35 38 39 40 41 44 46 48 49 50 52 53 54 58 60 62 65 66 68 69 72 74 75 76 78 79 83 84 85 86 87 88 89 90 91 92 95 96 97 98 99 100 101 102 103 104 108 110 111 112 113 114 115 117 118 119 122 123 124 125 126 128 130 132 135 136 137 138 139 141 146 147 148 150 154 155 156 157 159 160 163 165 168 170 171 172 173 175 178 179 181 182 185 186 187 189 190 191 192 193 195 196 197 198 200 201 202 206 207 208 210 212 213 215 220 227 229 231 232 233 234 235 236 238 239 240 241 245 246 248 249 253 257 258 259 261 262 263 264 265 267 269 272 273 274 275 277 278 280 281 286 288 290 291 292 293 294 296 297 298 131 70 230 224 199 176 180 183 121 251 94 161 194 226 164 133 289 80 209 276 247 282 284 63 225 223 255 43 299 174 145 51 151 221 25 250 59 93 254 127 56 256 129 260 134 7 266 11 140 268 142 15 143 144 18 270 271 149 279 152 153 27 283 285 158 31 287 36 37 166 167 295 42 45 47 177 55 57 188 61 64 73 203 204 77 205 81 82 211 214 216 217 218 222 228 105 106 107 109 237 242 243 120 252 
Number of disconnected nodes: 296
Max available bandwidth: 200 Kbps
Average throughput: 50.4362 Kbps
Throughput to bandwidth ratio: 0.252181
Packet loss percentage: 83.3195%
Average delay: -nan ms
Average jitter: -nan ms
G_L: 0.0133

Nodes disconnected: 116 169 219 184 0 1 2 3 4 5 6 8 9 10 12 13 14 16 17 19 20 21 22 23 24 26 28 29 30 32 33 34 35 38 39 40 41 44 46 48 49 50 52 53 54 58 60 62 65 66 68 69 72 74 75 76 78 79 83 84 85 86 87 88 89 90 91 92 95 96 97 98 99 100 101 102 103 104 108 110 111 112 113 114 115 117 118 119 122 123 124 125 126 128 130 132 135 136 137 138 139 141 146 147 148 150 154 155 156 157 159 160 163 165 168 170 171 172 173 175 178 179 181 182 185 186 187 189 190 191 192 193 195 196 197 198 200 201 202 206 207 208 210 212 213 215 220 227 229 231 232 233 234 235 236 238 239 240 241 245 246 248 249 253 257 258 259 261 262 263 264 265 267 269 272 273 274 275 277 278 280 281 286 288 290 291 292 293 294 296 297 298 131 70 230 224 199 176 180 183 121 251 94 161 194 226 164 133 289 80 209 276 247 282 284 63 225 223 255 43 299 174 145 51 151 221 25 250 59 93 254 127 56 256 129 260 134 7 266 11 140 268 142 15 143 144 18 270 271 149 279 152 153 27 283 285 158 31 287 36 37 166 167 295 42 45 47 177 55 57 188 61 64 73 203 204 77 205 81 82 211 214 216 217 218 222 228 105 106 107 109 237 242 243 120 252 162 67 244 71 
Number of disconnected nodes: 300
Max available bandwidth: 0 Kbps
Average throughput: 0 Kbps
Throughput to bandwidth ratio: -nan
Packet loss percentage: -nan%
Average delay: -nan ms
Average jitter: -nan ms
G_L: 0

