Nodes disconnected: 
Number of disconnected nodes: 0
Max available bandwidth: 33400 Kbps
Average throughput: 25289.2 Kbps
Throughput to bandwidth ratio: 0.757162
Packet loss percentage: 5.68588%
Average delay: 2125.04 ms
Average jitter: 597.51 ms
G_L: 1

Nodes disconnected: 101 
Number of disconnected nodes: 1
Max available bandwidth: 33400 Kbps
Average throughput: 25212.8 Kbps
Throughput to bandwidth ratio: 0.754873
Packet loss percentage: 5.76049%
Average delay: 2111.88 ms
Average jitter: 594.15 ms
G_L: 0.9967

Nodes disconnected: 101 256 
Number of disconnected nodes: 2
Max available bandwidth: 33400 Kbps
Average throughput: 25187.7 Kbps
Throughput to bandwidth ratio: 0.754124
Packet loss percentage: 5.8629%
Average delay: 2147.27 ms
Average jitter: 592.544 ms
G_L: 0.9933

Nodes disconnected: 101 256 0 3 4 5 6 8 9 10 12 14 16 17 21 23 26 28 29 30 32 33 34 35 38 39 40 41 44 46 48 49 50 52 53 54 58 60 62 65 66 68 69 70 72 75 76 79 83 86 88 89 90 91 92 95 96 97 98 99 100 102 103 104 108 110 111 112 114 115 117 118 119 122 123 124 125 126 128 132 135 136 137 138 143 146 147 148 150 154 155 156 159 160 161 163 165 168 169 170 171 172 175 178 179 181 182 185 186 187 190 191 192 193 195 196 197 198 201 207 208 209 210 212 213 215 219 220 227 229 232 233 234 236 238 239 240 241 245 246 248 249 257 258 259 261 262 263 264 265 267 272 273 275 278 281 286 288 290 291 292 293 294 296 297 298 
Number of disconnected nodes: 166
Max available bandwidth: 15100 Kbps
Average throughput: 8549.02 Kbps
Throughput to bandwidth ratio: 0.56616
Packet loss percentage: 37.7338%
Average delay: 2947.55 ms
Average jitter: 626.427 ms
G_L: 0.4467

Nodes disconnected: 101 256 0 3 4 5 6 8 9 10 12 14 16 17 21 23 26 28 29 30 32 33 34 35 38 39 40 41 44 46 48 49 50 52 53 54 58 60 62 65 66 68 69 70 72 75 76 79 83 86 88 89 90 91 92 95 96 97 98 99 100 102 103 104 108 110 111 112 114 115 117 118 119 122 123 124 125 126 128 132 135 136 137 138 143 146 147 148 150 154 155 156 159 160 161 163 165 168 169 170 171 172 175 178 179 181 182 185 186 187 190 191 192 193 195 196 197 198 201 207 208 209 210 212 213 215 219 220 227 229 232 233 234 236 238 239 240 241 245 246 248 249 257 258 259 261 262 263 264 265 267 272 273 275 278 281 286 288 290 291 292 293 294 296 297 298 1 2 130 131 255 141 274 19 20 276 277 151 24 153 279 157 285 31 167 173 174 51 189 200 74 202 206 84 87 216 217 221 94 223 225 231 106 235 113 250 253 127 
Number of disconnected nodes: 208
Max available bandwidth: 11100 Kbps
Average throughput: 5278.6 Kbps
Throughput to bandwidth ratio: 0.475549
Packet loss percentage: 45.3541%
Average delay: 2236.05 ms
Average jitter: 552.898 ms
G_L: 0.3067

Nodes disconnected: 101 256 0 3 4 5 6 8 9 10 12 14 16 17 21 23 26 28 29 30 32 33 34 35 38 39 40 41 44 46 48 49 50 52 53 54 58 60 62 65 66 68 69 70 72 75 76 79 83 86 88 89 90 91 92 95 96 97 98 99 100 102 103 104 108 110 111 112 114 115 117 118 119 122 123 124 125 126 128 132 135 136 137 138 143 146 147 148 150 154 155 156 159 160 161 163 165 168 169 170 171 172 175 178 179 181 182 185 186 187 190 191 192 193 195 196 197 198 201 207 208 209 210 212 213 215 219 220 227 229 232 233 234 236 238 239 240 241 245 246 248 249 257 258 259 261 262 263 264 265 267 272 273 275 278 281 286 288 290 291 292 293 294 296 297 298 1 2 130 131 255 141 274 19 20 276 277 151 24 153 279 157 285 31 167 173 174 51 189 200 74 202 206 84 87 216 217 221 94 223 225 231 106 235 113 250 253 127 271 
Number of disconnected nodes: 209
Max available bandwidth: 11100 Kbps
Average throughput: 5206.07 Kbps
Throughput to bandwidth ratio: 0.469015
Packet loss percentage: 45.3046%
Average delay: 2321.07 ms
Average jitter: 553.106 ms
G_L: 0.3033

Nodes disconnected: 101 256 0 3 4 5 6 8 9 10 12 14 16 17 21 23 26 28 29 30 32 33 34 35 38 39 40 41 44 46 48 49 50 52 53 54 58 60 62 65 66 68 69 70 72 75 76 79 83 86 88 89 90 91 92 95 96 97 98 99 100 102 103 104 108 110 111 112 114 115 117 118 119 122 123 124 125 126 128 132 135 136 137 138 143 146 147 148 150 154 155 156 159 160 161 163 165 168 169 170 171 172 175 178 179 181 182 185 186 187 190 191 192 193 195 196 197 198 201 207 208 209 210 212 213 215 219 220 227 229 232 233 234 236 238 239 240 241 245 246 248 249 257 258 259 261 262 263 264 265 267 272 273 275 278 281 286 288 290 291 292 293 294 296 297 298 1 2 130 131 255 141 274 19 20 276 277 151 24 153 279 157 285 31 167 173 174 51 189 200 74 202 206 84 87 216 217 221 94 223 225 231 106 235 113 250 253 127 271 203 
Number of disconnected nodes: 210
Max available bandwidth: 11000 Kbps
Average throughput: 5147.51 Kbps
Throughput to bandwidth ratio: 0.467955
Packet loss percentage: 46.0247%
Average delay: 2566.09 ms
Average jitter: 587.458 ms
G_L: 0.3

Nodes disconnected: 101 256 0 3 4 5 6 8 9 10 12 14 16 17 21 23 26 28 29 30 32 33 34 35 38 39 40 41 44 46 48 49 50 52 53 54 58 60 62 65 66 68 69 70 72 75 76 79 83 86 88 89 90 91 92 95 96 97 98 99 100 102 103 104 108 110 111 112 114 115 117 118 119 122 123 124 125 126 128 132 135 136 137 138 143 146 147 148 150 154 155 156 159 160 161 163 165 168 169 170 171 172 175 178 179 181 182 185 186 187 190 191 192 193 195 196 197 198 201 207 208 209 210 212 213 215 219 220 227 229 232 233 234 236 238 239 240 241 245 246 248 249 257 258 259 261 262 263 264 265 267 272 273 275 278 281 286 288 290 291 292 293 294 296 297 298 1 2 130 131 255 141 274 19 20 276 277 151 24 153 279 157 285 31 167 173 174 51 189 200 74 202 206 84 87 216 217 221 94 223 225 231 106 235 113 250 253 127 271 203 176 180 142 199 
Number of disconnected nodes: 214
Max available bandwidth: 10900 Kbps
Average throughput: 4898.42 Kbps
Throughput to bandwidth ratio: 0.449397
Packet loss percentage: 46.4965%
Average delay: 2509.05 ms
Average jitter: 587.599 ms
G_L: 0.2867

Nodes disconnected: 101 256 0 3 4 5 6 8 9 10 12 14 16 17 21 23 26 28 29 30 32 33 34 35 38 39 40 41 44 46 48 49 50 52 53 54 58 60 62 65 66 68 69 70 72 75 76 79 83 86 88 89 90 91 92 95 96 97 98 99 100 102 103 104 108 110 111 112 114 115 117 118 119 122 123 124 125 126 128 132 135 136 137 138 143 146 147 148 150 154 155 156 159 160 161 163 165 168 169 170 171 172 175 178 179 181 182 185 186 187 190 191 192 193 195 196 197 198 201 207 208 209 210 212 213 215 219 220 227 229 232 233 234 236 238 239 240 241 245 246 248 249 257 258 259 261 262 263 264 265 267 272 273 275 278 281 286 288 290 291 292 293 294 296 297 298 1 2 130 131 255 141 274 19 20 276 277 151 24 153 279 157 285 31 167 173 174 51 189 200 74 202 206 84 87 216 217 221 94 223 225 231 106 235 113 250 253 127 271 203 176 180 142 199 105 
Number of disconnected nodes: 215
Max available bandwidth: 10900 Kbps
Average throughput: 4855.7 Kbps
Throughput to bandwidth ratio: 0.445477
Packet loss percentage: 46.6036%
Average delay: 2420.64 ms
Average jitter: 567.233 ms
G_L: 0.2833

Nodes disconnected: 101 256 0 3 4 5 6 8 9 10 12 14 16 17 21 23 26 28 29 30 32 33 34 35 38 39 40 41 44 46 48 49 50 52 53 54 58 60 62 65 66 68 69 70 72 75 76 79 83 86 88 89 90 91 92 95 96 97 98 99 100 102 103 104 108 110 111 112 114 115 117 118 119 122 123 124 125 126 128 132 135 136 137 138 143 146 147 148 150 154 155 156 159 160 161 163 165 168 169 170 171 172 175 178 179 181 182 185 186 187 190 191 192 193 195 196 197 198 201 207 208 209 210 212 213 215 219 220 227 229 232 233 234 236 238 239 240 241 245 246 248 249 257 258 259 261 262 263 264 265 267 272 273 275 278 281 286 288 290 291 292 293 294 296 297 298 1 2 130 131 255 141 274 19 20 276 277 151 24 153 279 157 285 31 167 173 174 51 189 200 74 202 206 84 87 216 217 221 94 223 225 231 106 235 113 250 253 127 271 203 176 180 142 199 105 129 289 287 81 18 56 282 63 
Number of disconnected nodes: 223
Max available bandwidth: 10200 Kbps
Average throughput: 4314.88 Kbps
Throughput to bandwidth ratio: 0.423028
Packet loss percentage: 47.7541%
Average delay: 1754.08 ms
Average jitter: 498.022 ms
G_L: 0.2567

Nodes disconnected: 101 256 0 3 4 5 6 8 9 10 12 14 16 17 21 23 26 28 29 30 32 33 34 35 38 39 40 41 44 46 48 49 50 52 53 54 58 60 62 65 66 68 69 70 72 75 76 79 83 86 88 89 90 91 92 95 96 97 98 99 100 102 103 104 108 110 111 112 114 115 117 118 119 122 123 124 125 126 128 132 135 136 137 138 143 146 147 148 150 154 155 156 159 160 161 163 165 168 169 170 171 172 175 178 179 181 182 185 186 187 190 191 192 193 195 196 197 198 201 207 208 209 210 212 213 215 219 220 227 229 232 233 234 236 238 239 240 241 245 246 248 249 257 258 259 261 262 263 264 265 267 272 273 275 278 281 286 288 290 291 292 293 294 296 297 298 1 2 130 131 255 141 274 19 20 276 277 151 24 153 279 157 285 31 167 173 174 51 189 200 74 202 206 84 87 216 217 221 94 223 225 231 106 235 113 250 253 127 271 203 176 180 142 199 105 129 289 287 81 18 56 282 63 224 299 144 254 158 
Number of disconnected nodes: 228
Max available bandwidth: 10000 Kbps
Average throughput: 3928.35 Kbps
Throughput to bandwidth ratio: 0.392835
Packet loss percentage: 48.7919%
Average delay: 1445.05 ms
Average jitter: 472.565 ms
G_L: 0.24

Nodes disconnected: 101 256 0 3 4 5 6 8 9 10 12 14 16 17 21 23 26 28 29 30 32 33 34 35 38 39 40 41 44 46 48 49 50 52 53 54 58 60 62 65 66 68 69 70 72 75 76 79 83 86 88 89 90 91 92 95 96 97 98 99 100 102 103 104 108 110 111 112 114 115 117 118 119 122 123 124 125 126 128 132 135 136 137 138 143 146 147 148 150 154 155 156 159 160 161 163 165 168 169 170 171 172 175 178 179 181 182 185 186 187 190 191 192 193 195 196 197 198 201 207 208 209 210 212 213 215 219 220 227 229 232 233 234 236 238 239 240 241 245 246 248 249 257 258 259 261 262 263 264 265 267 272 273 275 278 281 286 288 290 291 292 293 294 296 297 298 1 2 130 131 255 141 274 19 20 276 277 151 24 153 279 157 285 31 167 173 174 51 189 200 74 202 206 84 87 216 217 221 94 223 225 231 106 235 113 250 253 127 271 203 176 180 142 199 105 129 289 287 81 18 56 282 63 224 299 144 254 158 139 13 78 269 85 22 280 
Number of disconnected nodes: 235
Max available bandwidth: 9200 Kbps
Average throughput: 3440.01 Kbps
Throughput to bandwidth ratio: 0.373914
Packet loss percentage: 50.3171%
Average delay: 1622.55 ms
Average jitter: 462.725 ms
G_L: 0.2167

Nodes disconnected: 101 256 0 3 4 5 6 8 9 10 12 14 16 17 21 23 26 28 29 30 32 33 34 35 38 39 40 41 44 46 48 49 50 52 53 54 58 60 62 65 66 68 69 70 72 75 76 79 83 86 88 89 90 91 92 95 96 97 98 99 100 102 103 104 108 110 111 112 114 115 117 118 119 122 123 124 125 126 128 132 135 136 137 138 143 146 147 148 150 154 155 156 159 160 161 163 165 168 169 170 171 172 175 178 179 181 182 185 186 187 190 191 192 193 195 196 197 198 201 207 208 209 210 212 213 215 219 220 227 229 232 233 234 236 238 239 240 241 245 246 248 249 257 258 259 261 262 263 264 265 267 272 273 275 278 281 286 288 290 291 292 293 294 296 297 298 1 2 130 131 255 141 274 19 20 276 277 151 24 153 279 157 285 31 167 173 174 51 189 200 74 202 206 84 87 216 217 221 94 223 225 231 106 235 113 250 253 127 271 203 176 180 142 199 105 129 289 287 81 18 56 282 63 224 299 144 254 158 139 13 78 269 85 22 280 149 
Number of disconnected nodes: 236
Max available bandwidth: 9200 Kbps
Average throughput: 3381.68 Kbps
Throughput to bandwidth ratio: 0.367574
Packet loss percentage: 50.3567%
Average delay: 1532.79 ms
Average jitter: 463.176 ms
G_L: 0.2133

Nodes disconnected: 101 256 0 3 4 5 6 8 9 10 12 14 16 17 21 23 26 28 29 30 32 33 34 35 38 39 40 41 44 46 48 49 50 52 53 54 58 60 62 65 66 68 69 70 72 75 76 79 83 86 88 89 90 91 92 95 96 97 98 99 100 102 103 104 108 110 111 112 114 115 117 118 119 122 123 124 125 126 128 132 135 136 137 138 143 146 147 148 150 154 155 156 159 160 161 163 165 168 169 170 171 172 175 178 179 181 182 185 186 187 190 191 192 193 195 196 197 198 201 207 208 209 210 212 213 215 219 220 227 229 232 233 234 236 238 239 240 241 245 246 248 249 257 258 259 261 262 263 264 265 267 272 273 275 278 281 286 288 290 291 292 293 294 296 297 298 1 2 130 131 255 141 274 19 20 276 277 151 24 153 279 157 285 31 167 173 174 51 189 200 74 202 206 84 87 216 217 221 94 223 225 231 106 235 113 250 253 127 271 203 176 180 142 199 105 129 289 287 81 18 56 282 63 224 299 144 254 158 139 13 78 269 85 22 280 149 36 
Number of disconnected nodes: 237
Max available bandwidth: 9000 Kbps
Average throughput: 3196.44 Kbps
Throughput to bandwidth ratio: 0.35516
Packet loss percentage: 52.4803%
Average delay: 905.162 ms
Average jitter: 430.837 ms
G_L: 0.21

Nodes disconnected: 101 256 0 3 4 5 6 8 9 10 12 14 16 17 21 23 26 28 29 30 32 33 34 35 38 39 40 41 44 46 48 49 50 52 53 54 58 60 62 65 66 68 69 70 72 75 76 79 83 86 88 89 90 91 92 95 96 97 98 99 100 102 103 104 108 110 111 112 114 115 117 118 119 122 123 124 125 126 128 132 135 136 137 138 143 146 147 148 150 154 155 156 159 160 161 163 165 168 169 170 171 172 175 178 179 181 182 185 186 187 190 191 192 193 195 196 197 198 201 207 208 209 210 212 213 215 219 220 227 229 232 233 234 236 238 239 240 241 245 246 248 249 257 258 259 261 262 263 264 265 267 272 273 275 278 281 286 288 290 291 292 293 294 296 297 298 1 2 130 131 255 141 274 19 20 276 277 151 24 153 279 157 285 31 167 173 174 51 189 200 74 202 206 84 87 216 217 221 94 223 225 231 106 235 113 250 253 127 271 203 176 180 142 199 105 129 289 287 81 18 56 282 63 224 299 144 254 158 139 13 78 269 85 22 280 149 36 228 230 266 15 242 
Number of disconnected nodes: 242
Max available bandwidth: 8800 Kbps
Average throughput: 3030.22 Kbps
Throughput to bandwidth ratio: 0.344343
Packet loss percentage: 52.1097%
Average delay: 1106.21 ms
Average jitter: 449.354 ms
G_L: 0.1933

Nodes disconnected: 101 256 0 3 4 5 6 8 9 10 12 14 16 17 21 23 26 28 29 30 32 33 34 35 38 39 40 41 44 46 48 49 50 52 53 54 58 60 62 65 66 68 69 70 72 75 76 79 83 86 88 89 90 91 92 95 96 97 98 99 100 102 103 104 108 110 111 112 114 115 117 118 119 122 123 124 125 126 128 132 135 136 137 138 143 146 147 148 150 154 155 156 159 160 161 163 165 168 169 170 171 172 175 178 179 181 182 185 186 187 190 191 192 193 195 196 197 198 201 207 208 209 210 212 213 215 219 220 227 229 232 233 234 236 238 239 240 241 245 246 248 249 257 258 259 261 262 263 264 265 267 272 273 275 278 281 286 288 290 291 292 293 294 296 297 298 1 2 130 131 255 141 274 19 20 276 277 151 24 153 279 157 285 31 167 173 174 51 189 200 74 202 206 84 87 216 217 221 94 223 225 231 106 235 113 250 253 127 271 203 176 180 142 199 105 129 289 287 81 18 56 282 63 224 299 144 254 158 139 13 78 269 85 22 280 149 36 228 230 266 15 242 260 133 134 7 11 140 268 270 145 152 25 27 283 284 164 37 166 295 42 43 45 47 177 55 183 57 184 59 188 61 64 194 73 204 77 205 80 82 211 214 218 93 222 226 107 109 237 243 116 247 120 121 251 252 
Number of disconnected nodes: 296
Max available bandwidth: 200 Kbps
Average throughput: 50.4362 Kbps
Throughput to bandwidth ratio: 0.252181
Packet loss percentage: 83.3195%
Average delay: -nan ms
Average jitter: -nan ms
G_L: 0.0133

Nodes disconnected: 101 256 0 3 4 5 6 8 9 10 12 14 16 17 21 23 26 28 29 30 32 33 34 35 38 39 40 41 44 46 48 49 50 52 53 54 58 60 62 65 66 68 69 70 72 75 76 79 83 86 88 89 90 91 92 95 96 97 98 99 100 102 103 104 108 110 111 112 114 115 117 118 119 122 123 124 125 126 128 132 135 136 137 138 143 146 147 148 150 154 155 156 159 160 161 163 165 168 169 170 171 172 175 178 179 181 182 185 186 187 190 191 192 193 195 196 197 198 201 207 208 209 210 212 213 215 219 220 227 229 232 233 234 236 238 239 240 241 245 246 248 249 257 258 259 261 262 263 264 265 267 272 273 275 278 281 286 288 290 291 292 293 294 296 297 298 1 2 130 131 255 141 274 19 20 276 277 151 24 153 279 157 285 31 167 173 174 51 189 200 74 202 206 84 87 216 217 221 94 223 225 231 106 235 113 250 253 127 271 203 176 180 142 199 105 129 289 287 81 18 56 282 63 224 299 144 254 158 139 13 78 269 85 22 280 149 36 228 230 266 15 242 260 133 134 7 11 140 268 270 145 152 25 27 283 284 164 37 166 295 42 43 45 47 177 55 183 57 184 59 188 61 64 194 73 204 77 205 80 82 211 214 218 93 222 226 107 109 237 243 116 247 120 121 251 252 162 67 244 71 
Number of disconnected nodes: 300
Max available bandwidth: 0 Kbps
Average throughput: 0 Kbps
Throughput to bandwidth ratio: -nan
Packet loss percentage: -nan%
Average delay: -nan ms
Average jitter: -nan ms
G_L: 0

