Nodes disconnected: 
Number of disconnected nodes: 0
Max available bandwidth: 33400 Kbps
Average throughput: 17066.1 Kbps
Throughput to bandwidth ratio: 0.51096
Packet loss percentage: 5.24779%
Average delay: 7759.93 ms
Average jitter: 4220.61 ms
G_L: 1

Nodes disconnected: 299 93 174 254 
Number of disconnected nodes: 4
Max available bandwidth: 32900 Kbps
Average throughput: 16856.4 Kbps
Throughput to bandwidth ratio: 0.512353
Packet loss percentage: 5.18679%
Average delay: 8472.87 ms
Average jitter: 4747.57 ms
G_L: 0.9867

Nodes disconnected: 299 93 174 254 209 143 
Number of disconnected nodes: 6
Max available bandwidth: 32700 Kbps
Average throughput: 16706.7 Kbps
Throughput to bandwidth ratio: 0.510908
Packet loss percentage: 5.2083%
Average delay: 8129.63 ms
Average jitter: 4321.22 ms
G_L: 0.98

Nodes disconnected: 299 93 174 254 209 143 0 2 3 4 5 6 8 9 10 12 16 17 21 23 26 28 29 30 32 33 34 35 38 39 40 41 44 46 48 49 50 52 53 54 58 60 62 65 66 68 69 72 75 76 79 83 86 88 89 90 91 92 95 96 97 98 99 100 102 103 104 108 110 111 112 114 115 117 118 119 122 123 124 125 126 127 128 132 135 136 137 138 146 147 148 150 154 155 156 159 160 163 165 168 169 170 171 172 175 178 179 181 182 185 186 187 190 191 192 193 195 196 197 198 201 207 208 210 212 213 215 219 220 221 225 227 229 232 233 234 236 238 239 240 241 245 246 249 257 258 259 261 262 263 264 265 267 272 273 275 277 278 281 286 288 290 291 292 293 294 296 297 298 
Number of disconnected nodes: 169
Max available bandwidth: 14800 Kbps
Average throughput: 6430.59 Kbps
Throughput to bandwidth ratio: 0.434499
Packet loss percentage: 36.0196%
Average delay: 7166.19 ms
Average jitter: 2656.93 ms
G_L: 0.4367

Nodes disconnected: 299 93 174 254 209 143 0 2 3 4 5 6 8 9 10 12 16 17 21 23 26 28 29 30 32 33 34 35 38 39 40 41 44 46 48 49 50 52 53 54 58 60 62 65 66 68 69 72 75 76 79 83 86 88 89 90 91 92 95 96 97 98 99 100 102 103 104 108 110 111 112 114 115 117 118 119 122 123 124 125 126 127 128 132 135 136 137 138 146 147 148 150 154 155 156 159 160 163 165 168 169 170 171 172 175 178 179 181 182 185 186 187 190 191 192 193 195 196 197 198 201 207 208 210 212 213 215 219 220 221 225 227 229 232 233 234 236 238 239 240 241 245 246 249 257 258 259 261 262 263 264 265 267 272 273 275 277 278 281 286 288 290 291 292 293 294 296 297 298 295 
Number of disconnected nodes: 170
Max available bandwidth: 14800 Kbps
Average throughput: 6422.63 Kbps
Throughput to bandwidth ratio: 0.433961
Packet loss percentage: 38.2925%
Average delay: 6888.54 ms
Average jitter: 2083.88 ms
G_L: 0.4333

Nodes disconnected: 299 93 174 254 209 143 0 2 3 4 5 6 8 9 10 12 16 17 21 23 26 28 29 30 32 33 34 35 38 39 40 41 44 46 48 49 50 52 53 54 58 60 62 65 66 68 69 72 75 76 79 83 86 88 89 90 91 92 95 96 97 98 99 100 102 103 104 108 110 111 112 114 115 117 118 119 122 123 124 125 126 127 128 132 135 136 137 138 146 147 148 150 154 155 156 159 160 163 165 168 169 170 171 172 175 178 179 181 182 185 186 187 190 191 192 193 195 196 197 198 201 207 208 210 212 213 215 219 220 221 225 227 229 232 233 234 236 238 239 240 241 245 246 249 257 258 259 261 262 263 264 265 267 272 273 275 277 278 281 286 288 290 291 292 293 294 296 297 298 295 13 
Number of disconnected nodes: 171
Max available bandwidth: 14700 Kbps
Average throughput: 6377.95 Kbps
Throughput to bandwidth ratio: 0.433874
Packet loss percentage: 36.9562%
Average delay: 7308.44 ms
Average jitter: 2599.66 ms
G_L: 0.43

Nodes disconnected: 299 93 174 254 209 143 0 2 3 4 5 6 8 9 10 12 16 17 21 23 26 28 29 30 32 33 34 35 38 39 40 41 44 46 48 49 50 52 53 54 58 60 62 65 66 68 69 72 75 76 79 83 86 88 89 90 91 92 95 96 97 98 99 100 102 103 104 108 110 111 112 114 115 117 118 119 122 123 124 125 126 127 128 132 135 136 137 138 146 147 148 150 154 155 156 159 160 163 165 168 169 170 171 172 175 178 179 181 182 185 186 187 190 191 192 193 195 196 197 198 201 207 208 210 212 213 215 219 220 221 225 227 229 232 233 234 236 238 239 240 241 245 246 249 257 258 259 261 262 263 264 265 267 272 273 275 277 278 281 286 288 290 291 292 293 294 296 297 298 295 13 235 
Number of disconnected nodes: 172
Max available bandwidth: 14600 Kbps
Average throughput: 6365.52 Kbps
Throughput to bandwidth ratio: 0.435994
Packet loss percentage: 37.0391%
Average delay: 7827.28 ms
Average jitter: 2410.6 ms
G_L: 0.4267

Nodes disconnected: 299 93 174 254 209 143 0 2 3 4 5 6 8 9 10 12 16 17 21 23 26 28 29 30 32 33 34 35 38 39 40 41 44 46 48 49 50 52 53 54 58 60 62 65 66 68 69 72 75 76 79 83 86 88 89 90 91 92 95 96 97 98 99 100 102 103 104 108 110 111 112 114 115 117 118 119 122 123 124 125 126 127 128 132 135 136 137 138 146 147 148 150 154 155 156 159 160 163 165 168 169 170 171 172 175 178 179 181 182 185 186 187 190 191 192 193 195 196 197 198 201 207 208 210 212 213 215 219 220 221 225 227 229 232 233 234 236 238 239 240 241 245 246 249 257 258 259 261 262 263 264 265 267 272 273 275 277 278 281 286 288 290 291 292 293 294 296 297 298 295 13 235 216 
Number of disconnected nodes: 173
Max available bandwidth: 14500 Kbps
Average throughput: 6424.37 Kbps
Throughput to bandwidth ratio: 0.44306
Packet loss percentage: 36.2633%
Average delay: 7915.41 ms
Average jitter: 2598.95 ms
G_L: 0.4233

Nodes disconnected: 299 93 174 254 209 143 0 2 3 4 5 6 8 9 10 12 16 17 21 23 26 28 29 30 32 33 34 35 38 39 40 41 44 46 48 49 50 52 53 54 58 60 62 65 66 68 69 72 75 76 79 83 86 88 89 90 91 92 95 96 97 98 99 100 102 103 104 108 110 111 112 114 115 117 118 119 122 123 124 125 126 127 128 132 135 136 137 138 146 147 148 150 154 155 156 159 160 163 165 168 169 170 171 172 175 178 179 181 182 185 186 187 190 191 192 193 195 196 197 198 201 207 208 210 212 213 215 219 220 221 225 227 229 232 233 234 236 238 239 240 241 245 246 249 257 258 259 261 262 263 264 265 267 272 273 275 277 278 281 286 288 290 291 292 293 294 296 297 298 295 13 235 216 161 
Number of disconnected nodes: 174
Max available bandwidth: 14400 Kbps
Average throughput: 6235.71 Kbps
Throughput to bandwidth ratio: 0.433035
Packet loss percentage: 37.7346%
Average delay: 7500.39 ms
Average jitter: 2248.6 ms
G_L: 0.42

Nodes disconnected: 299 93 174 254 209 143 0 2 3 4 5 6 8 9 10 12 16 17 21 23 26 28 29 30 32 33 34 35 38 39 40 41 44 46 48 49 50 52 53 54 58 60 62 65 66 68 69 72 75 76 79 83 86 88 89 90 91 92 95 96 97 98 99 100 102 103 104 108 110 111 112 114 115 117 118 119 122 123 124 125 126 127 128 132 135 136 137 138 146 147 148 150 154 155 156 159 160 163 165 168 169 170 171 172 175 178 179 181 182 185 186 187 190 191 192 193 195 196 197 198 201 207 208 210 212 213 215 219 220 221 225 227 229 232 233 234 236 238 239 240 241 245 246 249 257 258 259 261 262 263 264 265 267 272 273 275 277 278 281 286 288 290 291 292 293 294 296 297 298 295 13 235 216 161 24 
Number of disconnected nodes: 175
Max available bandwidth: 14300 Kbps
Average throughput: 6252.57 Kbps
Throughput to bandwidth ratio: 0.437243
Packet loss percentage: 37.6209%
Average delay: 5992.36 ms
Average jitter: 1900.24 ms
G_L: 0.4167

Nodes disconnected: 299 93 174 254 209 143 0 2 3 4 5 6 8 9 10 12 16 17 21 23 26 28 29 30 32 33 34 35 38 39 40 41 44 46 48 49 50 52 53 54 58 60 62 65 66 68 69 72 75 76 79 83 86 88 89 90 91 92 95 96 97 98 99 100 102 103 104 108 110 111 112 114 115 117 118 119 122 123 124 125 126 127 128 132 135 136 137 138 146 147 148 150 154 155 156 159 160 163 165 168 169 170 171 172 175 178 179 181 182 185 186 187 190 191 192 193 195 196 197 198 201 207 208 210 212 213 215 219 220 221 225 227 229 232 233 234 236 238 239 240 241 245 246 249 257 258 259 261 262 263 264 265 267 272 273 275 277 278 281 286 288 290 291 292 293 294 296 297 298 295 13 235 216 161 24 1 130 133 141 14 144 19 20 276 151 282 27 284 157 289 164 42 43 173 176 51 180 183 59 61 63 194 199 200 73 74 77 206 87 94 223 224 226 231 107 113 116 247 121 250 251 253 255 
Number of disconnected nodes: 223
Max available bandwidth: 9600 Kbps
Average throughput: 3663.26 Kbps
Throughput to bandwidth ratio: 0.381589
Packet loss percentage: 44.8592%
Average delay: 6954.37 ms
Average jitter: 1489.68 ms
G_L: 0.2567

Nodes disconnected: 299 93 174 254 209 143 0 2 3 4 5 6 8 9 10 12 16 17 21 23 26 28 29 30 32 33 34 35 38 39 40 41 44 46 48 49 50 52 53 54 58 60 62 65 66 68 69 72 75 76 79 83 86 88 89 90 91 92 95 96 97 98 99 100 102 103 104 108 110 111 112 114 115 117 118 119 122 123 124 125 126 127 128 132 135 136 137 138 146 147 148 150 154 155 156 159 160 163 165 168 169 170 171 172 175 178 179 181 182 185 186 187 190 191 192 193 195 196 197 198 201 207 208 210 212 213 215 219 220 221 225 227 229 232 233 234 236 238 239 240 241 245 246 249 257 258 259 261 262 263 264 265 267 272 273 275 277 278 281 286 288 290 291 292 293 294 296 297 298 295 13 235 216 161 24 1 130 133 141 14 144 19 20 276 151 282 27 284 157 289 164 42 43 173 176 51 180 183 59 61 63 194 199 200 73 74 77 206 87 94 223 224 226 231 107 113 116 247 121 250 251 253 255 256 129 131 260 134 7 266 11 139 140 142 15 268 145 18 269 270 149 22 271 152 25 153 274 279 280 158 31 283 285 287 36 37 166 167 45 47 177 55 56 57 184 188 189 64 70 202 203 204 205 78 80 81 82 211 84 85 214 217 218 222 248 228 101 230 105 106 109 237 242 243 120 252 
Number of disconnected nodes: 296
Max available bandwidth: 200 Kbps
Average throughput: 119.331 Kbps
Throughput to bandwidth ratio: 0.596654
Packet loss percentage: 69.6606%
Average delay: 471.89 ms
Average jitter: 340.619 ms
G_L: 0.0133

Nodes disconnected: 299 93 174 254 209 143 0 2 3 4 5 6 8 9 10 12 16 17 21 23 26 28 29 30 32 33 34 35 38 39 40 41 44 46 48 49 50 52 53 54 58 60 62 65 66 68 69 72 75 76 79 83 86 88 89 90 91 92 95 96 97 98 99 100 102 103 104 108 110 111 112 114 115 117 118 119 122 123 124 125 126 127 128 132 135 136 137 138 146 147 148 150 154 155 156 159 160 163 165 168 169 170 171 172 175 178 179 181 182 185 186 187 190 191 192 193 195 196 197 198 201 207 208 210 212 213 215 219 220 221 225 227 229 232 233 234 236 238 239 240 241 245 246 249 257 258 259 261 262 263 264 265 267 272 273 275 277 278 281 286 288 290 291 292 293 294 296 297 298 295 13 235 216 161 24 1 130 133 141 14 144 19 20 276 151 282 27 284 157 289 164 42 43 173 176 51 180 183 59 61 63 194 199 200 73 74 77 206 87 94 223 224 226 231 107 113 116 247 121 250 251 253 255 256 129 131 260 134 7 266 11 139 140 142 15 268 145 18 269 270 149 22 271 152 25 153 274 279 280 158 31 283 285 287 36 37 166 167 45 47 177 55 56 57 184 188 189 64 70 202 203 204 205 78 80 81 82 211 84 85 214 217 218 222 248 228 101 230 105 106 109 237 242 243 120 252 162 244 
Number of disconnected nodes: 298
Max available bandwidth: 100 Kbps
Average throughput: 46.3254 Kbps
Throughput to bandwidth ratio: 0.463254
Packet loss percentage: 64.702%
Average delay: 141.067 ms
Average jitter: 272.343 ms
G_L: 0.0067

Nodes disconnected: 299 93 174 254 209 143 0 2 3 4 5 6 8 9 10 12 16 17 21 23 26 28 29 30 32 33 34 35 38 39 40 41 44 46 48 49 50 52 53 54 58 60 62 65 66 68 69 72 75 76 79 83 86 88 89 90 91 92 95 96 97 98 99 100 102 103 104 108 110 111 112 114 115 117 118 119 122 123 124 125 126 127 128 132 135 136 137 138 146 147 148 150 154 155 156 159 160 163 165 168 169 170 171 172 175 178 179 181 182 185 186 187 190 191 192 193 195 196 197 198 201 207 208 210 212 213 215 219 220 221 225 227 229 232 233 234 236 238 239 240 241 245 246 249 257 258 259 261 262 263 264 265 267 272 273 275 277 278 281 286 288 290 291 292 293 294 296 297 298 295 13 235 216 161 24 1 130 133 141 14 144 19 20 276 151 282 27 284 157 289 164 42 43 173 176 51 180 183 59 61 63 194 199 200 73 74 77 206 87 94 223 224 226 231 107 113 116 247 121 250 251 253 255 256 129 131 260 134 7 266 11 139 140 142 15 268 145 18 269 270 149 22 271 152 25 153 274 279 280 158 31 283 285 287 36 37 166 167 45 47 177 55 56 57 184 188 189 64 70 202 203 204 205 78 80 81 82 211 84 85 214 217 218 222 248 228 101 230 105 106 109 237 242 243 120 252 162 244 67 71 
Number of disconnected nodes: 300
Max available bandwidth: 0 Kbps
Average throughput: 0 Kbps
Throughput to bandwidth ratio: -nan
Packet loss percentage: -nan%
Average delay: -nan ms
Average jitter: -nan ms
G_L: 0

