Nodes disconnected: 
Number of disconnected nodes: 0
Max available bandwidth: 33400 Kbps
Average throughput: 25289.2 Kbps
Throughput to bandwidth ratio: 0.757162
Packet loss percentage: 5.68588%
Average delay: 2125.04 ms
Average jitter: 597.51 ms
G_L: 1

Nodes disconnected: 280 139 269 
Number of disconnected nodes: 3
Max available bandwidth: 33100 Kbps
Average throughput: 24777.1 Kbps
Throughput to bandwidth ratio: 0.748552
Packet loss percentage: 6.24756%
Average delay: 2192.09 ms
Average jitter: 601.311 ms
G_L: 0.99

Nodes disconnected: 280 139 269 181 
Number of disconnected nodes: 4
Max available bandwidth: 33100 Kbps
Average throughput: 24681.5 Kbps
Throughput to bandwidth ratio: 0.745664
Packet loss percentage: 6.28442%
Average delay: 2168.87 ms
Average jitter: 606.778 ms
G_L: 0.9867

Nodes disconnected: 280 139 269 181 193 69 
Number of disconnected nodes: 6
Max available bandwidth: 33100 Kbps
Average throughput: 24542 Kbps
Throughput to bandwidth ratio: 0.741451
Packet loss percentage: 6.47595%
Average delay: 2122.83 ms
Average jitter: 604.529 ms
G_L: 0.98

Nodes disconnected: 280 139 269 181 193 69 88 
Number of disconnected nodes: 7
Max available bandwidth: 33100 Kbps
Average throughput: 24366.4 Kbps
Throughput to bandwidth ratio: 0.736145
Packet loss percentage: 6.61345%
Average delay: 2200.28 ms
Average jitter: 609.297 ms
G_L: 0.9767

Nodes disconnected: 280 139 269 181 193 69 88 186 
Number of disconnected nodes: 8
Max available bandwidth: 33100 Kbps
Average throughput: 24276.9 Kbps
Throughput to bandwidth ratio: 0.73344
Packet loss percentage: 6.74965%
Average delay: 2258.68 ms
Average jitter: 607.404 ms
G_L: 0.9733

Nodes disconnected: 280 139 269 181 193 69 88 186 187 29 
Number of disconnected nodes: 10
Max available bandwidth: 32900 Kbps
Average throughput: 24140.2 Kbps
Throughput to bandwidth ratio: 0.733744
Packet loss percentage: 6.83856%
Average delay: 2135.27 ms
Average jitter: 601.919 ms
G_L: 0.9667

Nodes disconnected: 280 139 269 181 193 69 88 186 187 29 0 1 2 3 4 5 6 8 9 10 12 13 14 16 17 19 20 21 22 23 24 26 28 30 31 32 33 34 35 38 39 40 41 44 46 48 49 50 52 53 54 56 58 60 62 65 66 68 70 72 74 75 76 78 79 83 84 85 86 87 89 90 91 92 94 95 96 97 98 99 100 101 102 103 104 106 108 110 111 112 113 114 115 117 118 119 121 122 123 124 125 126 128 130 131 132 135 136 137 138 141 142 143 146 147 148 150 151 153 154 155 156 157 159 160 163 165 167 168 169 170 171 172 173 175 176 178 179 180 182 183 185 190 191 192 195 196 197 198 199 200 201 206 207 208 209 210 212 213 215 216 217 219 220 221 223 224 225 227 229 231 232 233 234 235 236 238 239 240 241 245 246 248 249 250 251 253 255 257 258 259 261 262 263 264 265 267 272 273 275 276 277 278 279 281 285 286 288 290 291 292 293 294 296 297 298 
Number of disconnected nodes: 216
Max available bandwidth: 10500 Kbps
Average throughput: 4556.67 Kbps
Throughput to bandwidth ratio: 0.433969
Packet loss percentage: 49.1164%
Average delay: 2878.69 ms
Average jitter: 533.321 ms
G_L: 0.28

Nodes disconnected: 280 139 269 181 193 69 88 186 187 29 0 1 2 3 4 5 6 8 9 10 12 13 14 16 17 19 20 21 22 23 24 26 28 30 31 32 33 34 35 38 39 40 41 44 46 48 49 50 52 53 54 56 58 60 62 65 66 68 70 72 74 75 76 78 79 83 84 85 86 87 89 90 91 92 94 95 96 97 98 99 100 101 102 103 104 106 108 110 111 112 113 114 115 117 118 119 121 122 123 124 125 126 128 130 131 132 135 136 137 138 141 142 143 146 147 148 150 151 153 154 155 156 157 159 160 163 165 167 168 169 170 171 172 173 175 176 178 179 180 182 183 185 190 191 192 195 196 197 198 199 200 201 206 207 208 209 210 212 213 215 216 217 219 220 221 223 224 225 227 229 231 232 233 234 235 236 238 239 240 241 245 246 248 249 250 251 253 255 257 258 259 261 262 263 264 265 267 272 273 275 276 277 278 279 281 285 286 288 290 291 292 293 294 296 297 298 7 11 15 18 27 36 37 42 43 45 47 51 55 57 59 61 63 64 73 77 80 81 82 93 105 107 109 116 120 127 129 133 134 140 144 145 149 152 158 161 164 166 174 177 184 188 189 194 202 203 204 205 211 214 218 222 226 228 230 237 242 243 247 252 254 256 260 266 268 270 271 274 282 283 284 287 289 295 299 
Number of disconnected nodes: 295
Max available bandwidth: 600 Kbps
Average throughput: 93.9539 Kbps
Throughput to bandwidth ratio: 0.15659
Packet loss percentage: 78.6366%
Average delay: -nan ms
Average jitter: -nan ms
G_L: 0.0167

Nodes disconnected: 280 139 269 181 193 69 88 186 187 29 0 1 2 3 4 5 6 8 9 10 12 13 14 16 17 19 20 21 22 23 24 26 28 30 31 32 33 34 35 38 39 40 41 44 46 48 49 50 52 53 54 56 58 60 62 65 66 68 70 72 74 75 76 78 79 83 84 85 86 87 89 90 91 92 94 95 96 97 98 99 100 101 102 103 104 106 108 110 111 112 113 114 115 117 118 119 121 122 123 124 125 126 128 130 131 132 135 136 137 138 141 142 143 146 147 148 150 151 153 154 155 156 157 159 160 163 165 167 168 169 170 171 172 173 175 176 178 179 180 182 183 185 190 191 192 195 196 197 198 199 200 201 206 207 208 209 210 212 213 215 216 217 219 220 221 223 224 225 227 229 231 232 233 234 235 236 238 239 240 241 245 246 248 249 250 251 253 255 257 258 259 261 262 263 264 265 267 272 273 275 276 277 278 279 281 285 286 288 290 291 292 293 294 296 297 298 7 11 15 18 27 36 37 42 43 45 47 51 55 57 59 61 63 64 73 77 80 81 82 93 105 107 109 116 120 127 129 133 134 140 144 145 149 152 158 161 164 166 174 177 184 188 189 194 202 203 204 205 211 214 218 222 226 228 230 237 242 243 247 252 254 256 260 266 268 270 271 274 282 283 284 287 289 295 299 25 
Number of disconnected nodes: 296
Max available bandwidth: 200 Kbps
Average throughput: 50.4362 Kbps
Throughput to bandwidth ratio: 0.252181
Packet loss percentage: 83.3195%
Average delay: -nan ms
Average jitter: -nan ms
G_L: 0.0133

Nodes disconnected: 280 139 269 181 193 69 88 186 187 29 0 1 2 3 4 5 6 8 9 10 12 13 14 16 17 19 20 21 22 23 24 26 28 30 31 32 33 34 35 38 39 40 41 44 46 48 49 50 52 53 54 56 58 60 62 65 66 68 70 72 74 75 76 78 79 83 84 85 86 87 89 90 91 92 94 95 96 97 98 99 100 101 102 103 104 106 108 110 111 112 113 114 115 117 118 119 121 122 123 124 125 126 128 130 131 132 135 136 137 138 141 142 143 146 147 148 150 151 153 154 155 156 157 159 160 163 165 167 168 169 170 171 172 173 175 176 178 179 180 182 183 185 190 191 192 195 196 197 198 199 200 201 206 207 208 209 210 212 213 215 216 217 219 220 221 223 224 225 227 229 231 232 233 234 235 236 238 239 240 241 245 246 248 249 250 251 253 255 257 258 259 261 262 263 264 265 267 272 273 275 276 277 278 279 281 285 286 288 290 291 292 293 294 296 297 298 7 11 15 18 27 36 37 42 43 45 47 51 55 57 59 61 63 64 73 77 80 81 82 93 105 107 109 116 120 127 129 133 134 140 144 145 149 152 158 161 164 166 174 177 184 188 189 194 202 203 204 205 211 214 218 222 226 228 230 237 242 243 247 252 254 256 260 266 268 270 271 274 282 283 284 287 289 295 299 25 162 67 244 71 
Number of disconnected nodes: 300
Max available bandwidth: 0 Kbps
Average throughput: 0 Kbps
Throughput to bandwidth ratio: -nan
Packet loss percentage: -nan%
Average delay: -nan ms
Average jitter: -nan ms
G_L: 0

