Nodes disconnected: 
Number of disconnected nodes: 0
Max available bandwidth: 33400 Kbps
Average throughput: 25289.2 Kbps
Throughput to bandwidth ratio: 0.757162
Packet loss percentage: 5.68588%
Average delay: 2125.04 ms
Average jitter: 597.51 ms
G_L: 1

Nodes disconnected: 0 3 4 5 6 8 9 10 12 16 17 21 23 26 28 29 30 32 33 34 35 38 39 40 41 44 46 48 49 50 52 53 54 58 60 62 65 66 68 69 70 72 75 76 79 83 86 88 89 90 91 92 95 96 97 98 99 100 102 103 104 108 110 111 112 114 115 117 118 119 122 123 124 125 126 128 132 135 136 137 138 143 146 147 148 150 154 155 156 159 160 163 165 168 169 170 171 172 175 178 179 181 182 185 186 187 190 191 192 193 195 196 197 198 201 207 208 209 210 212 213 215 219 220 227 229 232 233 234 236 238 239 240 241 245 246 248 249 257 258 259 261 262 263 264 265 267 272 273 275 278 281 286 288 290 291 292 293 294 296 297 298 
Number of disconnected nodes: 162
Max available bandwidth: 15300 Kbps
Average throughput: 8782.41 Kbps
Throughput to bandwidth ratio: 0.574014
Packet loss percentage: 37.3193%
Average delay: 2959.31 ms
Average jitter: 650.695 ms
G_L: 0.46

Nodes disconnected: 0 3 4 5 6 8 9 10 12 16 17 21 23 26 28 29 30 32 33 34 35 38 39 40 41 44 46 48 49 50 52 53 54 58 60 62 65 66 68 69 70 72 75 76 79 83 86 88 89 90 91 92 95 96 97 98 99 100 102 103 104 108 110 111 112 114 115 117 118 119 122 123 124 125 126 128 132 135 136 137 138 143 146 147 148 150 154 155 156 159 160 163 165 168 169 170 171 172 175 178 179 181 182 185 186 187 190 191 192 193 195 196 197 198 201 207 208 209 210 212 213 215 219 220 227 229 232 233 234 236 238 239 240 241 245 246 248 249 257 258 259 261 262 263 264 265 267 272 273 275 278 281 286 288 290 291 292 293 294 296 297 298 13 
Number of disconnected nodes: 163
Max available bandwidth: 15200 Kbps
Average throughput: 8755.3 Kbps
Throughput to bandwidth ratio: 0.576006
Packet loss percentage: 37.6929%
Average delay: 2928.57 ms
Average jitter: 633.017 ms
G_L: 0.4567

Nodes disconnected: 0 3 4 5 6 8 9 10 12 16 17 21 23 26 28 29 30 32 33 34 35 38 39 40 41 44 46 48 49 50 52 53 54 58 60 62 65 66 68 69 70 72 75 76 79 83 86 88 89 90 91 92 95 96 97 98 99 100 102 103 104 108 110 111 112 114 115 117 118 119 122 123 124 125 126 128 132 135 136 137 138 143 146 147 148 150 154 155 156 159 160 163 165 168 169 170 171 172 175 178 179 181 182 185 186 187 190 191 192 193 195 196 197 198 201 207 208 209 210 212 213 215 219 220 227 229 232 233 234 236 238 239 240 241 245 246 248 249 257 258 259 261 262 263 264 265 267 272 273 275 278 281 286 288 290 291 292 293 294 296 297 298 13 276 
Number of disconnected nodes: 164
Max available bandwidth: 15100 Kbps
Average throughput: 8668.8 Kbps
Throughput to bandwidth ratio: 0.574093
Packet loss percentage: 37.4698%
Average delay: 2978.03 ms
Average jitter: 642.984 ms
G_L: 0.4533

Nodes disconnected: 0 3 4 5 6 8 9 10 12 16 17 21 23 26 28 29 30 32 33 34 35 38 39 40 41 44 46 48 49 50 52 53 54 58 60 62 65 66 68 69 70 72 75 76 79 83 86 88 89 90 91 92 95 96 97 98 99 100 102 103 104 108 110 111 112 114 115 117 118 119 122 123 124 125 126 128 132 135 136 137 138 143 146 147 148 150 154 155 156 159 160 163 165 168 169 170 171 172 175 178 179 181 182 185 186 187 190 191 192 193 195 196 197 198 201 207 208 209 210 212 213 215 219 220 227 229 232 233 234 236 238 239 240 241 245 246 248 249 257 258 259 261 262 263 264 265 267 272 273 275 278 281 286 288 290 291 292 293 294 296 297 298 13 276 260 7 266 80 279 120 218 283 31 
Number of disconnected nodes: 173
Max available bandwidth: 14200 Kbps
Average throughput: 7931.62 Kbps
Throughput to bandwidth ratio: 0.558565
Packet loss percentage: 38.5979%
Average delay: 3109.09 ms
Average jitter: 650.316 ms
G_L: 0.4233

Nodes disconnected: 0 3 4 5 6 8 9 10 12 16 17 21 23 26 28 29 30 32 33 34 35 38 39 40 41 44 46 48 49 50 52 53 54 58 60 62 65 66 68 69 70 72 75 76 79 83 86 88 89 90 91 92 95 96 97 98 99 100 102 103 104 108 110 111 112 114 115 117 118 119 122 123 124 125 126 128 132 135 136 137 138 143 146 147 148 150 154 155 156 159 160 163 165 168 169 170 171 172 175 178 179 181 182 185 186 187 190 191 192 193 195 196 197 198 201 207 208 209 210 212 213 215 219 220 227 229 232 233 234 236 238 239 240 241 245 246 248 249 257 258 259 261 262 263 264 265 267 272 273 275 278 281 286 288 290 291 292 293 294 296 297 298 13 276 260 7 266 80 279 120 218 283 31 1 2 130 131 141 14 144 19 20 277 151 24 153 157 158 285 161 167 173 200 74 206 84 87 216 217 221 94 223 224 225 231 106 235 113 121 250 253 254 255 
Number of disconnected nodes: 213
Max available bandwidth: 10500 Kbps
Average throughput: 4753.05 Kbps
Throughput to bandwidth ratio: 0.452671
Packet loss percentage: 48.3594%
Average delay: 2069.95 ms
Average jitter: 521.522 ms
G_L: 0.29

Nodes disconnected: 0 3 4 5 6 8 9 10 12 16 17 21 23 26 28 29 30 32 33 34 35 38 39 40 41 44 46 48 49 50 52 53 54 58 60 62 65 66 68 69 70 72 75 76 79 83 86 88 89 90 91 92 95 96 97 98 99 100 102 103 104 108 110 111 112 114 115 117 118 119 122 123 124 125 126 128 132 135 136 137 138 143 146 147 148 150 154 155 156 159 160 163 165 168 169 170 171 172 175 178 179 181 182 185 186 187 190 191 192 193 195 196 197 198 201 207 208 209 210 212 213 215 219 220 227 229 232 233 234 236 238 239 240 241 245 246 248 249 257 258 259 261 262 263 264 265 267 272 273 275 278 281 286 288 290 291 292 293 294 296 297 298 13 276 260 7 266 80 279 120 218 283 31 1 2 130 131 141 14 144 19 20 277 151 24 153 157 158 285 161 167 173 200 74 206 84 87 216 217 221 94 223 224 225 231 106 235 113 121 250 253 254 255 51 127 
Number of disconnected nodes: 215
Max available bandwidth: 10300 Kbps
Average throughput: 4693.01 Kbps
Throughput to bandwidth ratio: 0.455632
Packet loss percentage: 47.7875%
Average delay: 2057.71 ms
Average jitter: 512.521 ms
G_L: 0.2833

Nodes disconnected: 0 3 4 5 6 8 9 10 12 16 17 21 23 26 28 29 30 32 33 34 35 38 39 40 41 44 46 48 49 50 52 53 54 58 60 62 65 66 68 69 70 72 75 76 79 83 86 88 89 90 91 92 95 96 97 98 99 100 102 103 104 108 110 111 112 114 115 117 118 119 122 123 124 125 126 128 132 135 136 137 138 143 146 147 148 150 154 155 156 159 160 163 165 168 169 170 171 172 175 178 179 181 182 185 186 187 190 191 192 193 195 196 197 198 201 207 208 209 210 212 213 215 219 220 227 229 232 233 234 236 238 239 240 241 245 246 248 249 257 258 259 261 262 263 264 265 267 272 273 275 278 281 286 288 290 291 292 293 294 296 297 298 13 276 260 7 266 80 279 120 218 283 31 1 2 130 131 141 14 144 19 20 277 151 24 153 157 158 285 161 167 173 200 74 206 84 87 216 217 221 94 223 224 225 231 106 235 113 121 250 253 254 255 51 127 299 180 199 
Number of disconnected nodes: 218
Max available bandwidth: 10200 Kbps
Average throughput: 4507.22 Kbps
Throughput to bandwidth ratio: 0.441884
Packet loss percentage: 47.5917%
Average delay: 1892.74 ms
Average jitter: 502.211 ms
G_L: 0.2733

Nodes disconnected: 0 3 4 5 6 8 9 10 12 16 17 21 23 26 28 29 30 32 33 34 35 38 39 40 41 44 46 48 49 50 52 53 54 58 60 62 65 66 68 69 70 72 75 76 79 83 86 88 89 90 91 92 95 96 97 98 99 100 102 103 104 108 110 111 112 114 115 117 118 119 122 123 124 125 126 128 132 135 136 137 138 143 146 147 148 150 154 155 156 159 160 163 165 168 169 170 171 172 175 178 179 181 182 185 186 187 190 191 192 193 195 196 197 198 201 207 208 209 210 212 213 215 219 220 227 229 232 233 234 236 238 239 240 241 245 246 248 249 257 258 259 261 262 263 264 265 267 272 273 275 278 281 286 288 290 291 292 293 294 296 297 298 13 276 260 7 266 80 279 120 218 283 31 1 2 130 131 141 14 144 19 20 277 151 24 153 157 158 285 161 167 173 200 74 206 84 87 216 217 221 94 223 224 225 231 106 235 113 121 250 253 254 255 51 127 299 180 199 105 
Number of disconnected nodes: 219
Max available bandwidth: 10200 Kbps
Average throughput: 4458.28 Kbps
Throughput to bandwidth ratio: 0.437086
Packet loss percentage: 47.8429%
Average delay: 1902.86 ms
Average jitter: 503.106 ms
G_L: 0.27

Nodes disconnected: 0 3 4 5 6 8 9 10 12 16 17 21 23 26 28 29 30 32 33 34 35 38 39 40 41 44 46 48 49 50 52 53 54 58 60 62 65 66 68 69 70 72 75 76 79 83 86 88 89 90 91 92 95 96 97 98 99 100 102 103 104 108 110 111 112 114 115 117 118 119 122 123 124 125 126 128 132 135 136 137 138 143 146 147 148 150 154 155 156 159 160 163 165 168 169 170 171 172 175 178 179 181 182 185 186 187 190 191 192 193 195 196 197 198 201 207 208 209 210 212 213 215 219 220 227 229 232 233 234 236 238 239 240 241 245 246 248 249 257 258 259 261 262 263 264 265 267 272 273 275 278 281 286 288 290 291 292 293 294 296 297 298 13 276 260 7 266 80 279 120 218 283 31 1 2 130 131 141 14 144 19 20 277 151 24 153 157 158 285 161 167 173 200 74 206 84 87 216 217 221 94 223 224 225 231 106 235 113 121 250 253 254 255 51 127 299 180 199 105 129 203 
Number of disconnected nodes: 221
Max available bandwidth: 10000 Kbps
Average throughput: 4337.54 Kbps
Throughput to bandwidth ratio: 0.433754
Packet loss percentage: 48.0903%
Average delay: 1942.66 ms
Average jitter: 519.992 ms
G_L: 0.2633

Nodes disconnected: 0 3 4 5 6 8 9 10 12 16 17 21 23 26 28 29 30 32 33 34 35 38 39 40 41 44 46 48 49 50 52 53 54 58 60 62 65 66 68 69 70 72 75 76 79 83 86 88 89 90 91 92 95 96 97 98 99 100 102 103 104 108 110 111 112 114 115 117 118 119 122 123 124 125 126 128 132 135 136 137 138 143 146 147 148 150 154 155 156 159 160 163 165 168 169 170 171 172 175 178 179 181 182 185 186 187 190 191 192 193 195 196 197 198 201 207 208 209 210 212 213 215 219 220 227 229 232 233 234 236 238 239 240 241 245 246 248 249 257 258 259 261 262 263 264 265 267 272 273 275 278 281 286 288 290 291 292 293 294 296 297 298 13 276 260 7 266 80 279 120 218 283 31 1 2 130 131 141 14 144 19 20 277 151 24 153 157 158 285 161 167 173 200 74 206 84 87 216 217 221 94 223 224 225 231 106 235 113 121 250 253 254 255 51 127 299 180 199 105 129 203 64 37 134 22 184 
Number of disconnected nodes: 226
Max available bandwidth: 9400 Kbps
Average throughput: 3921.11 Kbps
Throughput to bandwidth ratio: 0.417139
Packet loss percentage: 50.975%
Average delay: 1591.25 ms
Average jitter: 469.556 ms
G_L: 0.2467

Nodes disconnected: 0 3 4 5 6 8 9 10 12 16 17 21 23 26 28 29 30 32 33 34 35 38 39 40 41 44 46 48 49 50 52 53 54 58 60 62 65 66 68 69 70 72 75 76 79 83 86 88 89 90 91 92 95 96 97 98 99 100 102 103 104 108 110 111 112 114 115 117 118 119 122 123 124 125 126 128 132 135 136 137 138 143 146 147 148 150 154 155 156 159 160 163 165 168 169 170 171 172 175 178 179 181 182 185 186 187 190 191 192 193 195 196 197 198 201 207 208 209 210 212 213 215 219 220 227 229 232 233 234 236 238 239 240 241 245 246 248 249 257 258 259 261 262 263 264 265 267 272 273 275 278 281 286 288 290 291 292 293 294 296 297 298 13 276 260 7 266 80 279 120 218 283 31 1 2 130 131 141 14 144 19 20 277 151 24 153 157 158 285 161 167 173 200 74 206 84 87 216 217 221 94 223 224 225 231 106 235 113 121 250 253 254 255 51 127 299 180 199 105 129 203 64 37 134 22 184 228 
Number of disconnected nodes: 227
Max available bandwidth: 9400 Kbps
Average throughput: 3904.81 Kbps
Throughput to bandwidth ratio: 0.415405
Packet loss percentage: 50.6247%
Average delay: 1578.41 ms
Average jitter: 471.184 ms
G_L: 0.2433

Nodes disconnected: 0 3 4 5 6 8 9 10 12 16 17 21 23 26 28 29 30 32 33 34 35 38 39 40 41 44 46 48 49 50 52 53 54 58 60 62 65 66 68 69 70 72 75 76 79 83 86 88 89 90 91 92 95 96 97 98 99 100 102 103 104 108 110 111 112 114 115 117 118 119 122 123 124 125 126 128 132 135 136 137 138 143 146 147 148 150 154 155 156 159 160 163 165 168 169 170 171 172 175 178 179 181 182 185 186 187 190 191 192 193 195 196 197 198 201 207 208 209 210 212 213 215 219 220 227 229 232 233 234 236 238 239 240 241 245 246 248 249 257 258 259 261 262 263 264 265 267 272 273 275 278 281 286 288 290 291 292 293 294 296 297 298 13 276 260 7 266 80 279 120 218 283 31 1 2 130 131 141 14 144 19 20 277 151 24 153 157 158 285 161 167 173 200 74 206 84 87 216 217 221 94 223 224 225 231 106 235 113 121 250 253 254 255 51 127 299 180 199 105 129 203 64 37 134 22 184 228 176 142 
Number of disconnected nodes: 229
Max available bandwidth: 9400 Kbps
Average throughput: 3780.13 Kbps
Throughput to bandwidth ratio: 0.402141
Packet loss percentage: 51.234%
Average delay: 1392.29 ms
Average jitter: 440.753 ms
G_L: 0.2367

Nodes disconnected: 0 3 4 5 6 8 9 10 12 16 17 21 23 26 28 29 30 32 33 34 35 38 39 40 41 44 46 48 49 50 52 53 54 58 60 62 65 66 68 69 70 72 75 76 79 83 86 88 89 90 91 92 95 96 97 98 99 100 102 103 104 108 110 111 112 114 115 117 118 119 122 123 124 125 126 128 132 135 136 137 138 143 146 147 148 150 154 155 156 159 160 163 165 168 169 170 171 172 175 178 179 181 182 185 186 187 190 191 192 193 195 196 197 198 201 207 208 209 210 212 213 215 219 220 227 229 232 233 234 236 238 239 240 241 245 246 248 249 257 258 259 261 262 263 264 265 267 272 273 275 278 281 286 288 290 291 292 293 294 296 297 298 13 276 260 7 266 80 279 120 218 283 31 1 2 130 131 141 14 144 19 20 277 151 24 153 157 158 285 161 167 173 200 74 206 84 87 216 217 221 94 223 224 225 231 106 235 113 121 250 253 254 255 51 127 299 180 199 105 129 203 64 37 134 22 184 228 176 142 188 116 
Number of disconnected nodes: 231
Max available bandwidth: 9300 Kbps
Average throughput: 3667.71 Kbps
Throughput to bandwidth ratio: 0.394377
Packet loss percentage: 51.7079%
Average delay: 1294.14 ms
Average jitter: 428.952 ms
G_L: 0.23

Nodes disconnected: 0 3 4 5 6 8 9 10 12 16 17 21 23 26 28 29 30 32 33 34 35 38 39 40 41 44 46 48 49 50 52 53 54 58 60 62 65 66 68 69 70 72 75 76 79 83 86 88 89 90 91 92 95 96 97 98 99 100 102 103 104 108 110 111 112 114 115 117 118 119 122 123 124 125 126 128 132 135 136 137 138 143 146 147 148 150 154 155 156 159 160 163 165 168 169 170 171 172 175 178 179 181 182 185 186 187 190 191 192 193 195 196 197 198 201 207 208 209 210 212 213 215 219 220 227 229 232 233 234 236 238 239 240 241 245 246 248 249 257 258 259 261 262 263 264 265 267 272 273 275 278 281 286 288 290 291 292 293 294 296 297 298 13 276 260 7 266 80 279 120 218 283 31 1 2 130 131 141 14 144 19 20 277 151 24 153 157 158 285 161 167 173 200 74 206 84 87 216 217 221 94 223 224 225 231 106 235 113 121 250 253 254 255 51 127 299 180 199 105 129 203 64 37 134 22 184 228 176 142 188 116 152 189 
Number of disconnected nodes: 233
Max available bandwidth: 9100 Kbps
Average throughput: 3577.94 Kbps
Throughput to bandwidth ratio: 0.39318
Packet loss percentage: 51.6878%
Average delay: 1195.41 ms
Average jitter: 438.415 ms
G_L: 0.2233

Nodes disconnected: 0 3 4 5 6 8 9 10 12 16 17 21 23 26 28 29 30 32 33 34 35 38 39 40 41 44 46 48 49 50 52 53 54 58 60 62 65 66 68 69 70 72 75 76 79 83 86 88 89 90 91 92 95 96 97 98 99 100 102 103 104 108 110 111 112 114 115 117 118 119 122 123 124 125 126 128 132 135 136 137 138 143 146 147 148 150 154 155 156 159 160 163 165 168 169 170 171 172 175 178 179 181 182 185 186 187 190 191 192 193 195 196 197 198 201 207 208 209 210 212 213 215 219 220 227 229 232 233 234 236 238 239 240 241 245 246 248 249 257 258 259 261 262 263 264 265 267 272 273 275 278 281 286 288 290 291 292 293 294 296 297 298 13 276 260 7 266 80 279 120 218 283 31 1 2 130 131 141 14 144 19 20 277 151 24 153 157 158 285 161 167 173 200 74 206 84 87 216 217 221 94 223 224 225 231 106 235 113 121 250 253 254 255 51 127 299 180 199 105 129 203 64 37 134 22 184 228 176 142 188 116 152 189 27 
Number of disconnected nodes: 234
Max available bandwidth: 9000 Kbps
Average throughput: 3532.44 Kbps
Throughput to bandwidth ratio: 0.392493
Packet loss percentage: 51.4235%
Average delay: 1191.62 ms
Average jitter: 418.138 ms
G_L: 0.22

Nodes disconnected: 0 3 4 5 6 8 9 10 12 16 17 21 23 26 28 29 30 32 33 34 35 38 39 40 41 44 46 48 49 50 52 53 54 58 60 62 65 66 68 69 70 72 75 76 79 83 86 88 89 90 91 92 95 96 97 98 99 100 102 103 104 108 110 111 112 114 115 117 118 119 122 123 124 125 126 128 132 135 136 137 138 143 146 147 148 150 154 155 156 159 160 163 165 168 169 170 171 172 175 178 179 181 182 185 186 187 190 191 192 193 195 196 197 198 201 207 208 209 210 212 213 215 219 220 227 229 232 233 234 236 238 239 240 241 245 246 248 249 257 258 259 261 262 263 264 265 267 272 273 275 278 281 286 288 290 291 292 293 294 296 297 298 13 276 260 7 266 80 279 120 218 283 31 1 2 130 131 141 14 144 19 20 277 151 24 153 157 158 285 161 167 173 200 74 206 84 87 216 217 221 94 223 224 225 231 106 235 113 121 250 253 254 255 51 127 299 180 199 105 129 203 64 37 134 22 184 228 176 142 188 116 152 189 27 289 194 226 164 133 287 140 251 81 18 211 244 183 56 282 247 284 63 
Number of disconnected nodes: 252
Max available bandwidth: 7500 Kbps
Average throughput: 2387.01 Kbps
Throughput to bandwidth ratio: 0.318267
Packet loss percentage: 54.4061%
Average delay: 1077.86 ms
Average jitter: 449.83 ms
G_L: 0.16

Nodes disconnected: 0 3 4 5 6 8 9 10 12 16 17 21 23 26 28 29 30 32 33 34 35 38 39 40 41 44 46 48 49 50 52 53 54 58 60 62 65 66 68 69 70 72 75 76 79 83 86 88 89 90 91 92 95 96 97 98 99 100 102 103 104 108 110 111 112 114 115 117 118 119 122 123 124 125 126 128 132 135 136 137 138 143 146 147 148 150 154 155 156 159 160 163 165 168 169 170 171 172 175 178 179 181 182 185 186 187 190 191 192 193 195 196 197 198 201 207 208 209 210 212 213 215 219 220 227 229 232 233 234 236 238 239 240 241 245 246 248 249 257 258 259 261 262 263 264 265 267 272 273 275 278 281 286 288 290 291 292 293 294 296 297 298 13 276 260 7 266 80 279 120 218 283 31 1 2 130 131 141 14 144 19 20 277 151 24 153 157 158 285 161 167 173 200 74 206 84 87 216 217 221 94 223 224 225 231 106 235 113 121 250 253 254 255 51 127 299 180 199 105 129 203 64 37 134 22 184 228 176 142 188 116 152 189 27 289 194 226 164 133 287 140 251 81 18 211 244 183 56 282 247 284 63 101 205 45 78 270 85 
Number of disconnected nodes: 258
Max available bandwidth: 7100 Kbps
Average throughput: 2016.89 Kbps
Throughput to bandwidth ratio: 0.284068
Packet loss percentage: 56.4236%
Average delay: 1195.16 ms
Average jitter: 426.615 ms
G_L: 0.14

Nodes disconnected: 0 3 4 5 6 8 9 10 12 16 17 21 23 26 28 29 30 32 33 34 35 38 39 40 41 44 46 48 49 50 52 53 54 58 60 62 65 66 68 69 70 72 75 76 79 83 86 88 89 90 91 92 95 96 97 98 99 100 102 103 104 108 110 111 112 114 115 117 118 119 122 123 124 125 126 128 132 135 136 137 138 143 146 147 148 150 154 155 156 159 160 163 165 168 169 170 171 172 175 178 179 181 182 185 186 187 190 191 192 193 195 196 197 198 201 207 208 209 210 212 213 215 219 220 227 229 232 233 234 236 238 239 240 241 245 246 248 249 257 258 259 261 262 263 264 265 267 272 273 275 278 281 286 288 290 291 292 293 294 296 297 298 13 276 260 7 266 80 279 120 218 283 31 1 2 130 131 141 14 144 19 20 277 151 24 153 157 158 285 161 167 173 200 74 206 84 87 216 217 221 94 223 224 225 231 106 235 113 121 250 253 254 255 51 127 299 180 199 105 129 203 64 37 134 22 184 228 176 142 188 116 152 189 27 289 194 226 164 133 287 140 251 81 18 211 244 183 56 282 247 284 63 101 205 45 78 270 85 256 11 139 268 269 15 271 145 274 149 280 25 162 36 166 295 42 43 174 47 177 55 57 59 61 67 71 73 202 204 77 82 214 93 222 230 107 109 237 242 243 252 
Number of disconnected nodes: 300
Max available bandwidth: 0 Kbps
Average throughput: 0 Kbps
Throughput to bandwidth ratio: -nan
Packet loss percentage: -nan%
Average delay: -nan ms
Average jitter: -nan ms
G_L: 0

