Nodes disconnected: 
Number of disconnected nodes: 0
Max available bandwidth: 33400 Kbps
Average throughput: 25289.2 Kbps
Throughput to bandwidth ratio: 0.757162
Packet loss percentage: 5.68588%
Average delay: 2125.04 ms
Average jitter: 597.51 ms
G_L: 1

Nodes disconnected: 116 
Number of disconnected nodes: 1
Max available bandwidth: 33400 Kbps
Average throughput: 25240.4 Kbps
Throughput to bandwidth ratio: 0.755702
Packet loss percentage: 5.73799%
Average delay: 2142.49 ms
Average jitter: 598.383 ms
G_L: 0.9967

Nodes disconnected: 116 174 
Number of disconnected nodes: 2
Max available bandwidth: 33400 Kbps
Average throughput: 25152.1 Kbps
Throughput to bandwidth ratio: 0.753058
Packet loss percentage: 5.81182%
Average delay: 2127.62 ms
Average jitter: 590.688 ms
G_L: 0.9933

Nodes disconnected: 116 174 184 
Number of disconnected nodes: 3
Max available bandwidth: 33400 Kbps
Average throughput: 25002.8 Kbps
Throughput to bandwidth ratio: 0.748588
Packet loss percentage: 5.93592%
Average delay: 2080.29 ms
Average jitter: 593.795 ms
G_L: 0.99

Nodes disconnected: 116 174 184 68 
Number of disconnected nodes: 4
Max available bandwidth: 33300 Kbps
Average throughput: 24978.2 Kbps
Throughput to bandwidth ratio: 0.750095
Packet loss percentage: 5.97618%
Average delay: 2088.96 ms
Average jitter: 592.551 ms
G_L: 0.9867

Nodes disconnected: 116 174 184 68 95 
Number of disconnected nodes: 5
Max available bandwidth: 33300 Kbps
Average throughput: 24808.8 Kbps
Throughput to bandwidth ratio: 0.745008
Packet loss percentage: 6.06715%
Average delay: 2097.73 ms
Average jitter: 589.723 ms
G_L: 0.9833

Nodes disconnected: 116 174 184 68 95 0 3 4 5 6 8 9 10 12 16 17 21 23 26 28 29 30 32 33 34 35 38 39 40 41 44 46 48 49 50 52 53 58 60 62 65 66 69 72 75 76 79 83 86 88 90 91 92 96 97 98 99 100 102 103 104 108 110 111 112 114 115 117 118 119 122 123 124 125 126 128 132 135 136 137 146 147 148 150 155 156 159 160 163 165 168 169 170 171 172 175 179 181 182 185 186 187 190 191 192 193 195 196 197 198 201 207 208 212 213 215 219 220 227 229 232 233 234 236 238 239 240 241 245 249 257 258 259 261 262 263 264 265 267 272 273 275 278 281 286 288 290 292 293 294 296 297 
Number of disconnected nodes: 152
Max available bandwidth: 15900 Kbps
Average throughput: 9467.43 Kbps
Throughput to bandwidth ratio: 0.595436
Packet loss percentage: 35.8414%
Average delay: 3204.82 ms
Average jitter: 683.07 ms
G_L: 0.4933

Nodes disconnected: 116 174 184 68 95 0 3 4 5 6 8 9 10 12 16 17 21 23 26 28 29 30 32 33 34 35 38 39 40 41 44 46 48 49 50 52 53 58 60 62 65 66 69 72 75 76 79 83 86 88 90 91 92 96 97 98 99 100 102 103 104 108 110 111 112 114 115 117 118 119 122 123 124 125 126 128 132 135 136 137 146 147 148 150 155 156 159 160 163 165 168 169 170 171 172 175 179 181 182 185 186 187 190 191 192 193 195 196 197 198 201 207 208 212 213 215 219 220 227 229 232 233 234 236 238 239 240 241 245 249 257 258 259 261 262 263 264 265 267 272 273 275 278 281 286 288 290 292 293 294 296 297 225 106 250 178 276 246 151 153 154 251 285 94 255 
Number of disconnected nodes: 165
Max available bandwidth: 14600 Kbps
Average throughput: 8228.4 Kbps
Throughput to bandwidth ratio: 0.563589
Packet loss percentage: 39.9853%
Average delay: 3289.12 ms
Average jitter: 696.679 ms
G_L: 0.45

Nodes disconnected: 116 174 184 68 95 0 3 4 5 6 8 9 10 12 16 17 21 23 26 28 29 30 32 33 34 35 38 39 40 41 44 46 48 49 50 52 53 58 60 62 65 66 69 72 75 76 79 83 86 88 90 91 92 96 97 98 99 100 102 103 104 108 110 111 112 114 115 117 118 119 122 123 124 125 126 128 132 135 136 137 146 147 148 150 155 156 159 160 163 165 168 169 170 171 172 175 179 181 182 185 186 187 190 191 192 193 195 196 197 198 201 207 208 212 213 215 219 220 227 229 232 233 234 236 238 239 240 241 245 249 257 258 259 261 262 263 264 265 267 272 273 275 278 281 286 288 290 292 293 294 296 297 225 106 250 178 276 246 151 153 154 251 285 94 255 228 
Number of disconnected nodes: 166
Max available bandwidth: 14600 Kbps
Average throughput: 8261.66 Kbps
Throughput to bandwidth ratio: 0.565867
Packet loss percentage: 39.559%
Average delay: 3266.29 ms
Average jitter: 675.875 ms
G_L: 0.4467

Nodes disconnected: 116 174 184 68 95 0 3 4 5 6 8 9 10 12 16 17 21 23 26 28 29 30 32 33 34 35 38 39 40 41 44 46 48 49 50 52 53 58 60 62 65 66 69 72 75 76 79 83 86 88 90 91 92 96 97 98 99 100 102 103 104 108 110 111 112 114 115 117 118 119 122 123 124 125 126 128 132 135 136 137 146 147 148 150 155 156 159 160 163 165 168 169 170 171 172 175 179 181 182 185 186 187 190 191 192 193 195 196 197 198 201 207 208 212 213 215 219 220 227 229 232 233 234 236 238 239 240 241 245 249 257 258 259 261 262 263 264 265 267 272 273 275 278 281 286 288 290 292 293 294 296 297 225 106 250 178 276 246 151 153 154 251 285 94 255 228 200 130 20 
Number of disconnected nodes: 169
Max available bandwidth: 14300 Kbps
Average throughput: 7924.3 Kbps
Throughput to bandwidth ratio: 0.554147
Packet loss percentage: 40.7918%
Average delay: 3177.77 ms
Average jitter: 672.377 ms
G_L: 0.4367

Nodes disconnected: 116 174 184 68 95 0 3 4 5 6 8 9 10 12 16 17 21 23 26 28 29 30 32 33 34 35 38 39 40 41 44 46 48 49 50 52 53 58 60 62 65 66 69 72 75 76 79 83 86 88 90 91 92 96 97 98 99 100 102 103 104 108 110 111 112 114 115 117 118 119 122 123 124 125 126 128 132 135 136 137 146 147 148 150 155 156 159 160 163 165 168 169 170 171 172 175 179 181 182 185 186 187 190 191 192 193 195 196 197 198 201 207 208 212 213 215 219 220 227 229 232 233 234 236 238 239 240 241 245 249 257 258 259 261 262 263 264 265 267 272 273 275 278 281 286 288 290 292 293 294 296 297 225 106 250 178 276 246 151 153 154 251 285 94 255 228 200 130 20 209 
Number of disconnected nodes: 170
Max available bandwidth: 14300 Kbps
Average throughput: 7861.68 Kbps
Throughput to bandwidth ratio: 0.549768
Packet loss percentage: 41.0815%
Average delay: 3276.4 ms
Average jitter: 659.939 ms
G_L: 0.4333

Nodes disconnected: 116 174 184 68 95 0 3 4 5 6 8 9 10 12 16 17 21 23 26 28 29 30 32 33 34 35 38 39 40 41 44 46 48 49 50 52 53 58 60 62 65 66 69 72 75 76 79 83 86 88 90 91 92 96 97 98 99 100 102 103 104 108 110 111 112 114 115 117 118 119 122 123 124 125 126 128 132 135 136 137 146 147 148 150 155 156 159 160 163 165 168 169 170 171 172 175 179 181 182 185 186 187 190 191 192 193 195 196 197 198 201 207 208 212 213 215 219 220 227 229 232 233 234 236 238 239 240 241 245 249 257 258 259 261 262 263 264 265 267 272 273 275 278 281 286 288 290 292 293 294 296 297 225 106 250 178 276 246 151 153 154 251 285 94 255 228 200 130 20 209 222 
Number of disconnected nodes: 171
Max available bandwidth: 14300 Kbps
Average throughput: 7808.34 Kbps
Throughput to bandwidth ratio: 0.546038
Packet loss percentage: 41.4269%
Average delay: 3270.47 ms
Average jitter: 642.524 ms
G_L: 0.43

Nodes disconnected: 116 174 184 68 95 0 3 4 5 6 8 9 10 12 16 17 21 23 26 28 29 30 32 33 34 35 38 39 40 41 44 46 48 49 50 52 53 58 60 62 65 66 69 72 75 76 79 83 86 88 90 91 92 96 97 98 99 100 102 103 104 108 110 111 112 114 115 117 118 119 122 123 124 125 126 128 132 135 136 137 146 147 148 150 155 156 159 160 163 165 168 169 170 171 172 175 179 181 182 185 186 187 190 191 192 193 195 196 197 198 201 207 208 212 213 215 219 220 227 229 232 233 234 236 238 239 240 241 245 249 257 258 259 261 262 263 264 265 267 272 273 275 278 281 286 288 290 292 293 294 296 297 225 106 250 178 276 246 151 153 154 251 285 94 255 228 200 130 20 209 222 131 84 
Number of disconnected nodes: 173
Max available bandwidth: 14200 Kbps
Average throughput: 7744.23 Kbps
Throughput to bandwidth ratio: 0.545368
Packet loss percentage: 41.4821%
Average delay: 3009.93 ms
Average jitter: 638.067 ms
G_L: 0.4233

Nodes disconnected: 116 174 184 68 95 0 3 4 5 6 8 9 10 12 16 17 21 23 26 28 29 30 32 33 34 35 38 39 40 41 44 46 48 49 50 52 53 58 60 62 65 66 69 72 75 76 79 83 86 88 90 91 92 96 97 98 99 100 102 103 104 108 110 111 112 114 115 117 118 119 122 123 124 125 126 128 132 135 136 137 146 147 148 150 155 156 159 160 163 165 168 169 170 171 172 175 179 181 182 185 186 187 190 191 192 193 195 196 197 198 201 207 208 212 213 215 219 220 227 229 232 233 234 236 238 239 240 241 245 249 257 258 259 261 262 263 264 265 267 272 273 275 278 281 286 288 290 292 293 294 296 297 225 106 250 178 276 246 151 153 154 251 285 94 255 228 200 130 20 209 222 131 84 203 204 214 
Number of disconnected nodes: 176
Max available bandwidth: 13900 Kbps
Average throughput: 7472.56 Kbps
Throughput to bandwidth ratio: 0.537594
Packet loss percentage: 42.2406%
Average delay: 3275.39 ms
Average jitter: 676.799 ms
G_L: 0.4133

Nodes disconnected: 116 174 184 68 95 0 3 4 5 6 8 9 10 12 16 17 21 23 26 28 29 30 32 33 34 35 38 39 40 41 44 46 48 49 50 52 53 58 60 62 65 66 69 72 75 76 79 83 86 88 90 91 92 96 97 98 99 100 102 103 104 108 110 111 112 114 115 117 118 119 122 123 124 125 126 128 132 135 136 137 146 147 148 150 155 156 159 160 163 165 168 169 170 171 172 175 179 181 182 185 186 187 190 191 192 193 195 196 197 198 201 207 208 212 213 215 219 220 227 229 232 233 234 236 238 239 240 241 245 249 257 258 259 261 262 263 264 265 267 272 273 275 278 281 286 288 290 292 293 294 296 297 225 106 250 178 276 246 151 153 154 251 285 94 255 228 200 130 20 209 222 131 84 203 204 214 127 
Number of disconnected nodes: 177
Max available bandwidth: 13900 Kbps
Average throughput: 7414.61 Kbps
Throughput to bandwidth ratio: 0.533425
Packet loss percentage: 41.9923%
Average delay: 3349.4 ms
Average jitter: 664.492 ms
G_L: 0.41

Nodes disconnected: 116 174 184 68 95 0 3 4 5 6 8 9 10 12 16 17 21 23 26 28 29 30 32 33 34 35 38 39 40 41 44 46 48 49 50 52 53 58 60 62 65 66 69 72 75 76 79 83 86 88 90 91 92 96 97 98 99 100 102 103 104 108 110 111 112 114 115 117 118 119 122 123 124 125 126 128 132 135 136 137 146 147 148 150 155 156 159 160 163 165 168 169 170 171 172 175 179 181 182 185 186 187 190 191 192 193 195 196 197 198 201 207 208 212 213 215 219 220 227 229 232 233 234 236 238 239 240 241 245 249 257 258 259 261 262 263 264 265 267 272 273 275 278 281 286 288 290 292 293 294 296 297 225 106 250 178 276 246 151 153 154 251 285 94 255 228 200 130 20 209 222 131 84 203 204 214 127 74 
Number of disconnected nodes: 178
Max available bandwidth: 13800 Kbps
Average throughput: 7320.19 Kbps
Throughput to bandwidth ratio: 0.530449
Packet loss percentage: 42.1629%
Average delay: 3385.1 ms
Average jitter: 661.663 ms
G_L: 0.4067

Nodes disconnected: 116 174 184 68 95 0 3 4 5 6 8 9 10 12 16 17 21 23 26 28 29 30 32 33 34 35 38 39 40 41 44 46 48 49 50 52 53 58 60 62 65 66 69 72 75 76 79 83 86 88 90 91 92 96 97 98 99 100 102 103 104 108 110 111 112 114 115 117 118 119 122 123 124 125 126 128 132 135 136 137 146 147 148 150 155 156 159 160 163 165 168 169 170 171 172 175 179 181 182 185 186 187 190 191 192 193 195 196 197 198 201 207 208 212 213 215 219 220 227 229 232 233 234 236 238 239 240 241 245 249 257 258 259 261 262 263 264 265 267 272 273 275 278 281 286 288 290 292 293 294 296 297 225 106 250 178 276 246 151 153 154 251 285 94 255 228 200 130 20 209 222 131 84 203 204 214 127 74 291 
Number of disconnected nodes: 179
Max available bandwidth: 13800 Kbps
Average throughput: 7240.36 Kbps
Throughput to bandwidth ratio: 0.524664
Packet loss percentage: 42.4373%
Average delay: 3322.14 ms
Average jitter: 672.955 ms
G_L: 0.4033

Nodes disconnected: 116 174 184 68 95 0 3 4 5 6 8 9 10 12 16 17 21 23 26 28 29 30 32 33 34 35 38 39 40 41 44 46 48 49 50 52 53 58 60 62 65 66 69 72 75 76 79 83 86 88 90 91 92 96 97 98 99 100 102 103 104 108 110 111 112 114 115 117 118 119 122 123 124 125 126 128 132 135 136 137 146 147 148 150 155 156 159 160 163 165 168 169 170 171 172 175 179 181 182 185 186 187 190 191 192 193 195 196 197 198 201 207 208 212 213 215 219 220 227 229 232 233 234 236 238 239 240 241 245 249 257 258 259 261 262 263 264 265 267 272 273 275 278 281 286 288 290 292 293 294 296 297 225 106 250 178 276 246 151 153 154 251 285 94 255 228 200 130 20 209 222 131 84 203 204 214 127 74 291 42 
Number of disconnected nodes: 180
Max available bandwidth: 13700 Kbps
Average throughput: 7178.04 Kbps
Throughput to bandwidth ratio: 0.523944
Packet loss percentage: 42.6193%
Average delay: 3364.45 ms
Average jitter: 662.895 ms
G_L: 0.4

Nodes disconnected: 116 174 184 68 95 0 3 4 5 6 8 9 10 12 16 17 21 23 26 28 29 30 32 33 34 35 38 39 40 41 44 46 48 49 50 52 53 58 60 62 65 66 69 72 75 76 79 83 86 88 90 91 92 96 97 98 99 100 102 103 104 108 110 111 112 114 115 117 118 119 122 123 124 125 126 128 132 135 136 137 146 147 148 150 155 156 159 160 163 165 168 169 170 171 172 175 179 181 182 185 186 187 190 191 192 193 195 196 197 198 201 207 208 212 213 215 219 220 227 229 232 233 234 236 238 239 240 241 245 249 257 258 259 261 262 263 264 265 267 272 273 275 278 281 286 288 290 292 293 294 296 297 225 106 250 178 276 246 151 153 154 251 285 94 255 228 200 130 20 209 222 131 84 203 204 214 127 74 291 42 295 
Number of disconnected nodes: 181
Max available bandwidth: 13700 Kbps
Average throughput: 7139.84 Kbps
Throughput to bandwidth ratio: 0.521156
Packet loss percentage: 42.4628%
Average delay: 3466.74 ms
Average jitter: 651.141 ms
G_L: 0.3967

Nodes disconnected: 116 174 184 68 95 0 3 4 5 6 8 9 10 12 16 17 21 23 26 28 29 30 32 33 34 35 38 39 40 41 44 46 48 49 50 52 53 58 60 62 65 66 69 72 75 76 79 83 86 88 90 91 92 96 97 98 99 100 102 103 104 108 110 111 112 114 115 117 118 119 122 123 124 125 126 128 132 135 136 137 146 147 148 150 155 156 159 160 163 165 168 169 170 171 172 175 179 181 182 185 186 187 190 191 192 193 195 196 197 198 201 207 208 212 213 215 219 220 227 229 232 233 234 236 238 239 240 241 245 249 257 258 259 261 262 263 264 265 267 272 273 275 278 281 286 288 290 292 293 294 296 297 225 106 250 178 276 246 151 153 154 251 285 94 255 228 200 130 20 209 222 131 84 203 204 214 127 74 291 42 295 260 
Number of disconnected nodes: 182
Max available bandwidth: 13700 Kbps
Average throughput: 7067.55 Kbps
Throughput to bandwidth ratio: 0.51588
Packet loss percentage: 43.4404%
Average delay: 3353.14 ms
Average jitter: 657.953 ms
G_L: 0.3933

Nodes disconnected: 116 174 184 68 95 0 3 4 5 6 8 9 10 12 16 17 21 23 26 28 29 30 32 33 34 35 38 39 40 41 44 46 48 49 50 52 53 58 60 62 65 66 69 72 75 76 79 83 86 88 90 91 92 96 97 98 99 100 102 103 104 108 110 111 112 114 115 117 118 119 122 123 124 125 126 128 132 135 136 137 146 147 148 150 155 156 159 160 163 165 168 169 170 171 172 175 179 181 182 185 186 187 190 191 192 193 195 196 197 198 201 207 208 212 213 215 219 220 227 229 232 233 234 236 238 239 240 241 245 249 257 258 259 261 262 263 264 265 267 272 273 275 278 281 286 288 290 292 293 294 296 297 225 106 250 178 276 246 151 153 154 251 285 94 255 228 200 130 20 209 222 131 84 203 204 214 127 74 291 42 295 260 299 93 254 
Number of disconnected nodes: 185
Max available bandwidth: 13200 Kbps
Average throughput: 6774.9 Kbps
Throughput to bandwidth ratio: 0.51325
Packet loss percentage: 43.9528%
Average delay: 3227.01 ms
Average jitter: 656.577 ms
G_L: 0.3833

Nodes disconnected: 116 174 184 68 95 0 3 4 5 6 8 9 10 12 16 17 21 23 26 28 29 30 32 33 34 35 38 39 40 41 44 46 48 49 50 52 53 58 60 62 65 66 69 72 75 76 79 83 86 88 90 91 92 96 97 98 99 100 102 103 104 108 110 111 112 114 115 117 118 119 122 123 124 125 126 128 132 135 136 137 146 147 148 150 155 156 159 160 163 165 168 169 170 171 172 175 179 181 182 185 186 187 190 191 192 193 195 196 197 198 201 207 208 212 213 215 219 220 227 229 232 233 234 236 238 239 240 241 245 249 257 258 259 261 262 263 264 265 267 272 273 275 278 281 286 288 290 292 293 294 296 297 225 106 250 178 276 246 151 153 154 251 285 94 255 228 200 130 20 209 222 131 84 203 204 214 127 74 291 42 295 260 299 93 254 54 
Number of disconnected nodes: 186
Max available bandwidth: 13100 Kbps
Average throughput: 6741.36 Kbps
Throughput to bandwidth ratio: 0.514608
Packet loss percentage: 43.9164%
Average delay: 2993.39 ms
Average jitter: 642.635 ms
G_L: 0.38

Nodes disconnected: 116 174 184 68 95 0 3 4 5 6 8 9 10 12 16 17 21 23 26 28 29 30 32 33 34 35 38 39 40 41 44 46 48 49 50 52 53 58 60 62 65 66 69 72 75 76 79 83 86 88 90 91 92 96 97 98 99 100 102 103 104 108 110 111 112 114 115 117 118 119 122 123 124 125 126 128 132 135 136 137 146 147 148 150 155 156 159 160 163 165 168 169 170 171 172 175 179 181 182 185 186 187 190 191 192 193 195 196 197 198 201 207 208 212 213 215 219 220 227 229 232 233 234 236 238 239 240 241 245 249 257 258 259 261 262 263 264 265 267 272 273 275 278 281 286 288 290 292 293 294 296 297 225 106 250 178 276 246 151 153 154 251 285 94 255 228 200 130 20 209 222 131 84 203 204 214 127 74 291 42 295 260 299 93 254 54 216 
Number of disconnected nodes: 187
Max available bandwidth: 13000 Kbps
Average throughput: 6714.19 Kbps
Throughput to bandwidth ratio: 0.516476
Packet loss percentage: 44.1198%
Average delay: 3183.62 ms
Average jitter: 667.245 ms
G_L: 0.3767

Nodes disconnected: 116 174 184 68 95 0 3 4 5 6 8 9 10 12 16 17 21 23 26 28 29 30 32 33 34 35 38 39 40 41 44 46 48 49 50 52 53 58 60 62 65 66 69 72 75 76 79 83 86 88 90 91 92 96 97 98 99 100 102 103 104 108 110 111 112 114 115 117 118 119 122 123 124 125 126 128 132 135 136 137 146 147 148 150 155 156 159 160 163 165 168 169 170 171 172 175 179 181 182 185 186 187 190 191 192 193 195 196 197 198 201 207 208 212 213 215 219 220 227 229 232 233 234 236 238 239 240 241 245 249 257 258 259 261 262 263 264 265 267 272 273 275 278 281 286 288 290 292 293 294 296 297 225 106 250 178 276 246 151 153 154 251 285 94 255 228 200 130 20 209 222 131 84 203 204 214 127 74 291 42 295 260 299 93 254 54 216 101 139 269 78 85 22 280 
Number of disconnected nodes: 194
Max available bandwidth: 12300 Kbps
Average throughput: 6166.87 Kbps
Throughput to bandwidth ratio: 0.501371
Packet loss percentage: 45.3448%
Average delay: 3631.53 ms
Average jitter: 696.414 ms
G_L: 0.3533

Nodes disconnected: 116 174 184 68 95 0 3 4 5 6 8 9 10 12 16 17 21 23 26 28 29 30 32 33 34 35 38 39 40 41 44 46 48 49 50 52 53 58 60 62 65 66 69 72 75 76 79 83 86 88 90 91 92 96 97 98 99 100 102 103 104 108 110 111 112 114 115 117 118 119 122 123 124 125 126 128 132 135 136 137 146 147 148 150 155 156 159 160 163 165 168 169 170 171 172 175 179 181 182 185 186 187 190 191 192 193 195 196 197 198 201 207 208 212 213 215 219 220 227 229 232 233 234 236 238 239 240 241 245 249 257 258 259 261 262 263 264 265 267 272 273 275 278 281 286 288 290 292 293 294 296 297 225 106 250 178 276 246 151 153 154 251 285 94 255 228 200 130 20 209 222 131 84 203 204 214 127 74 291 42 295 260 299 93 254 54 216 101 139 269 78 85 22 280 205 
Number of disconnected nodes: 195
Max available bandwidth: 12300 Kbps
Average throughput: 6112.66 Kbps
Throughput to bandwidth ratio: 0.496964
Packet loss percentage: 45.4746%
Average delay: 3404.29 ms
Average jitter: 679.047 ms
G_L: 0.35

Nodes disconnected: 116 174 184 68 95 0 3 4 5 6 8 9 10 12 16 17 21 23 26 28 29 30 32 33 34 35 38 39 40 41 44 46 48 49 50 52 53 58 60 62 65 66 69 72 75 76 79 83 86 88 90 91 92 96 97 98 99 100 102 103 104 108 110 111 112 114 115 117 118 119 122 123 124 125 126 128 132 135 136 137 146 147 148 150 155 156 159 160 163 165 168 169 170 171 172 175 179 181 182 185 186 187 190 191 192 193 195 196 197 198 201 207 208 212 213 215 219 220 227 229 232 233 234 236 238 239 240 241 245 249 257 258 259 261 262 263 264 265 267 272 273 275 278 281 286 288 290 292 293 294 296 297 225 106 250 178 276 246 151 153 154 251 285 94 255 228 200 130 20 209 222 131 84 203 204 214 127 74 291 42 295 260 299 93 254 54 216 101 139 269 78 85 22 280 205 211 
Number of disconnected nodes: 196
Max available bandwidth: 12300 Kbps
Average throughput: 6078.48 Kbps
Throughput to bandwidth ratio: 0.494185
Packet loss percentage: 45.3669%
Average delay: 3672.75 ms
Average jitter: 667.378 ms
G_L: 0.3467

Nodes disconnected: 116 174 184 68 95 0 3 4 5 6 8 9 10 12 16 17 21 23 26 28 29 30 32 33 34 35 38 39 40 41 44 46 48 49 50 52 53 58 60 62 65 66 69 72 75 76 79 83 86 88 90 91 92 96 97 98 99 100 102 103 104 108 110 111 112 114 115 117 118 119 122 123 124 125 126 128 132 135 136 137 146 147 148 150 155 156 159 160 163 165 168 169 170 171 172 175 179 181 182 185 186 187 190 191 192 193 195 196 197 198 201 207 208 212 213 215 219 220 227 229 232 233 234 236 238 239 240 241 245 249 257 258 259 261 262 263 264 265 267 272 273 275 278 281 286 288 290 292 293 294 296 297 225 106 250 178 276 246 151 153 154 251 285 94 255 228 200 130 20 209 222 131 84 203 204 214 127 74 291 42 295 260 299 93 254 54 216 101 139 269 78 85 22 280 205 211 268 
Number of disconnected nodes: 197
Max available bandwidth: 12300 Kbps
Average throughput: 5997.11 Kbps
Throughput to bandwidth ratio: 0.48757
Packet loss percentage: 45.5192%
Average delay: 3592.83 ms
Average jitter: 670.461 ms
G_L: 0.3433

Nodes disconnected: 116 174 184 68 95 0 3 4 5 6 8 9 10 12 16 17 21 23 26 28 29 30 32 33 34 35 38 39 40 41 44 46 48 49 50 52 53 58 60 62 65 66 69 72 75 76 79 83 86 88 90 91 92 96 97 98 99 100 102 103 104 108 110 111 112 114 115 117 118 119 122 123 124 125 126 128 132 135 136 137 146 147 148 150 155 156 159 160 163 165 168 169 170 171 172 175 179 181 182 185 186 187 190 191 192 193 195 196 197 198 201 207 208 212 213 215 219 220 227 229 232 233 234 236 238 239 240 241 245 249 257 258 259 261 262 263 264 265 267 272 273 275 278 281 286 288 290 292 293 294 296 297 225 106 250 178 276 246 151 153 154 251 285 94 255 228 200 130 20 209 222 131 84 203 204 214 127 74 291 42 295 260 299 93 254 54 216 101 139 269 78 85 22 280 205 211 268 19 87 
Number of disconnected nodes: 199
Max available bandwidth: 12100 Kbps
Average throughput: 5898.47 Kbps
Throughput to bandwidth ratio: 0.487477
Packet loss percentage: 45.3127%
Average delay: 3473.33 ms
Average jitter: 677.663 ms
G_L: 0.3367

Nodes disconnected: 116 174 184 68 95 0 3 4 5 6 8 9 10 12 16 17 21 23 26 28 29 30 32 33 34 35 38 39 40 41 44 46 48 49 50 52 53 58 60 62 65 66 69 72 75 76 79 83 86 88 90 91 92 96 97 98 99 100 102 103 104 108 110 111 112 114 115 117 118 119 122 123 124 125 126 128 132 135 136 137 146 147 148 150 155 156 159 160 163 165 168 169 170 171 172 175 179 181 182 185 186 187 190 191 192 193 195 196 197 198 201 207 208 212 213 215 219 220 227 229 232 233 234 236 238 239 240 241 245 249 257 258 259 261 262 263 264 265 267 272 273 275 278 281 286 288 290 292 293 294 296 297 225 106 250 178 276 246 151 153 154 251 285 94 255 228 200 130 20 209 222 131 84 203 204 214 127 74 291 42 295 260 299 93 254 54 216 101 139 269 78 85 22 280 205 211 268 19 87 70 230 
Number of disconnected nodes: 201
Max available bandwidth: 12000 Kbps
Average throughput: 5708.7 Kbps
Throughput to bandwidth ratio: 0.475725
Packet loss percentage: 45.7232%
Average delay: 3597.83 ms
Average jitter: 681.803 ms
G_L: 0.33

Nodes disconnected: 116 174 184 68 95 0 3 4 5 6 8 9 10 12 16 17 21 23 26 28 29 30 32 33 34 35 38 39 40 41 44 46 48 49 50 52 53 58 60 62 65 66 69 72 75 76 79 83 86 88 90 91 92 96 97 98 99 100 102 103 104 108 110 111 112 114 115 117 118 119 122 123 124 125 126 128 132 135 136 137 146 147 148 150 155 156 159 160 163 165 168 169 170 171 172 175 179 181 182 185 186 187 190 191 192 193 195 196 197 198 201 207 208 212 213 215 219 220 227 229 232 233 234 236 238 239 240 241 245 249 257 258 259 261 262 263 264 265 267 272 273 275 278 281 286 288 290 292 293 294 296 297 225 106 250 178 276 246 151 153 154 251 285 94 255 228 200 130 20 209 222 131 84 203 204 214 127 74 291 42 295 260 299 93 254 54 216 101 139 269 78 85 22 280 205 211 268 19 87 70 230 121 
Number of disconnected nodes: 202
Max available bandwidth: 11900 Kbps
Average throughput: 5623.78 Kbps
Throughput to bandwidth ratio: 0.472587
Packet loss percentage: 45.7973%
Average delay: 3668.55 ms
Average jitter: 714.074 ms
G_L: 0.3267

Nodes disconnected: 116 174 184 68 95 0 3 4 5 6 8 9 10 12 16 17 21 23 26 28 29 30 32 33 34 35 38 39 40 41 44 46 48 49 50 52 53 58 60 62 65 66 69 72 75 76 79 83 86 88 90 91 92 96 97 98 99 100 102 103 104 108 110 111 112 114 115 117 118 119 122 123 124 125 126 128 132 135 136 137 146 147 148 150 155 156 159 160 163 165 168 169 170 171 172 175 179 181 182 185 186 187 190 191 192 193 195 196 197 198 201 207 208 212 213 215 219 220 227 229 232 233 234 236 238 239 240 241 245 249 257 258 259 261 262 263 264 265 267 272 273 275 278 281 286 288 290 292 293 294 296 297 225 106 250 178 276 246 151 153 154 251 285 94 255 228 200 130 20 209 222 131 84 203 204 214 127 74 291 42 295 260 299 93 254 54 216 101 139 269 78 85 22 280 205 211 268 19 87 70 230 121 67 71 
Number of disconnected nodes: 204
Max available bandwidth: 11800 Kbps
Average throughput: 5589.48 Kbps
Throughput to bandwidth ratio: 0.473685
Packet loss percentage: 45.2627%
Average delay: 3853.34 ms
Average jitter: 716.709 ms
G_L: 0.32

Nodes disconnected: 116 174 184 68 95 0 3 4 5 6 8 9 10 12 16 17 21 23 26 28 29 30 32 33 34 35 38 39 40 41 44 46 48 49 50 52 53 58 60 62 65 66 69 72 75 76 79 83 86 88 90 91 92 96 97 98 99 100 102 103 104 108 110 111 112 114 115 117 118 119 122 123 124 125 126 128 132 135 136 137 146 147 148 150 155 156 159 160 163 165 168 169 170 171 172 175 179 181 182 185 186 187 190 191 192 193 195 196 197 198 201 207 208 212 213 215 219 220 227 229 232 233 234 236 238 239 240 241 245 249 257 258 259 261 262 263 264 265 267 272 273 275 278 281 286 288 290 292 293 294 296 297 225 106 250 178 276 246 151 153 154 251 285 94 255 228 200 130 20 209 222 131 84 203 204 214 127 74 291 42 295 260 299 93 254 54 216 101 139 269 78 85 22 280 205 211 268 19 87 70 230 121 67 71 1 2 7 11 13 14 15 18 24 27 31 36 37 43 45 47 51 55 56 57 59 61 63 64 73 77 80 81 82 105 107 109 113 120 129 133 134 138 140 141 142 143 144 145 149 152 157 158 161 164 166 167 173 176 177 180 183 188 189 194 199 202 206 210 217 218 221 223 224 226 231 235 237 242 243 247 248 252 253 256 266 270 271 274 277 279 282 283 284 287 289 298 
Number of disconnected nodes: 296
Max available bandwidth: 500 Kbps
Average throughput: 93.6195 Kbps
Throughput to bandwidth ratio: 0.187239
Packet loss percentage: 74.9473%
Average delay: -nan ms
Average jitter: -nan ms
G_L: 0.0133

Nodes disconnected: 116 174 184 68 95 0 3 4 5 6 8 9 10 12 16 17 21 23 26 28 29 30 32 33 34 35 38 39 40 41 44 46 48 49 50 52 53 58 60 62 65 66 69 72 75 76 79 83 86 88 90 91 92 96 97 98 99 100 102 103 104 108 110 111 112 114 115 117 118 119 122 123 124 125 126 128 132 135 136 137 146 147 148 150 155 156 159 160 163 165 168 169 170 171 172 175 179 181 182 185 186 187 190 191 192 193 195 196 197 198 201 207 208 212 213 215 219 220 227 229 232 233 234 236 238 239 240 241 245 249 257 258 259 261 262 263 264 265 267 272 273 275 278 281 286 288 290 292 293 294 296 297 225 106 250 178 276 246 151 153 154 251 285 94 255 228 200 130 20 209 222 131 84 203 204 214 127 74 291 42 295 260 299 93 254 54 216 101 139 269 78 85 22 280 205 211 268 19 87 70 230 121 67 71 1 2 7 11 13 14 15 18 24 27 31 36 37 43 45 47 51 55 56 57 59 61 63 64 73 77 80 81 82 105 107 109 113 120 129 133 134 138 140 141 142 143 144 145 149 152 157 158 161 164 166 167 173 176 177 180 183 188 189 194 199 202 206 210 217 218 221 223 224 226 231 235 237 242 243 247 248 252 253 256 266 270 271 274 277 279 282 283 284 287 289 298 244 
Number of disconnected nodes: 297
Max available bandwidth: 500 Kbps
Average throughput: 92.175 Kbps
Throughput to bandwidth ratio: 0.18435
Packet loss percentage: 68.3364%
Average delay: -nan ms
Average jitter: -nan ms
G_L: 0.01

Nodes disconnected: 116 174 184 68 95 0 3 4 5 6 8 9 10 12 16 17 21 23 26 28 29 30 32 33 34 35 38 39 40 41 44 46 48 49 50 52 53 58 60 62 65 66 69 72 75 76 79 83 86 88 90 91 92 96 97 98 99 100 102 103 104 108 110 111 112 114 115 117 118 119 122 123 124 125 126 128 132 135 136 137 146 147 148 150 155 156 159 160 163 165 168 169 170 171 172 175 179 181 182 185 186 187 190 191 192 193 195 196 197 198 201 207 208 212 213 215 219 220 227 229 232 233 234 236 238 239 240 241 245 249 257 258 259 261 262 263 264 265 267 272 273 275 278 281 286 288 290 292 293 294 296 297 225 106 250 178 276 246 151 153 154 251 285 94 255 228 200 130 20 209 222 131 84 203 204 214 127 74 291 42 295 260 299 93 254 54 216 101 139 269 78 85 22 280 205 211 268 19 87 70 230 121 67 71 1 2 7 11 13 14 15 18 24 27 31 36 37 43 45 47 51 55 56 57 59 61 63 64 73 77 80 81 82 105 107 109 113 120 129 133 134 138 140 141 142 143 144 145 149 152 157 158 161 164 166 167 173 176 177 180 183 188 189 194 199 202 206 210 217 218 221 223 224 226 231 235 237 242 243 247 248 252 253 256 266 270 271 274 277 279 282 283 284 287 289 298 244 89 25 162 
Number of disconnected nodes: 300
Max available bandwidth: 0 Kbps
Average throughput: 0 Kbps
Throughput to bandwidth ratio: -nan
Packet loss percentage: -nan%
Average delay: -nan ms
Average jitter: -nan ms
G_L: 0

