Nodes disconnected: 
Number of disconnected nodes: 0
Max available bandwidth: 33400 Kbps
Average throughput: 17035.7 Kbps
Throughput to bandwidth ratio: 0.510051
Packet loss percentage: 5.2922%
Average delay: 8121.79 ms
Average jitter: 4322.17 ms
G_L: 1

Nodes disconnected: 185 
Number of disconnected nodes: 1
Max available bandwidth: 33400 Kbps
Average throughput: 17028.7 Kbps
Throughput to bandwidth ratio: 0.509842
Packet loss percentage: 5.20946%
Average delay: 7610.65 ms
Average jitter: 4152.74 ms
G_L: 0.9967

Nodes disconnected: 185 174 
Number of disconnected nodes: 2
Max available bandwidth: 33400 Kbps
Average throughput: 17002 Kbps
Throughput to bandwidth ratio: 0.509042
Packet loss percentage: 5.1817%
Average delay: 8125.41 ms
Average jitter: 4707.44 ms
G_L: 0.9933

Nodes disconnected: 185 174 262 
Number of disconnected nodes: 3
Max available bandwidth: 33400 Kbps
Average throughput: 16877.1 Kbps
Throughput to bandwidth ratio: 0.505304
Packet loss percentage: 5.20428%
Average delay: 7499.46 ms
Average jitter: 4110.1 ms
G_L: 0.99

Nodes disconnected: 185 174 262 11 
Number of disconnected nodes: 4
Max available bandwidth: 33200 Kbps
Average throughput: 16937.8 Kbps
Throughput to bandwidth ratio: 0.510175
Packet loss percentage: 5.24999%
Average delay: 8107.58 ms
Average jitter: 4310.11 ms
G_L: 0.9867

Nodes disconnected: 185 174 262 11 0 3 4 5 6 8 9 10 12 16 17 21 23 26 28 29 30 32 33 34 35 38 39 40 41 44 46 48 49 50 52 53 58 60 62 65 66 68 69 72 75 76 79 83 86 88 90 91 92 95 96 97 98 99 100 102 103 104 108 110 111 112 114 115 117 118 119 122 123 124 125 126 128 132 135 136 137 146 147 148 150 155 156 159 160 163 165 168 169 170 171 172 175 179 181 182 186 187 190 191 192 193 195 196 197 198 201 207 208 212 213 215 219 220 227 229 232 233 234 236 238 239 240 241 245 249 257 258 259 261 263 264 265 267 272 273 275 278 281 286 288 290 292 293 294 296 297 
Number of disconnected nodes: 151
Max available bandwidth: 15700 Kbps
Average throughput: 7341.3 Kbps
Throughput to bandwidth ratio: 0.467599
Packet loss percentage: 34.9163%
Average delay: 7909.11 ms
Average jitter: 3040.11 ms
G_L: 0.4967

Nodes disconnected: 185 174 262 11 0 3 4 5 6 8 9 10 12 16 17 21 23 26 28 29 30 32 33 34 35 38 39 40 41 44 46 48 49 50 52 53 58 60 62 65 66 68 69 72 75 76 79 83 86 88 90 91 92 95 96 97 98 99 100 102 103 104 108 110 111 112 114 115 117 118 119 122 123 124 125 126 128 132 135 136 137 146 147 148 150 155 156 159 160 163 165 168 169 170 171 172 175 179 181 182 186 187 190 191 192 193 195 196 197 198 201 207 208 212 213 215 219 220 227 229 232 233 234 236 238 239 240 241 245 249 257 258 259 261 263 264 265 267 272 273 275 278 281 286 288 290 292 293 294 296 297 209 143 
Number of disconnected nodes: 153
Max available bandwidth: 15500 Kbps
Average throughput: 7212.85 Kbps
Throughput to bandwidth ratio: 0.465345
Packet loss percentage: 35.5812%
Average delay: 8172 ms
Average jitter: 2886.8 ms
G_L: 0.49

Nodes disconnected: 185 174 262 11 0 3 4 5 6 8 9 10 12 16 17 21 23 26 28 29 30 32 33 34 35 38 39 40 41 44 46 48 49 50 52 53 58 60 62 65 66 68 69 72 75 76 79 83 86 88 90 91 92 95 96 97 98 99 100 102 103 104 108 110 111 112 114 115 117 118 119 122 123 124 125 126 128 132 135 136 137 146 147 148 150 155 156 159 160 163 165 168 169 170 171 172 175 179 181 182 186 187 190 191 192 193 195 196 197 198 201 207 208 212 213 215 219 220 227 229 232 233 234 236 238 239 240 241 245 249 257 258 259 261 263 264 265 267 272 273 275 278 281 286 288 290 292 293 294 296 297 209 143 101 
Number of disconnected nodes: 154
Max available bandwidth: 15500 Kbps
Average throughput: 7266.65 Kbps
Throughput to bandwidth ratio: 0.468816
Packet loss percentage: 34.1604%
Average delay: 7514.3 ms
Average jitter: 2690.95 ms
G_L: 0.4867

Nodes disconnected: 185 174 262 11 0 3 4 5 6 8 9 10 12 16 17 21 23 26 28 29 30 32 33 34 35 38 39 40 41 44 46 48 49 50 52 53 58 60 62 65 66 68 69 72 75 76 79 83 86 88 90 91 92 95 96 97 98 99 100 102 103 104 108 110 111 112 114 115 117 118 119 122 123 124 125 126 128 132 135 136 137 146 147 148 150 155 156 159 160 163 165 168 169 170 171 172 175 179 181 182 186 187 190 191 192 193 195 196 197 198 201 207 208 212 213 215 219 220 227 229 232 233 234 236 238 239 240 241 245 249 257 258 259 261 263 264 265 267 272 273 275 278 281 286 288 290 292 293 294 296 297 209 143 101 205 
Number of disconnected nodes: 155
Max available bandwidth: 15500 Kbps
Average throughput: 6988.53 Kbps
Throughput to bandwidth ratio: 0.450873
Packet loss percentage: 37.0059%
Average delay: 7119.77 ms
Average jitter: 2581.19 ms
G_L: 0.4833

Nodes disconnected: 185 174 262 11 0 3 4 5 6 8 9 10 12 16 17 21 23 26 28 29 30 32 33 34 35 38 39 40 41 44 46 48 49 50 52 53 58 60 62 65 66 68 69 72 75 76 79 83 86 88 90 91 92 95 96 97 98 99 100 102 103 104 108 110 111 112 114 115 117 118 119 122 123 124 125 126 128 132 135 136 137 146 147 148 150 155 156 159 160 163 165 168 169 170 171 172 175 179 181 182 186 187 190 191 192 193 195 196 197 198 201 207 208 212 213 215 219 220 227 229 232 233 234 236 238 239 240 241 245 249 257 258 259 261 263 264 265 267 272 273 275 278 281 286 288 290 292 293 294 296 297 209 143 101 205 298 
Number of disconnected nodes: 156
Max available bandwidth: 15500 Kbps
Average throughput: 7121.19 Kbps
Throughput to bandwidth ratio: 0.459432
Packet loss percentage: 34.4353%
Average delay: 6810.9 ms
Average jitter: 2502.97 ms
G_L: 0.48

Nodes disconnected: 185 174 262 11 0 3 4 5 6 8 9 10 12 16 17 21 23 26 28 29 30 32 33 34 35 38 39 40 41 44 46 48 49 50 52 53 58 60 62 65 66 68 69 72 75 76 79 83 86 88 90 91 92 95 96 97 98 99 100 102 103 104 108 110 111 112 114 115 117 118 119 122 123 124 125 126 128 132 135 136 137 146 147 148 150 155 156 159 160 163 165 168 169 170 171 172 175 179 181 182 186 187 190 191 192 193 195 196 197 198 201 207 208 212 213 215 219 220 227 229 232 233 234 236 238 239 240 241 245 249 257 258 259 261 263 264 265 267 272 273 275 278 281 286 288 290 292 293 294 296 297 209 143 101 205 298 210 
Number of disconnected nodes: 157
Max available bandwidth: 15500 Kbps
Average throughput: 7084.14 Kbps
Throughput to bandwidth ratio: 0.457041
Packet loss percentage: 33.6832%
Average delay: 8431.42 ms
Average jitter: 3487.42 ms
G_L: 0.4767

Nodes disconnected: 185 174 262 11 0 3 4 5 6 8 9 10 12 16 17 21 23 26 28 29 30 32 33 34 35 38 39 40 41 44 46 48 49 50 52 53 58 60 62 65 66 68 69 72 75 76 79 83 86 88 90 91 92 95 96 97 98 99 100 102 103 104 108 110 111 112 114 115 117 118 119 122 123 124 125 126 128 132 135 136 137 146 147 148 150 155 156 159 160 163 165 168 169 170 171 172 175 179 181 182 186 187 190 191 192 193 195 196 197 198 201 207 208 212 213 215 219 220 227 229 232 233 234 236 238 239 240 241 245 249 257 258 259 261 263 264 265 267 272 273 275 278 281 286 288 290 292 293 294 296 297 209 143 101 205 298 210 113 2 277 173 
Number of disconnected nodes: 161
Max available bandwidth: 15100 Kbps
Average throughput: 6976.69 Kbps
Throughput to bandwidth ratio: 0.462032
Packet loss percentage: 34.711%
Average delay: 8085.46 ms
Average jitter: 2963.67 ms
G_L: 0.4633

Nodes disconnected: 185 174 262 11 0 3 4 5 6 8 9 10 12 16 17 21 23 26 28 29 30 32 33 34 35 38 39 40 41 44 46 48 49 50 52 53 58 60 62 65 66 68 69 72 75 76 79 83 86 88 90 91 92 95 96 97 98 99 100 102 103 104 108 110 111 112 114 115 117 118 119 122 123 124 125 126 128 132 135 136 137 146 147 148 150 155 156 159 160 163 165 168 169 170 171 172 175 179 181 182 186 187 190 191 192 193 195 196 197 198 201 207 208 212 213 215 219 220 227 229 232 233 234 236 238 239 240 241 245 249 257 258 259 261 263 264 265 267 272 273 275 278 281 286 288 290 292 293 294 296 297 209 143 101 205 298 210 113 2 277 173 248 279 31 
Number of disconnected nodes: 164
Max available bandwidth: 14900 Kbps
Average throughput: 6911.12 Kbps
Throughput to bandwidth ratio: 0.463833
Packet loss percentage: 34.1649%
Average delay: 8318.84 ms
Average jitter: 2829.11 ms
G_L: 0.4533

Nodes disconnected: 185 174 262 11 0 3 4 5 6 8 9 10 12 16 17 21 23 26 28 29 30 32 33 34 35 38 39 40 41 44 46 48 49 50 52 53 58 60 62 65 66 68 69 72 75 76 79 83 86 88 90 91 92 95 96 97 98 99 100 102 103 104 108 110 111 112 114 115 117 118 119 122 123 124 125 126 128 132 135 136 137 146 147 148 150 155 156 159 160 163 165 168 169 170 171 172 175 179 181 182 186 187 190 191 192 193 195 196 197 198 201 207 208 212 213 215 219 220 227 229 232 233 234 236 238 239 240 241 245 249 257 258 259 261 263 264 265 267 272 273 275 278 281 286 288 290 292 293 294 296 297 209 143 101 205 298 210 113 2 277 173 248 279 31 89 25 
Number of disconnected nodes: 166
Max available bandwidth: 14500 Kbps
Average throughput: 6584.09 Kbps
Throughput to bandwidth ratio: 0.454075
Packet loss percentage: 36.5275%
Average delay: 7573.47 ms
Average jitter: 2639.41 ms
G_L: 0.4467

Nodes disconnected: 185 174 262 11 0 3 4 5 6 8 9 10 12 16 17 21 23 26 28 29 30 32 33 34 35 38 39 40 41 44 46 48 49 50 52 53 58 60 62 65 66 68 69 72 75 76 79 83 86 88 90 91 92 95 96 97 98 99 100 102 103 104 108 110 111 112 114 115 117 118 119 122 123 124 125 126 128 132 135 136 137 146 147 148 150 155 156 159 160 163 165 168 169 170 171 172 175 179 181 182 186 187 190 191 192 193 195 196 197 198 201 207 208 212 213 215 219 220 227 229 232 233 234 236 238 239 240 241 245 249 257 258 259 261 263 264 265 267 272 273 275 278 281 286 288 290 292 293 294 296 297 209 143 101 205 298 210 113 2 277 173 248 279 31 89 25 138 
Number of disconnected nodes: 167
Max available bandwidth: 14400 Kbps
Average throughput: 6616.78 Kbps
Throughput to bandwidth ratio: 0.459499
Packet loss percentage: 38.1888%
Average delay: 7406.89 ms
Average jitter: 2120.32 ms
G_L: 0.4433

Nodes disconnected: 185 174 262 11 0 3 4 5 6 8 9 10 12 16 17 21 23 26 28 29 30 32 33 34 35 38 39 40 41 44 46 48 49 50 52 53 58 60 62 65 66 68 69 72 75 76 79 83 86 88 90 91 92 95 96 97 98 99 100 102 103 104 108 110 111 112 114 115 117 118 119 122 123 124 125 126 128 132 135 136 137 146 147 148 150 155 156 159 160 163 165 168 169 170 171 172 175 179 181 182 186 187 190 191 192 193 195 196 197 198 201 207 208 212 213 215 219 220 227 229 232 233 234 236 238 239 240 241 245 249 257 258 259 261 263 264 265 267 272 273 275 278 281 286 288 290 292 293 294 296 297 209 143 101 205 298 210 113 2 277 173 248 279 31 89 25 138 64 37 134 166 109 177 54 184 221 
Number of disconnected nodes: 176
Max available bandwidth: 13300 Kbps
Average throughput: 6057.61 Kbps
Throughput to bandwidth ratio: 0.455459
Packet loss percentage: 39.4765%
Average delay: 7338.94 ms
Average jitter: 2217.34 ms
G_L: 0.4133

Nodes disconnected: 185 174 262 11 0 3 4 5 6 8 9 10 12 16 17 21 23 26 28 29 30 32 33 34 35 38 39 40 41 44 46 48 49 50 52 53 58 60 62 65 66 68 69 72 75 76 79 83 86 88 90 91 92 95 96 97 98 99 100 102 103 104 108 110 111 112 114 115 117 118 119 122 123 124 125 126 128 132 135 136 137 146 147 148 150 155 156 159 160 163 165 168 169 170 171 172 175 179 181 182 186 187 190 191 192 193 195 196 197 198 201 207 208 212 213 215 219 220 227 229 232 233 234 236 238 239 240 241 245 249 257 258 259 261 263 264 265 267 272 273 275 278 281 286 288 290 292 293 294 296 297 209 143 101 205 298 210 113 2 277 173 248 279 31 89 25 138 64 37 134 166 109 177 54 184 221 157 
Number of disconnected nodes: 177
Max available bandwidth: 13200 Kbps
Average throughput: 5920.91 Kbps
Throughput to bandwidth ratio: 0.448554
Packet loss percentage: 41.0059%
Average delay: 6855.73 ms
Average jitter: 2083.8 ms
G_L: 0.41

Nodes disconnected: 185 174 262 11 0 3 4 5 6 8 9 10 12 16 17 21 23 26 28 29 30 32 33 34 35 38 39 40 41 44 46 48 49 50 52 53 58 60 62 65 66 68 69 72 75 76 79 83 86 88 90 91 92 95 96 97 98 99 100 102 103 104 108 110 111 112 114 115 117 118 119 122 123 124 125 126 128 132 135 136 137 146 147 148 150 155 156 159 160 163 165 168 169 170 171 172 175 179 181 182 186 187 190 191 192 193 195 196 197 198 201 207 208 212 213 215 219 220 227 229 232 233 234 236 238 239 240 241 245 249 257 258 259 261 263 264 265 267 272 273 275 278 281 286 288 290 292 293 294 296 297 209 143 101 205 298 210 113 2 277 173 248 279 31 89 25 138 64 37 134 166 109 177 54 184 221 157 42 
Number of disconnected nodes: 178
Max available bandwidth: 13100 Kbps
Average throughput: 5939.77 Kbps
Throughput to bandwidth ratio: 0.453418
Packet loss percentage: 40.4196%
Average delay: 5398.06 ms
Average jitter: 1730.53 ms
G_L: 0.4067

Nodes disconnected: 185 174 262 11 0 3 4 5 6 8 9 10 12 16 17 21 23 26 28 29 30 32 33 34 35 38 39 40 41 44 46 48 49 50 52 53 58 60 62 65 66 68 69 72 75 76 79 83 86 88 90 91 92 95 96 97 98 99 100 102 103 104 108 110 111 112 114 115 117 118 119 122 123 124 125 126 128 132 135 136 137 146 147 148 150 155 156 159 160 163 165 168 169 170 171 172 175 179 181 182 186 187 190 191 192 193 195 196 197 198 201 207 208 212 213 215 219 220 227 229 232 233 234 236 238 239 240 241 245 249 257 258 259 261 263 264 265 267 272 273 275 278 281 286 288 290 292 293 294 296 297 209 143 101 205 298 210 113 2 277 173 248 279 31 89 25 138 64 37 134 166 109 177 54 184 221 157 42 202 274 189 
Number of disconnected nodes: 181
Max available bandwidth: 12800 Kbps
Average throughput: 5848.9 Kbps
Throughput to bandwidth ratio: 0.456945
Packet loss percentage: 39.2949%
Average delay: 5775.55 ms
Average jitter: 1790.79 ms
G_L: 0.3967

Nodes disconnected: 185 174 262 11 0 3 4 5 6 8 9 10 12 16 17 21 23 26 28 29 30 32 33 34 35 38 39 40 41 44 46 48 49 50 52 53 58 60 62 65 66 68 69 72 75 76 79 83 86 88 90 91 92 95 96 97 98 99 100 102 103 104 108 110 111 112 114 115 117 118 119 122 123 124 125 126 128 132 135 136 137 146 147 148 150 155 156 159 160 163 165 168 169 170 171 172 175 179 181 182 186 187 190 191 192 193 195 196 197 198 201 207 208 212 213 215 219 220 227 229 232 233 234 236 238 239 240 241 245 249 257 258 259 261 263 264 265 267 272 273 275 278 281 286 288 290 292 293 294 296 297 209 143 101 205 298 210 113 2 277 173 248 279 31 89 25 138 64 37 134 166 109 177 54 184 221 157 42 202 274 189 94 
Number of disconnected nodes: 182
Max available bandwidth: 12700 Kbps
Average throughput: 5803.52 Kbps
Throughput to bandwidth ratio: 0.45697
Packet loss percentage: 38.9848%
Average delay: 6759.13 ms
Average jitter: 2488.2 ms
G_L: 0.3933

Nodes disconnected: 185 174 262 11 0 3 4 5 6 8 9 10 12 16 17 21 23 26 28 29 30 32 33 34 35 38 39 40 41 44 46 48 49 50 52 53 58 60 62 65 66 68 69 72 75 76 79 83 86 88 90 91 92 95 96 97 98 99 100 102 103 104 108 110 111 112 114 115 117 118 119 122 123 124 125 126 128 132 135 136 137 146 147 148 150 155 156 159 160 163 165 168 169 170 171 172 175 179 181 182 186 187 190 191 192 193 195 196 197 198 201 207 208 212 213 215 219 220 227 229 232 233 234 236 238 239 240 241 245 249 257 258 259 261 263 264 265 267 272 273 275 278 281 286 288 290 292 293 294 296 297 209 143 101 205 298 210 113 2 277 173 248 279 31 89 25 138 64 37 134 166 109 177 54 184 221 157 42 202 274 189 94 1 130 231 200 74 141 206 20 24 253 
Number of disconnected nodes: 192
Max available bandwidth: 11800 Kbps
Average throughput: 5376.33 Kbps
Throughput to bandwidth ratio: 0.455622
Packet loss percentage: 40.485%
Average delay: 5600.39 ms
Average jitter: 1702.83 ms
G_L: 0.36

Nodes disconnected: 185 174 262 11 0 3 4 5 6 8 9 10 12 16 17 21 23 26 28 29 30 32 33 34 35 38 39 40 41 44 46 48 49 50 52 53 58 60 62 65 66 68 69 72 75 76 79 83 86 88 90 91 92 95 96 97 98 99 100 102 103 104 108 110 111 112 114 115 117 118 119 122 123 124 125 126 128 132 135 136 137 146 147 148 150 155 156 159 160 163 165 168 169 170 171 172 175 179 181 182 186 187 190 191 192 193 195 196 197 198 201 207 208 212 213 215 219 220 227 229 232 233 234 236 238 239 240 241 245 249 257 258 259 261 263 264 265 267 272 273 275 278 281 286 288 290 292 293 294 296 297 209 143 101 205 298 210 113 2 277 173 248 279 31 89 25 138 64 37 134 166 109 177 54 184 221 157 42 202 274 189 94 1 130 231 200 74 141 206 20 24 253 299 93 254 
Number of disconnected nodes: 195
Max available bandwidth: 11300 Kbps
Average throughput: 5211.57 Kbps
Throughput to bandwidth ratio: 0.461201
Packet loss percentage: 39.9426%
Average delay: 6389.32 ms
Average jitter: 1868.21 ms
G_L: 0.35

Nodes disconnected: 185 174 262 11 0 3 4 5 6 8 9 10 12 16 17 21 23 26 28 29 30 32 33 34 35 38 39 40 41 44 46 48 49 50 52 53 58 60 62 65 66 68 69 72 75 76 79 83 86 88 90 91 92 95 96 97 98 99 100 102 103 104 108 110 111 112 114 115 117 118 119 122 123 124 125 126 128 132 135 136 137 146 147 148 150 155 156 159 160 163 165 168 169 170 171 172 175 179 181 182 186 187 190 191 192 193 195 196 197 198 201 207 208 212 213 215 219 220 227 229 232 233 234 236 238 239 240 241 245 249 257 258 259 261 263 264 265 267 272 273 275 278 281 286 288 290 292 293 294 296 297 209 143 101 205 298 210 113 2 277 173 248 279 31 89 25 138 64 37 134 166 109 177 54 184 221 157 42 202 274 189 94 1 130 231 200 74 141 206 20 24 253 299 93 254 78 85 22 
Number of disconnected nodes: 198
Max available bandwidth: 10900 Kbps
Average throughput: 5144.65 Kbps
Throughput to bandwidth ratio: 0.471986
Packet loss percentage: 38.7741%
Average delay: 6068.86 ms
Average jitter: 1670.21 ms
G_L: 0.34

Nodes disconnected: 185 174 262 11 0 3 4 5 6 8 9 10 12 16 17 21 23 26 28 29 30 32 33 34 35 38 39 40 41 44 46 48 49 50 52 53 58 60 62 65 66 68 69 72 75 76 79 83 86 88 90 91 92 95 96 97 98 99 100 102 103 104 108 110 111 112 114 115 117 118 119 122 123 124 125 126 128 132 135 136 137 146 147 148 150 155 156 159 160 163 165 168 169 170 171 172 175 179 181 182 186 187 190 191 192 193 195 196 197 198 201 207 208 212 213 215 219 220 227 229 232 233 234 236 238 239 240 241 245 249 257 258 259 261 263 264 265 267 272 273 275 278 281 286 288 290 292 293 294 296 297 209 143 101 205 298 210 113 2 277 173 248 279 31 89 25 138 64 37 134 166 109 177 54 184 221 157 42 202 274 189 94 1 130 231 200 74 141 206 20 24 253 299 93 254 78 85 22 203 204 214 
Number of disconnected nodes: 201
Max available bandwidth: 10600 Kbps
Average throughput: 5094.26 Kbps
Throughput to bandwidth ratio: 0.480591
Packet loss percentage: 38.1116%
Average delay: 5785.07 ms
Average jitter: 1589.86 ms
G_L: 0.33

Nodes disconnected: 185 174 262 11 0 3 4 5 6 8 9 10 12 16 17 21 23 26 28 29 30 32 33 34 35 38 39 40 41 44 46 48 49 50 52 53 58 60 62 65 66 68 69 72 75 76 79 83 86 88 90 91 92 95 96 97 98 99 100 102 103 104 108 110 111 112 114 115 117 118 119 122 123 124 125 126 128 132 135 136 137 146 147 148 150 155 156 159 160 163 165 168 169 170 171 172 175 179 181 182 186 187 190 191 192 193 195 196 197 198 201 207 208 212 213 215 219 220 227 229 232 233 234 236 238 239 240 241 245 249 257 258 259 261 263 264 265 267 272 273 275 278 281 286 288 290 292 293 294 296 297 209 143 101 205 298 210 113 2 277 173 248 279 31 89 25 138 64 37 134 166 109 177 54 184 221 157 42 202 274 189 94 1 130 231 200 74 141 206 20 24 253 299 93 254 78 85 22 203 204 214 13 
Number of disconnected nodes: 202
Max available bandwidth: 10500 Kbps
Average throughput: 5066.89 Kbps
Throughput to bandwidth ratio: 0.482561
Packet loss percentage: 37.0527%
Average delay: 6326.39 ms
Average jitter: 2030.08 ms
G_L: 0.3267

Nodes disconnected: 185 174 262 11 0 3 4 5 6 8 9 10 12 16 17 21 23 26 28 29 30 32 33 34 35 38 39 40 41 44 46 48 49 50 52 53 58 60 62 65 66 68 69 72 75 76 79 83 86 88 90 91 92 95 96 97 98 99 100 102 103 104 108 110 111 112 114 115 117 118 119 122 123 124 125 126 128 132 135 136 137 146 147 148 150 155 156 159 160 163 165 168 169 170 171 172 175 179 181 182 186 187 190 191 192 193 195 196 197 198 201 207 208 212 213 215 219 220 227 229 232 233 234 236 238 239 240 241 245 249 257 258 259 261 263 264 265 267 272 273 275 278 281 286 288 290 292 293 294 296 297 209 143 101 205 298 210 113 2 277 173 248 279 31 89 25 138 64 37 134 166 109 177 54 184 221 157 42 202 274 189 94 1 130 231 200 74 141 206 20 24 253 299 93 254 78 85 22 203 204 214 13 246 
Number of disconnected nodes: 203
Max available bandwidth: 10500 Kbps
Average throughput: 5032.72 Kbps
Throughput to bandwidth ratio: 0.479307
Packet loss percentage: 37.9081%
Average delay: 7241.06 ms
Average jitter: 2098.77 ms
G_L: 0.3233

Nodes disconnected: 185 174 262 11 0 3 4 5 6 8 9 10 12 16 17 21 23 26 28 29 30 32 33 34 35 38 39 40 41 44 46 48 49 50 52 53 58 60 62 65 66 68 69 72 75 76 79 83 86 88 90 91 92 95 96 97 98 99 100 102 103 104 108 110 111 112 114 115 117 118 119 122 123 124 125 126 128 132 135 136 137 146 147 148 150 155 156 159 160 163 165 168 169 170 171 172 175 179 181 182 186 187 190 191 192 193 195 196 197 198 201 207 208 212 213 215 219 220 227 229 232 233 234 236 238 239 240 241 245 249 257 258 259 261 263 264 265 267 272 273 275 278 281 286 288 290 292 293 294 296 297 209 143 101 205 298 210 113 2 277 173 248 279 31 89 25 138 64 37 134 166 109 177 54 184 221 157 42 202 274 189 94 1 130 231 200 74 141 206 20 24 253 299 93 254 78 85 22 203 204 214 13 246 164 
Number of disconnected nodes: 204
Max available bandwidth: 10300 Kbps
Average throughput: 4979 Kbps
Throughput to bandwidth ratio: 0.483398
Packet loss percentage: 38.6491%
Average delay: 6816.03 ms
Average jitter: 1893.92 ms
G_L: 0.32

Nodes disconnected: 185 174 262 11 0 3 4 5 6 8 9 10 12 16 17 21 23 26 28 29 30 32 33 34 35 38 39 40 41 44 46 48 49 50 52 53 58 60 62 65 66 68 69 72 75 76 79 83 86 88 90 91 92 95 96 97 98 99 100 102 103 104 108 110 111 112 114 115 117 118 119 122 123 124 125 126 128 132 135 136 137 146 147 148 150 155 156 159 160 163 165 168 169 170 171 172 175 179 181 182 186 187 190 191 192 193 195 196 197 198 201 207 208 212 213 215 219 220 227 229 232 233 234 236 238 239 240 241 245 249 257 258 259 261 263 264 265 267 272 273 275 278 281 286 288 290 292 293 294 296 297 209 143 101 205 298 210 113 2 277 173 248 279 31 89 25 138 64 37 134 166 109 177 54 184 221 157 42 202 274 189 94 1 130 231 200 74 141 206 20 24 253 299 93 254 78 85 22 203 204 214 13 246 164 280 139 269 
Number of disconnected nodes: 207
Max available bandwidth: 10000 Kbps
Average throughput: 4869.31 Kbps
Throughput to bandwidth ratio: 0.486931
Packet loss percentage: 37.5466%
Average delay: 6695.05 ms
Average jitter: 1885.69 ms
G_L: 0.31

Nodes disconnected: 185 174 262 11 0 3 4 5 6 8 9 10 12 16 17 21 23 26 28 29 30 32 33 34 35 38 39 40 41 44 46 48 49 50 52 53 58 60 62 65 66 68 69 72 75 76 79 83 86 88 90 91 92 95 96 97 98 99 100 102 103 104 108 110 111 112 114 115 117 118 119 122 123 124 125 126 128 132 135 136 137 146 147 148 150 155 156 159 160 163 165 168 169 170 171 172 175 179 181 182 186 187 190 191 192 193 195 196 197 198 201 207 208 212 213 215 219 220 227 229 232 233 234 236 238 239 240 241 245 249 257 258 259 261 263 264 265 267 272 273 275 278 281 286 288 290 292 293 294 296 297 209 143 101 205 298 210 113 2 277 173 248 279 31 89 25 138 64 37 134 166 109 177 54 184 221 157 42 202 274 189 94 1 130 231 200 74 141 206 20 24 253 299 93 254 78 85 22 203 204 214 13 246 164 280 139 269 70 
Number of disconnected nodes: 208
Max available bandwidth: 9900 Kbps
Average throughput: 4794.62 Kbps
Throughput to bandwidth ratio: 0.484305
Packet loss percentage: 38.2307%
Average delay: 6532.95 ms
Average jitter: 1834.71 ms
G_L: 0.3067

Nodes disconnected: 185 174 262 11 0 3 4 5 6 8 9 10 12 16 17 21 23 26 28 29 30 32 33 34 35 38 39 40 41 44 46 48 49 50 52 53 58 60 62 65 66 68 69 72 75 76 79 83 86 88 90 91 92 95 96 97 98 99 100 102 103 104 108 110 111 112 114 115 117 118 119 122 123 124 125 126 128 132 135 136 137 146 147 148 150 155 156 159 160 163 165 168 169 170 171 172 175 179 181 182 186 187 190 191 192 193 195 196 197 198 201 207 208 212 213 215 219 220 227 229 232 233 234 236 238 239 240 241 245 249 257 258 259 261 263 264 265 267 272 273 275 278 281 286 288 290 292 293 294 296 297 209 143 101 205 298 210 113 2 277 173 248 279 31 89 25 138 64 37 134 166 109 177 54 184 221 157 42 202 274 189 94 1 130 231 200 74 141 206 20 24 253 299 93 254 78 85 22 203 204 214 13 246 164 280 139 269 70 116 
Number of disconnected nodes: 209
Max available bandwidth: 9900 Kbps
Average throughput: 4771.42 Kbps
Throughput to bandwidth ratio: 0.481961
Packet loss percentage: 39.2722%
Average delay: 5839.51 ms
Average jitter: 1548.79 ms
G_L: 0.3033

Nodes disconnected: 185 174 262 11 0 3 4 5 6 8 9 10 12 16 17 21 23 26 28 29 30 32 33 34 35 38 39 40 41 44 46 48 49 50 52 53 58 60 62 65 66 68 69 72 75 76 79 83 86 88 90 91 92 95 96 97 98 99 100 102 103 104 108 110 111 112 114 115 117 118 119 122 123 124 125 126 128 132 135 136 137 146 147 148 150 155 156 159 160 163 165 168 169 170 171 172 175 179 181 182 186 187 190 191 192 193 195 196 197 198 201 207 208 212 213 215 219 220 227 229 232 233 234 236 238 239 240 241 245 249 257 258 259 261 263 264 265 267 272 273 275 278 281 286 288 290 292 293 294 296 297 209 143 101 205 298 210 113 2 277 173 248 279 31 89 25 138 64 37 134 166 109 177 54 184 221 157 42 202 274 189 94 1 130 231 200 74 141 206 20 24 253 299 93 254 78 85 22 203 204 214 13 246 164 280 139 269 70 116 242 
Number of disconnected nodes: 210
Max available bandwidth: 9800 Kbps
Average throughput: 4772.9 Kbps
Throughput to bandwidth ratio: 0.487031
Packet loss percentage: 38.8511%
Average delay: 6640.48 ms
Average jitter: 1564.12 ms
G_L: 0.3

Nodes disconnected: 185 174 262 11 0 3 4 5 6 8 9 10 12 16 17 21 23 26 28 29 30 32 33 34 35 38 39 40 41 44 46 48 49 50 52 53 58 60 62 65 66 68 69 72 75 76 79 83 86 88 90 91 92 95 96 97 98 99 100 102 103 104 108 110 111 112 114 115 117 118 119 122 123 124 125 126 128 132 135 136 137 146 147 148 150 155 156 159 160 163 165 168 169 170 171 172 175 179 181 182 186 187 190 191 192 193 195 196 197 198 201 207 208 212 213 215 219 220 227 229 232 233 234 236 238 239 240 241 245 249 257 258 259 261 263 264 265 267 272 273 275 278 281 286 288 290 292 293 294 296 297 209 143 101 205 298 210 113 2 277 173 248 279 31 89 25 138 64 37 134 166 109 177 54 184 221 157 42 202 274 189 94 1 130 231 200 74 141 206 20 24 253 299 93 254 78 85 22 203 204 214 13 246 164 280 139 269 70 116 242 19 87 
Number of disconnected nodes: 212
Max available bandwidth: 9600 Kbps
Average throughput: 4394.32 Kbps
Throughput to bandwidth ratio: 0.457742
Packet loss percentage: 45.8895%
Average delay: 5495.05 ms
Average jitter: 1320.11 ms
G_L: 0.2933

Nodes disconnected: 185 174 262 11 0 3 4 5 6 8 9 10 12 16 17 21 23 26 28 29 30 32 33 34 35 38 39 40 41 44 46 48 49 50 52 53 58 60 62 65 66 68 69 72 75 76 79 83 86 88 90 91 92 95 96 97 98 99 100 102 103 104 108 110 111 112 114 115 117 118 119 122 123 124 125 126 128 132 135 136 137 146 147 148 150 155 156 159 160 163 165 168 169 170 171 172 175 179 181 182 186 187 190 191 192 193 195 196 197 198 201 207 208 212 213 215 219 220 227 229 232 233 234 236 238 239 240 241 245 249 257 258 259 261 263 264 265 267 272 273 275 278 281 286 288 290 292 293 294 296 297 209 143 101 205 298 210 113 2 277 173 248 279 31 89 25 138 64 37 134 166 109 177 54 184 221 157 42 202 274 189 94 1 130 231 200 74 141 206 20 24 253 299 93 254 78 85 22 203 204 214 13 246 164 280 139 269 70 116 242 19 87 154 
Number of disconnected nodes: 213
Max available bandwidth: 9500 Kbps
Average throughput: 4302.03 Kbps
Throughput to bandwidth ratio: 0.452846
Packet loss percentage: 47.0365%
Average delay: 4705.31 ms
Average jitter: 1233.9 ms
G_L: 0.29

Nodes disconnected: 185 174 262 11 0 3 4 5 6 8 9 10 12 16 17 21 23 26 28 29 30 32 33 34 35 38 39 40 41 44 46 48 49 50 52 53 58 60 62 65 66 68 69 72 75 76 79 83 86 88 90 91 92 95 96 97 98 99 100 102 103 104 108 110 111 112 114 115 117 118 119 122 123 124 125 126 128 132 135 136 137 146 147 148 150 155 156 159 160 163 165 168 169 170 171 172 175 179 181 182 186 187 190 191 192 193 195 196 197 198 201 207 208 212 213 215 219 220 227 229 232 233 234 236 238 239 240 241 245 249 257 258 259 261 263 264 265 267 272 273 275 278 281 286 288 290 292 293 294 296 297 209 143 101 205 298 210 113 2 277 173 248 279 31 89 25 138 64 37 134 166 109 177 54 184 221 157 42 202 274 189 94 1 130 231 200 74 141 206 20 24 253 299 93 254 78 85 22 203 204 214 13 246 164 280 139 269 70 116 242 19 87 154 7 14 15 18 27 36 43 45 47 51 55 56 57 59 61 63 73 77 80 81 82 84 105 106 107 120 121 127 129 131 133 140 142 144 145 149 151 152 153 158 161 167 176 178 180 183 188 194 199 211 216 217 218 222 223 224 225 226 228 230 235 237 243 247 250 251 252 255 256 260 266 268 270 271 276 282 283 284 285 287 289 291 295 
Number of disconnected nodes: 296
Max available bandwidth: 200 Kbps
Average throughput: 201.21 Kbps
Throughput to bandwidth ratio: 1.00605
Packet loss percentage: 32.2485%
Average delay: 203.278 ms
Average jitter: 311.003 ms
G_L: 0.0133

Nodes disconnected: 185 174 262 11 0 3 4 5 6 8 9 10 12 16 17 21 23 26 28 29 30 32 33 34 35 38 39 40 41 44 46 48 49 50 52 53 58 60 62 65 66 68 69 72 75 76 79 83 86 88 90 91 92 95 96 97 98 99 100 102 103 104 108 110 111 112 114 115 117 118 119 122 123 124 125 126 128 132 135 136 137 146 147 148 150 155 156 159 160 163 165 168 169 170 171 172 175 179 181 182 186 187 190 191 192 193 195 196 197 198 201 207 208 212 213 215 219 220 227 229 232 233 234 236 238 239 240 241 245 249 257 258 259 261 263 264 265 267 272 273 275 278 281 286 288 290 292 293 294 296 297 209 143 101 205 298 210 113 2 277 173 248 279 31 89 25 138 64 37 134 166 109 177 54 184 221 157 42 202 274 189 94 1 130 231 200 74 141 206 20 24 253 299 93 254 78 85 22 203 204 214 13 246 164 280 139 269 70 116 242 19 87 154 7 14 15 18 27 36 43 45 47 51 55 56 57 59 61 63 73 77 80 81 82 84 105 106 107 120 121 127 129 131 133 140 142 144 145 149 151 152 153 158 161 167 176 178 180 183 188 194 199 211 216 217 218 222 223 224 225 226 228 230 235 237 243 247 250 251 252 255 256 260 266 268 270 271 276 282 283 284 285 287 289 291 295 162 244 
Number of disconnected nodes: 298
Max available bandwidth: 100 Kbps
Average throughput: 88.5936 Kbps
Throughput to bandwidth ratio: 0.885936
Packet loss percentage: 7.6087%
Average delay: 141.287 ms
Average jitter: 278.213 ms
G_L: 0.0067

Nodes disconnected: 185 174 262 11 0 3 4 5 6 8 9 10 12 16 17 21 23 26 28 29 30 32 33 34 35 38 39 40 41 44 46 48 49 50 52 53 58 60 62 65 66 68 69 72 75 76 79 83 86 88 90 91 92 95 96 97 98 99 100 102 103 104 108 110 111 112 114 115 117 118 119 122 123 124 125 126 128 132 135 136 137 146 147 148 150 155 156 159 160 163 165 168 169 170 171 172 175 179 181 182 186 187 190 191 192 193 195 196 197 198 201 207 208 212 213 215 219 220 227 229 232 233 234 236 238 239 240 241 245 249 257 258 259 261 263 264 265 267 272 273 275 278 281 286 288 290 292 293 294 296 297 209 143 101 205 298 210 113 2 277 173 248 279 31 89 25 138 64 37 134 166 109 177 54 184 221 157 42 202 274 189 94 1 130 231 200 74 141 206 20 24 253 299 93 254 78 85 22 203 204 214 13 246 164 280 139 269 70 116 242 19 87 154 7 14 15 18 27 36 43 45 47 51 55 56 57 59 61 63 73 77 80 81 82 84 105 106 107 120 121 127 129 131 133 140 142 144 145 149 151 152 153 158 161 167 176 178 180 183 188 194 199 211 216 217 218 222 223 224 225 226 228 230 235 237 243 247 250 251 252 255 256 260 266 268 270 271 276 282 283 284 285 287 289 291 295 162 244 67 71 
Number of disconnected nodes: 300
Max available bandwidth: 0 Kbps
Average throughput: 0 Kbps
Throughput to bandwidth ratio: -nan
Packet loss percentage: -nan%
Average delay: -nan ms
Average jitter: -nan ms
G_L: 0

