Nodes disconnected: 
Number of disconnected nodes: 0
Max available bandwidth: 33400 Kbps
Average throughput: 17773.6 Kbps
Throughput to bandwidth ratio: 0.532144
Packet loss percentage: 5.00793%
Average delay: 8909.82 ms
Average jitter: 4283.96 ms
G_L: 1

Nodes disconnected: 62 
Number of disconnected nodes: 1
Max available bandwidth: 33400 Kbps
Average throughput: 17783.6 Kbps
Throughput to bandwidth ratio: 0.532444
Packet loss percentage: 4.99644%
Average delay: 8671.93 ms
Average jitter: 4178.84 ms
G_L: 0.9967

Nodes disconnected: 62 103 
Number of disconnected nodes: 2
Max available bandwidth: 33400 Kbps
Average throughput: 17645.7 Kbps
Throughput to bandwidth ratio: 0.528313
Packet loss percentage: 4.98178%
Average delay: 9110.22 ms
Average jitter: 4971.87 ms
G_L: 0.9933

Nodes disconnected: 62 103 49 
Number of disconnected nodes: 3
Max available bandwidth: 33300 Kbps
Average throughput: 17550.1 Kbps
Throughput to bandwidth ratio: 0.527029
Packet loss percentage: 5.02535%
Average delay: 8776.9 ms
Average jitter: 4579.51 ms
G_L: 0.99

Nodes disconnected: 62 103 49 245 
Number of disconnected nodes: 4
Max available bandwidth: 33300 Kbps
Average throughput: 17504.1 Kbps
Throughput to bandwidth ratio: 0.525649
Packet loss percentage: 5.03071%
Average delay: 8814.93 ms
Average jitter: 4597.36 ms
G_L: 0.9867

Nodes disconnected: 62 103 49 245 239 
Number of disconnected nodes: 5
Max available bandwidth: 33300 Kbps
Average throughput: 17637.7 Kbps
Throughput to bandwidth ratio: 0.529661
Packet loss percentage: 5.00073%
Average delay: 6774.56 ms
Average jitter: 3377.3 ms
G_L: 0.9833

Nodes disconnected: 62 103 49 245 239 129 
Number of disconnected nodes: 6
Max available bandwidth: 33200 Kbps
Average throughput: 17517.1 Kbps
Throughput to bandwidth ratio: 0.527623
Packet loss percentage: 4.97833%
Average delay: 10806.6 ms
Average jitter: 5636.53 ms
G_L: 0.98

Nodes disconnected: 62 103 49 245 239 129 160 
Number of disconnected nodes: 7
Max available bandwidth: 33200 Kbps
Average throughput: 17316.3 Kbps
Throughput to bandwidth ratio: 0.521575
Packet loss percentage: 5.02617%
Average delay: 10827 ms
Average jitter: 4885.13 ms
G_L: 0.9767

Nodes disconnected: 62 103 49 245 239 129 160 0 3 4 5 6 8 9 10 12 16 17 19 21 23 26 28 29 30 32 33 34 35 38 39 40 41 44 46 48 50 52 53 58 60 65 66 68 69 72 75 76 79 83 86 87 88 90 91 92 95 96 97 98 99 100 102 104 108 110 111 112 114 115 117 118 119 122 123 124 125 126 128 132 135 136 137 146 147 148 150 155 156 159 163 165 168 169 170 171 172 173 175 179 181 182 185 186 187 190 191 192 193 195 196 197 198 201 207 208 212 213 215 219 220 227 229 232 233 234 236 238 240 241 249 257 258 259 261 262 263 264 265 267 272 273 275 278 281 286 288 290 292 293 294 296 297 
Number of disconnected nodes: 153
Max available bandwidth: 15600 Kbps
Average throughput: 8516.57 Kbps
Throughput to bandwidth ratio: 0.545934
Packet loss percentage: 22.7586%
Average delay: 6675.33 ms
Average jitter: 2611.48 ms
G_L: 0.49

Nodes disconnected: 62 103 49 245 239 129 160 0 3 4 5 6 8 9 10 12 16 17 19 21 23 26 28 29 30 32 33 34 35 38 39 40 41 44 46 48 50 52 53 58 60 65 66 68 69 72 75 76 79 83 86 87 88 90 91 92 95 96 97 98 99 100 102 104 108 110 111 112 114 115 117 118 119 122 123 124 125 126 128 132 135 136 137 146 147 148 150 155 156 159 163 165 168 169 170 171 172 173 175 179 181 182 185 186 187 190 191 192 193 195 196 197 198 201 207 208 212 213 215 219 220 227 229 232 233 234 236 238 240 241 249 257 258 259 261 262 263 264 265 267 272 273 275 278 281 286 288 290 292 293 294 296 297 231 74 157 54 253 
Number of disconnected nodes: 158
Max available bandwidth: 15200 Kbps
Average throughput: 8150.33 Kbps
Throughput to bandwidth ratio: 0.536206
Packet loss percentage: 20.4473%
Average delay: 7174.16 ms
Average jitter: 2719.21 ms
G_L: 0.4733

Nodes disconnected: 62 103 49 245 239 129 160 0 3 4 5 6 8 9 10 12 16 17 19 21 23 26 28 29 30 32 33 34 35 38 39 40 41 44 46 48 50 52 53 58 60 65 66 68 69 72 75 76 79 83 86 87 88 90 91 92 95 96 97 98 99 100 102 104 108 110 111 112 114 115 117 118 119 122 123 124 125 126 128 132 135 136 137 146 147 148 150 155 156 159 163 165 168 169 170 171 172 173 175 179 181 182 185 186 187 190 191 192 193 195 196 197 198 201 207 208 212 213 215 219 220 227 229 232 233 234 236 238 240 241 249 257 258 259 261 262 263 264 265 267 272 273 275 278 281 286 288 290 292 293 294 296 297 231 74 157 54 253 2 277 
Number of disconnected nodes: 160
Max available bandwidth: 15100 Kbps
Average throughput: 8302.85 Kbps
Throughput to bandwidth ratio: 0.549857
Packet loss percentage: 19.1391%
Average delay: 8047.02 ms
Average jitter: 3465.35 ms
G_L: 0.4667

Nodes disconnected: 62 103 49 245 239 129 160 0 3 4 5 6 8 9 10 12 16 17 19 21 23 26 28 29 30 32 33 34 35 38 39 40 41 44 46 48 50 52 53 58 60 65 66 68 69 72 75 76 79 83 86 87 88 90 91 92 95 96 97 98 99 100 102 104 108 110 111 112 114 115 117 118 119 122 123 124 125 126 128 132 135 136 137 146 147 148 150 155 156 159 163 165 168 169 170 171 172 173 175 179 181 182 185 186 187 190 191 192 193 195 196 197 198 201 207 208 212 213 215 219 220 227 229 232 233 234 236 238 240 241 249 257 258 259 261 262 263 264 265 267 272 273 275 278 281 286 288 290 292 293 294 296 297 231 74 157 54 253 2 277 189 
Number of disconnected nodes: 161
Max available bandwidth: 15000 Kbps
Average throughput: 8267.98 Kbps
Throughput to bandwidth ratio: 0.551199
Packet loss percentage: 20.3311%
Average delay: 7292.9 ms
Average jitter: 2536.03 ms
G_L: 0.4633

Nodes disconnected: 62 103 49 245 239 129 160 0 3 4 5 6 8 9 10 12 16 17 19 21 23 26 28 29 30 32 33 34 35 38 39 40 41 44 46 48 50 52 53 58 60 65 66 68 69 72 75 76 79 83 86 87 88 90 91 92 95 96 97 98 99 100 102 104 108 110 111 112 114 115 117 118 119 122 123 124 125 126 128 132 135 136 137 146 147 148 150 155 156 159 163 165 168 169 170 171 172 173 175 179 181 182 185 186 187 190 191 192 193 195 196 197 198 201 207 208 212 213 215 219 220 227 229 232 233 234 236 238 240 241 249 257 258 259 261 262 263 264 265 267 272 273 275 278 281 286 288 290 292 293 294 296 297 231 74 157 54 253 2 277 189 280 
Number of disconnected nodes: 162
Max available bandwidth: 15000 Kbps
Average throughput: 8061.78 Kbps
Throughput to bandwidth ratio: 0.537452
Packet loss percentage: 20.3809%
Average delay: 7313.72 ms
Average jitter: 2559.57 ms
G_L: 0.46

Nodes disconnected: 62 103 49 245 239 129 160 0 3 4 5 6 8 9 10 12 16 17 19 21 23 26 28 29 30 32 33 34 35 38 39 40 41 44 46 48 50 52 53 58 60 65 66 68 69 72 75 76 79 83 86 87 88 90 91 92 95 96 97 98 99 100 102 104 108 110 111 112 114 115 117 118 119 122 123 124 125 126 128 132 135 136 137 146 147 148 150 155 156 159 163 165 168 169 170 171 172 173 175 179 181 182 185 186 187 190 191 192 193 195 196 197 198 201 207 208 212 213 215 219 220 227 229 232 233 234 236 238 240 241 249 257 258 259 261 262 263 264 265 267 272 273 275 278 281 286 288 290 292 293 294 296 297 231 74 157 54 253 2 277 189 280 161 
Number of disconnected nodes: 163
Max available bandwidth: 14900 Kbps
Average throughput: 8064.33 Kbps
Throughput to bandwidth ratio: 0.54123
Packet loss percentage: 18.5907%
Average delay: 8133.51 ms
Average jitter: 3346.47 ms
G_L: 0.4567

Nodes disconnected: 62 103 49 245 239 129 160 0 3 4 5 6 8 9 10 12 16 17 19 21 23 26 28 29 30 32 33 34 35 38 39 40 41 44 46 48 50 52 53 58 60 65 66 68 69 72 75 76 79 83 86 87 88 90 91 92 95 96 97 98 99 100 102 104 108 110 111 112 114 115 117 118 119 122 123 124 125 126 128 132 135 136 137 146 147 148 150 155 156 159 163 165 168 169 170 171 172 173 175 179 181 182 185 186 187 190 191 192 193 195 196 197 198 201 207 208 212 213 215 219 220 227 229 232 233 234 236 238 240 241 249 257 258 259 261 262 263 264 265 267 272 273 275 278 281 286 288 290 292 293 294 296 297 231 74 157 54 253 2 277 189 280 161 222 
Number of disconnected nodes: 164
Max available bandwidth: 14900 Kbps
Average throughput: 8083.43 Kbps
Throughput to bandwidth ratio: 0.542512
Packet loss percentage: 19.8969%
Average delay: 6700.8 ms
Average jitter: 2586.09 ms
G_L: 0.4533

Nodes disconnected: 62 103 49 245 239 129 160 0 3 4 5 6 8 9 10 12 16 17 19 21 23 26 28 29 30 32 33 34 35 38 39 40 41 44 46 48 50 52 53 58 60 65 66 68 69 72 75 76 79 83 86 87 88 90 91 92 95 96 97 98 99 100 102 104 108 110 111 112 114 115 117 118 119 122 123 124 125 126 128 132 135 136 137 146 147 148 150 155 156 159 163 165 168 169 170 171 172 173 175 179 181 182 185 186 187 190 191 192 193 195 196 197 198 201 207 208 212 213 215 219 220 227 229 232 233 234 236 238 240 241 249 257 258 259 261 262 263 264 265 267 272 273 275 278 281 286 288 290 292 293 294 296 297 231 74 157 54 253 2 277 189 280 161 222 13 
Number of disconnected nodes: 165
Max available bandwidth: 14800 Kbps
Average throughput: 7882.23 Kbps
Throughput to bandwidth ratio: 0.532583
Packet loss percentage: 20.6272%
Average delay: 6359.05 ms
Average jitter: 2421.8 ms
G_L: 0.45

Nodes disconnected: 62 103 49 245 239 129 160 0 3 4 5 6 8 9 10 12 16 17 19 21 23 26 28 29 30 32 33 34 35 38 39 40 41 44 46 48 50 52 53 58 60 65 66 68 69 72 75 76 79 83 86 87 88 90 91 92 95 96 97 98 99 100 102 104 108 110 111 112 114 115 117 118 119 122 123 124 125 126 128 132 135 136 137 146 147 148 150 155 156 159 163 165 168 169 170 171 172 173 175 179 181 182 185 186 187 190 191 192 193 195 196 197 198 201 207 208 212 213 215 219 220 227 229 232 233 234 236 238 240 241 249 257 258 259 261 262 263 264 265 267 272 273 275 278 281 286 288 290 292 293 294 296 297 231 74 157 54 253 2 277 189 280 161 222 13 178 154 
Number of disconnected nodes: 167
Max available bandwidth: 14700 Kbps
Average throughput: 7869.64 Kbps
Throughput to bandwidth ratio: 0.53535
Packet loss percentage: 19.3315%
Average delay: 5927.8 ms
Average jitter: 2152.98 ms
G_L: 0.4433

Nodes disconnected: 62 103 49 245 239 129 160 0 3 4 5 6 8 9 10 12 16 17 19 21 23 26 28 29 30 32 33 34 35 38 39 40 41 44 46 48 50 52 53 58 60 65 66 68 69 72 75 76 79 83 86 87 88 90 91 92 95 96 97 98 99 100 102 104 108 110 111 112 114 115 117 118 119 122 123 124 125 126 128 132 135 136 137 146 147 148 150 155 156 159 163 165 168 169 170 171 172 173 175 179 181 182 185 186 187 190 191 192 193 195 196 197 198 201 207 208 212 213 215 219 220 227 229 232 233 234 236 238 240 241 249 257 258 259 261 262 263 264 265 267 272 273 275 278 281 286 288 290 292 293 294 296 297 231 74 157 54 253 2 277 189 280 161 222 13 178 154 242 
Number of disconnected nodes: 168
Max available bandwidth: 14600 Kbps
Average throughput: 7736.51 Kbps
Throughput to bandwidth ratio: 0.529898
Packet loss percentage: 20.8377%
Average delay: 6958.83 ms
Average jitter: 2422.94 ms
G_L: 0.44

Nodes disconnected: 62 103 49 245 239 129 160 0 3 4 5 6 8 9 10 12 16 17 19 21 23 26 28 29 30 32 33 34 35 38 39 40 41 44 46 48 50 52 53 58 60 65 66 68 69 72 75 76 79 83 86 87 88 90 91 92 95 96 97 98 99 100 102 104 108 110 111 112 114 115 117 118 119 122 123 124 125 126 128 132 135 136 137 146 147 148 150 155 156 159 163 165 168 169 170 171 172 173 175 179 181 182 185 186 187 190 191 192 193 195 196 197 198 201 207 208 212 213 215 219 220 227 229 232 233 234 236 238 240 241 249 257 258 259 261 262 263 264 265 267 272 273 275 278 281 286 288 290 292 293 294 296 297 231 74 157 54 253 2 277 189 280 161 222 13 178 154 242 250 
Number of disconnected nodes: 169
Max available bandwidth: 14600 Kbps
Average throughput: 7809.47 Kbps
Throughput to bandwidth ratio: 0.534895
Packet loss percentage: 19.6619%
Average delay: 6103.48 ms
Average jitter: 2249.21 ms
G_L: 0.4367

Nodes disconnected: 62 103 49 245 239 129 160 0 3 4 5 6 8 9 10 12 16 17 19 21 23 26 28 29 30 32 33 34 35 38 39 40 41 44 46 48 50 52 53 58 60 65 66 68 69 72 75 76 79 83 86 87 88 90 91 92 95 96 97 98 99 100 102 104 108 110 111 112 114 115 117 118 119 122 123 124 125 126 128 132 135 136 137 146 147 148 150 155 156 159 163 165 168 169 170 171 172 173 175 179 181 182 185 186 187 190 191 192 193 195 196 197 198 201 207 208 212 213 215 219 220 227 229 232 233 234 236 238 240 241 249 257 258 259 261 262 263 264 265 267 272 273 275 278 281 286 288 290 292 293 294 296 297 231 74 157 54 253 2 277 189 280 161 222 13 178 154 242 250 180 
Number of disconnected nodes: 170
Max available bandwidth: 14500 Kbps
Average throughput: 7589.77 Kbps
Throughput to bandwidth ratio: 0.523432
Packet loss percentage: 21.9536%
Average delay: 5811.53 ms
Average jitter: 2143.18 ms
G_L: 0.4333

Nodes disconnected: 62 103 49 245 239 129 160 0 3 4 5 6 8 9 10 12 16 17 19 21 23 26 28 29 30 32 33 34 35 38 39 40 41 44 46 48 50 52 53 58 60 65 66 68 69 72 75 76 79 83 86 87 88 90 91 92 95 96 97 98 99 100 102 104 108 110 111 112 114 115 117 118 119 122 123 124 125 126 128 132 135 136 137 146 147 148 150 155 156 159 163 165 168 169 170 171 172 173 175 179 181 182 185 186 187 190 191 192 193 195 196 197 198 201 207 208 212 213 215 219 220 227 229 232 233 234 236 238 240 241 249 257 258 259 261 262 263 264 265 267 272 273 275 278 281 286 288 290 292 293 294 296 297 231 74 157 54 253 2 277 189 280 161 222 13 178 154 242 250 180 247 
Number of disconnected nodes: 171
Max available bandwidth: 14500 Kbps
Average throughput: 7531.34 Kbps
Throughput to bandwidth ratio: 0.519403
Packet loss percentage: 22.4865%
Average delay: 6819.23 ms
Average jitter: 2411.88 ms
G_L: 0.43

Nodes disconnected: 62 103 49 245 239 129 160 0 3 4 5 6 8 9 10 12 16 17 19 21 23 26 28 29 30 32 33 34 35 38 39 40 41 44 46 48 50 52 53 58 60 65 66 68 69 72 75 76 79 83 86 87 88 90 91 92 95 96 97 98 99 100 102 104 108 110 111 112 114 115 117 118 119 122 123 124 125 126 128 132 135 136 137 146 147 148 150 155 156 159 163 165 168 169 170 171 172 173 175 179 181 182 185 186 187 190 191 192 193 195 196 197 198 201 207 208 212 213 215 219 220 227 229 232 233 234 236 238 240 241 249 257 258 259 261 262 263 264 265 267 272 273 275 278 281 286 288 290 292 293 294 296 297 231 74 157 54 253 2 277 189 280 161 222 13 178 154 242 250 180 247 289 282 63 
Number of disconnected nodes: 174
Max available bandwidth: 14300 Kbps
Average throughput: 7311.01 Kbps
Throughput to bandwidth ratio: 0.51126
Packet loss percentage: 20.8817%
Average delay: 5763.56 ms
Average jitter: 2128.29 ms
G_L: 0.42

Nodes disconnected: 62 103 49 245 239 129 160 0 3 4 5 6 8 9 10 12 16 17 19 21 23 26 28 29 30 32 33 34 35 38 39 40 41 44 46 48 50 52 53 58 60 65 66 68 69 72 75 76 79 83 86 87 88 90 91 92 95 96 97 98 99 100 102 104 108 110 111 112 114 115 117 118 119 122 123 124 125 126 128 132 135 136 137 146 147 148 150 155 156 159 163 165 168 169 170 171 172 173 175 179 181 182 185 186 187 190 191 192 193 195 196 197 198 201 207 208 212 213 215 219 220 227 229 232 233 234 236 238 240 241 249 257 258 259 261 262 263 264 265 267 272 273 275 278 281 286 288 290 292 293 294 296 297 231 74 157 54 253 2 277 189 280 161 222 13 178 154 242 250 180 247 289 282 63 194 291 284 
Number of disconnected nodes: 177
Max available bandwidth: 14100 Kbps
Average throughput: 6883.78 Kbps
Throughput to bandwidth ratio: 0.488211
Packet loss percentage: 30.0353%
Average delay: 7911.74 ms
Average jitter: 2777.85 ms
G_L: 0.41

Nodes disconnected: 62 103 49 245 239 129 160 0 3 4 5 6 8 9 10 12 16 17 19 21 23 26 28 29 30 32 33 34 35 38 39 40 41 44 46 48 50 52 53 58 60 65 66 68 69 72 75 76 79 83 86 87 88 90 91 92 95 96 97 98 99 100 102 104 108 110 111 112 114 115 117 118 119 122 123 124 125 126 128 132 135 136 137 146 147 148 150 155 156 159 163 165 168 169 170 171 172 173 175 179 181 182 185 186 187 190 191 192 193 195 196 197 198 201 207 208 212 213 215 219 220 227 229 232 233 234 236 238 240 241 249 257 258 259 261 262 263 264 265 267 272 273 275 278 281 286 288 290 292 293 294 296 297 231 74 157 54 253 2 277 189 280 161 222 13 178 154 242 250 180 247 289 282 63 194 291 284 127 
Number of disconnected nodes: 178
Max available bandwidth: 14100 Kbps
Average throughput: 6697.49 Kbps
Throughput to bandwidth ratio: 0.474999
Packet loss percentage: 29.633%
Average delay: 7923.87 ms
Average jitter: 3038.41 ms
G_L: 0.4067

Nodes disconnected: 62 103 49 245 239 129 160 0 3 4 5 6 8 9 10 12 16 17 19 21 23 26 28 29 30 32 33 34 35 38 39 40 41 44 46 48 50 52 53 58 60 65 66 68 69 72 75 76 79 83 86 87 88 90 91 92 95 96 97 98 99 100 102 104 108 110 111 112 114 115 117 118 119 122 123 124 125 126 128 132 135 136 137 146 147 148 150 155 156 159 163 165 168 169 170 171 172 173 175 179 181 182 185 186 187 190 191 192 193 195 196 197 198 201 207 208 212 213 215 219 220 227 229 232 233 234 236 238 240 241 249 257 258 259 261 262 263 264 265 267 272 273 275 278 281 286 288 290 292 293 294 296 297 231 74 157 54 253 2 277 189 280 161 222 13 178 154 242 250 180 247 289 282 63 194 291 284 127 295 
Number of disconnected nodes: 179
Max available bandwidth: 14100 Kbps
Average throughput: 6957.25 Kbps
Throughput to bandwidth ratio: 0.493422
Packet loss percentage: 28.5129%
Average delay: 6486.08 ms
Average jitter: 2414.76 ms
G_L: 0.4033

Nodes disconnected: 62 103 49 245 239 129 160 0 3 4 5 6 8 9 10 12 16 17 19 21 23 26 28 29 30 32 33 34 35 38 39 40 41 44 46 48 50 52 53 58 60 65 66 68 69 72 75 76 79 83 86 87 88 90 91 92 95 96 97 98 99 100 102 104 108 110 111 112 114 115 117 118 119 122 123 124 125 126 128 132 135 136 137 146 147 148 150 155 156 159 163 165 168 169 170 171 172 173 175 179 181 182 185 186 187 190 191 192 193 195 196 197 198 201 207 208 212 213 215 219 220 227 229 232 233 234 236 238 240 241 249 257 258 259 261 262 263 264 265 267 272 273 275 278 281 286 288 290 292 293 294 296 297 231 74 157 54 253 2 277 189 280 161 222 13 178 154 242 250 180 247 289 282 63 194 291 284 127 295 256 1 130 133 11 139 140 141 143 268 145 18 269 20 270 22 151 24 152 153 27 276 285 158 287 36 164 167 299 45 174 47 51 183 56 188 67 71 200 203 204 78 206 81 82 209 85 214 93 94 223 225 226 101 106 235 237 243 246 121 251 252 254 255 
Number of disconnected nodes: 243
Max available bandwidth: 6700 Kbps
Average throughput: 3250.4 Kbps
Throughput to bandwidth ratio: 0.485134
Packet loss percentage: 42.1897%
Average delay: 5780.08 ms
Average jitter: 1193.7 ms
G_L: 0.19

Nodes disconnected: 62 103 49 245 239 129 160 0 3 4 5 6 8 9 10 12 16 17 19 21 23 26 28 29 30 32 33 34 35 38 39 40 41 44 46 48 50 52 53 58 60 65 66 68 69 72 75 76 79 83 86 87 88 90 91 92 95 96 97 98 99 100 102 104 108 110 111 112 114 115 117 118 119 122 123 124 125 126 128 132 135 136 137 146 147 148 150 155 156 159 163 165 168 169 170 171 172 173 175 179 181 182 185 186 187 190 191 192 193 195 196 197 198 201 207 208 212 213 215 219 220 227 229 232 233 234 236 238 240 241 249 257 258 259 261 262 263 264 265 267 272 273 275 278 281 286 288 290 292 293 294 296 297 231 74 157 54 253 2 277 189 280 161 222 13 178 154 242 250 180 247 289 282 63 194 291 284 127 295 256 1 130 133 11 139 140 141 143 268 145 18 269 20 270 22 151 24 152 153 27 276 285 158 287 36 164 167 299 45 174 47 51 183 56 188 67 71 200 203 204 78 206 81 82 209 85 214 93 94 223 225 226 101 106 235 237 243 246 121 251 252 254 255 113 
Number of disconnected nodes: 244
Max available bandwidth: 6400 Kbps
Average throughput: 3329.9 Kbps
Throughput to bandwidth ratio: 0.520297
Packet loss percentage: 37.7607%
Average delay: 6077.73 ms
Average jitter: 1318.08 ms
G_L: 0.1867

Nodes disconnected: 62 103 49 245 239 129 160 0 3 4 5 6 8 9 10 12 16 17 19 21 23 26 28 29 30 32 33 34 35 38 39 40 41 44 46 48 50 52 53 58 60 65 66 68 69 72 75 76 79 83 86 87 88 90 91 92 95 96 97 98 99 100 102 104 108 110 111 112 114 115 117 118 119 122 123 124 125 126 128 132 135 136 137 146 147 148 150 155 156 159 163 165 168 169 170 171 172 173 175 179 181 182 185 186 187 190 191 192 193 195 196 197 198 201 207 208 212 213 215 219 220 227 229 232 233 234 236 238 240 241 249 257 258 259 261 262 263 264 265 267 272 273 275 278 281 286 288 290 292 293 294 296 297 231 74 157 54 253 2 277 189 280 161 222 13 178 154 242 250 180 247 289 282 63 194 291 284 127 295 256 1 130 133 11 139 140 141 143 268 145 18 269 20 270 22 151 24 152 153 27 276 285 158 287 36 164 167 299 45 174 47 51 183 56 188 67 71 200 203 204 78 206 81 82 209 85 214 93 94 223 225 226 101 106 235 237 243 246 121 251 252 254 255 113 89 25 
Number of disconnected nodes: 246
Max available bandwidth: 6000 Kbps
Average throughput: 3153.84 Kbps
Throughput to bandwidth ratio: 0.525641
Packet loss percentage: 37.9851%
Average delay: 4105.76 ms
Average jitter: 1002.49 ms
G_L: 0.18

Nodes disconnected: 62 103 49 245 239 129 160 0 3 4 5 6 8 9 10 12 16 17 19 21 23 26 28 29 30 32 33 34 35 38 39 40 41 44 46 48 50 52 53 58 60 65 66 68 69 72 75 76 79 83 86 87 88 90 91 92 95 96 97 98 99 100 102 104 108 110 111 112 114 115 117 118 119 122 123 124 125 126 128 132 135 136 137 146 147 148 150 155 156 159 163 165 168 169 170 171 172 173 175 179 181 182 185 186 187 190 191 192 193 195 196 197 198 201 207 208 212 213 215 219 220 227 229 232 233 234 236 238 240 241 249 257 258 259 261 262 263 264 265 267 272 273 275 278 281 286 288 290 292 293 294 296 297 231 74 157 54 253 2 277 189 280 161 222 13 178 154 242 250 180 247 289 282 63 194 291 284 127 295 256 1 130 133 11 139 140 141 143 268 145 18 269 20 270 22 151 24 152 153 27 276 285 158 287 36 164 167 299 45 174 47 51 183 56 188 67 71 200 203 204 78 206 81 82 209 85 214 93 94 223 225 226 101 106 235 237 243 246 121 251 252 254 255 113 89 25 15 
Number of disconnected nodes: 247
Max available bandwidth: 5900 Kbps
Average throughput: 2906.47 Kbps
Throughput to bandwidth ratio: 0.492622
Packet loss percentage: 42.6664%
Average delay: 5771.19 ms
Average jitter: 1326.36 ms
G_L: 0.1767

Nodes disconnected: 62 103 49 245 239 129 160 0 3 4 5 6 8 9 10 12 16 17 19 21 23 26 28 29 30 32 33 34 35 38 39 40 41 44 46 48 50 52 53 58 60 65 66 68 69 72 75 76 79 83 86 87 88 90 91 92 95 96 97 98 99 100 102 104 108 110 111 112 114 115 117 118 119 122 123 124 125 126 128 132 135 136 137 146 147 148 150 155 156 159 163 165 168 169 170 171 172 173 175 179 181 182 185 186 187 190 191 192 193 195 196 197 198 201 207 208 212 213 215 219 220 227 229 232 233 234 236 238 240 241 249 257 258 259 261 262 263 264 265 267 272 273 275 278 281 286 288 290 292 293 294 296 297 231 74 157 54 253 2 277 189 280 161 222 13 178 154 242 250 180 247 289 282 63 194 291 284 127 295 256 1 130 133 11 139 140 141 143 268 145 18 269 20 270 22 151 24 152 153 27 276 285 158 287 36 164 167 299 45 174 47 51 183 56 188 67 71 200 203 204 78 206 81 82 209 85 214 93 94 223 225 226 101 106 235 237 243 246 121 251 252 254 255 113 89 25 15 221 
Number of disconnected nodes: 248
Max available bandwidth: 5900 Kbps
Average throughput: 2814.41 Kbps
Throughput to bandwidth ratio: 0.477019
Packet loss percentage: 43.5932%
Average delay: 6088.71 ms
Average jitter: 1445.11 ms
G_L: 0.1733

Nodes disconnected: 62 103 49 245 239 129 160 0 3 4 5 6 8 9 10 12 16 17 19 21 23 26 28 29 30 32 33 34 35 38 39 40 41 44 46 48 50 52 53 58 60 65 66 68 69 72 75 76 79 83 86 87 88 90 91 92 95 96 97 98 99 100 102 104 108 110 111 112 114 115 117 118 119 122 123 124 125 126 128 132 135 136 137 146 147 148 150 155 156 159 163 165 168 169 170 171 172 173 175 179 181 182 185 186 187 190 191 192 193 195 196 197 198 201 207 208 212 213 215 219 220 227 229 232 233 234 236 238 240 241 249 257 258 259 261 262 263 264 265 267 272 273 275 278 281 286 288 290 292 293 294 296 297 231 74 157 54 253 2 277 189 280 161 222 13 178 154 242 250 180 247 289 282 63 194 291 284 127 295 256 1 130 133 11 139 140 141 143 268 145 18 269 20 270 22 151 24 152 153 27 276 285 158 287 36 164 167 299 45 174 47 51 183 56 188 67 71 200 203 204 78 206 81 82 209 85 214 93 94 223 225 226 101 106 235 237 243 246 121 251 252 254 255 113 89 25 15 221 279 31 
Number of disconnected nodes: 250
Max available bandwidth: 5700 Kbps
Average throughput: 2855.62 Kbps
Throughput to bandwidth ratio: 0.500985
Packet loss percentage: 43.3218%
Average delay: 6591.2 ms
Average jitter: 1265.62 ms
G_L: 0.1667

Nodes disconnected: 62 103 49 245 239 129 160 0 3 4 5 6 8 9 10 12 16 17 19 21 23 26 28 29 30 32 33 34 35 38 39 40 41 44 46 48 50 52 53 58 60 65 66 68 69 72 75 76 79 83 86 87 88 90 91 92 95 96 97 98 99 100 102 104 108 110 111 112 114 115 117 118 119 122 123 124 125 126 128 132 135 136 137 146 147 148 150 155 156 159 163 165 168 169 170 171 172 173 175 179 181 182 185 186 187 190 191 192 193 195 196 197 198 201 207 208 212 213 215 219 220 227 229 232 233 234 236 238 240 241 249 257 258 259 261 262 263 264 265 267 272 273 275 278 281 286 288 290 292 293 294 296 297 231 74 157 54 253 2 277 189 280 161 222 13 178 154 242 250 180 247 289 282 63 194 291 284 127 295 256 1 130 133 11 139 140 141 143 268 145 18 269 20 270 22 151 24 152 153 27 276 285 158 287 36 164 167 299 45 174 47 51 183 56 188 67 71 200 203 204 78 206 81 82 209 85 214 93 94 223 225 226 101 106 235 237 243 246 121 251 252 254 255 113 89 25 15 221 279 31 283 
Number of disconnected nodes: 251
Max available bandwidth: 5700 Kbps
Average throughput: 2597.6 Kbps
Throughput to bandwidth ratio: 0.455719
Packet loss percentage: 43.4819%
Average delay: 5373.07 ms
Average jitter: 1287.16 ms
G_L: 0.1633

Nodes disconnected: 62 103 49 245 239 129 160 0 3 4 5 6 8 9 10 12 16 17 19 21 23 26 28 29 30 32 33 34 35 38 39 40 41 44 46 48 50 52 53 58 60 65 66 68 69 72 75 76 79 83 86 87 88 90 91 92 95 96 97 98 99 100 102 104 108 110 111 112 114 115 117 118 119 122 123 124 125 126 128 132 135 136 137 146 147 148 150 155 156 159 163 165 168 169 170 171 172 173 175 179 181 182 185 186 187 190 191 192 193 195 196 197 198 201 207 208 212 213 215 219 220 227 229 232 233 234 236 238 240 241 249 257 258 259 261 262 263 264 265 267 272 273 275 278 281 286 288 290 292 293 294 296 297 231 74 157 54 253 2 277 189 280 161 222 13 178 154 242 250 180 247 289 282 63 194 291 284 127 295 256 1 130 133 11 139 140 141 143 268 145 18 269 20 270 22 151 24 152 153 27 276 285 158 287 36 164 167 299 45 174 47 51 183 56 188 67 71 200 203 204 78 206 81 82 209 85 214 93 94 223 225 226 101 106 235 237 243 246 121 251 252 254 255 113 89 25 15 221 279 31 283 131 134 7 144 274 162 37 166 42 177 184 57 61 64 70 199 73 202 77 205 80 210 211 84 216 217 224 230 107 109 116 244 248 
Number of disconnected nodes: 284
Max available bandwidth: 2100 Kbps
Average throughput: 944.498 Kbps
Throughput to bandwidth ratio: 0.449761
Packet loss percentage: 51.5766%
Average delay: 501.671 ms
Average jitter: 350.706 ms
G_L: 0.0533

Nodes disconnected: 62 103 49 245 239 129 160 0 3 4 5 6 8 9 10 12 16 17 19 21 23 26 28 29 30 32 33 34 35 38 39 40 41 44 46 48 50 52 53 58 60 65 66 68 69 72 75 76 79 83 86 87 88 90 91 92 95 96 97 98 99 100 102 104 108 110 111 112 114 115 117 118 119 122 123 124 125 126 128 132 135 136 137 146 147 148 150 155 156 159 163 165 168 169 170 171 172 173 175 179 181 182 185 186 187 190 191 192 193 195 196 197 198 201 207 208 212 213 215 219 220 227 229 232 233 234 236 238 240 241 249 257 258 259 261 262 263 264 265 267 272 273 275 278 281 286 288 290 292 293 294 296 297 231 74 157 54 253 2 277 189 280 161 222 13 178 154 242 250 180 247 289 282 63 194 291 284 127 295 256 1 130 133 11 139 140 141 143 268 145 18 269 20 270 22 151 24 152 153 27 276 285 158 287 36 164 167 299 45 174 47 51 183 56 188 67 71 200 203 204 78 206 81 82 209 85 214 93 94 223 225 226 101 106 235 237 243 246 121 251 252 254 255 113 89 25 15 221 279 31 283 131 134 7 144 274 162 37 166 42 177 184 57 61 64 70 199 73 202 77 205 80 210 211 84 216 217 224 230 107 109 116 244 248 59 266 43 14 
Number of disconnected nodes: 288
Max available bandwidth: 1900 Kbps
Average throughput: 632.635 Kbps
Throughput to bandwidth ratio: 0.332966
Packet loss percentage: 54.7515%
Average delay: 1771.86 ms
Average jitter: 453.903 ms
G_L: 0.04

Nodes disconnected: 62 103 49 245 239 129 160 0 3 4 5 6 8 9 10 12 16 17 19 21 23 26 28 29 30 32 33 34 35 38 39 40 41 44 46 48 50 52 53 58 60 65 66 68 69 72 75 76 79 83 86 87 88 90 91 92 95 96 97 98 99 100 102 104 108 110 111 112 114 115 117 118 119 122 123 124 125 126 128 132 135 136 137 146 147 148 150 155 156 159 163 165 168 169 170 171 172 173 175 179 181 182 185 186 187 190 191 192 193 195 196 197 198 201 207 208 212 213 215 219 220 227 229 232 233 234 236 238 240 241 249 257 258 259 261 262 263 264 265 267 272 273 275 278 281 286 288 290 292 293 294 296 297 231 74 157 54 253 2 277 189 280 161 222 13 178 154 242 250 180 247 289 282 63 194 291 284 127 295 256 1 130 133 11 139 140 141 143 268 145 18 269 20 270 22 151 24 152 153 27 276 285 158 287 36 164 167 299 45 174 47 51 183 56 188 67 71 200 203 204 78 206 81 82 209 85 214 93 94 223 225 226 101 106 235 237 243 246 121 251 252 254 255 113 89 25 15 221 279 31 283 131 134 7 144 274 162 37 166 42 177 184 57 61 64 70 199 73 202 77 205 80 210 211 84 216 217 224 230 107 109 116 244 248 59 266 43 14 105 228 
Number of disconnected nodes: 290
Max available bandwidth: 1900 Kbps
Average throughput: 498.638 Kbps
Throughput to bandwidth ratio: 0.262441
Packet loss percentage: 56.0326%
Average delay: 481.292 ms
Average jitter: 335.976 ms
G_L: 0.0333

Nodes disconnected: 62 103 49 245 239 129 160 0 3 4 5 6 8 9 10 12 16 17 19 21 23 26 28 29 30 32 33 34 35 38 39 40 41 44 46 48 50 52 53 58 60 65 66 68 69 72 75 76 79 83 86 87 88 90 91 92 95 96 97 98 99 100 102 104 108 110 111 112 114 115 117 118 119 122 123 124 125 126 128 132 135 136 137 146 147 148 150 155 156 159 163 165 168 169 170 171 172 173 175 179 181 182 185 186 187 190 191 192 193 195 196 197 198 201 207 208 212 213 215 219 220 227 229 232 233 234 236 238 240 241 249 257 258 259 261 262 263 264 265 267 272 273 275 278 281 286 288 290 292 293 294 296 297 231 74 157 54 253 2 277 189 280 161 222 13 178 154 242 250 180 247 289 282 63 194 291 284 127 295 256 1 130 133 11 139 140 141 143 268 145 18 269 20 270 22 151 24 152 153 27 276 285 158 287 36 164 167 299 45 174 47 51 183 56 188 67 71 200 203 204 78 206 81 82 209 85 214 93 94 223 225 226 101 106 235 237 243 246 121 251 252 254 255 113 89 25 15 221 279 31 283 131 134 7 144 274 162 37 166 42 177 184 57 61 64 70 199 73 202 77 205 80 210 211 84 216 217 224 230 107 109 116 244 248 59 266 43 14 105 228 260 
Number of disconnected nodes: 291
Max available bandwidth: 1900 Kbps
Average throughput: 483.471 Kbps
Throughput to bandwidth ratio: 0.254458
Packet loss percentage: 54.464%
Average delay: 541.922 ms
Average jitter: 357.434 ms
G_L: 0.03

Nodes disconnected: 62 103 49 245 239 129 160 0 3 4 5 6 8 9 10 12 16 17 19 21 23 26 28 29 30 32 33 34 35 38 39 40 41 44 46 48 50 52 53 58 60 65 66 68 69 72 75 76 79 83 86 87 88 90 91 92 95 96 97 98 99 100 102 104 108 110 111 112 114 115 117 118 119 122 123 124 125 126 128 132 135 136 137 146 147 148 150 155 156 159 163 165 168 169 170 171 172 173 175 179 181 182 185 186 187 190 191 192 193 195 196 197 198 201 207 208 212 213 215 219 220 227 229 232 233 234 236 238 240 241 249 257 258 259 261 262 263 264 265 267 272 273 275 278 281 286 288 290 292 293 294 296 297 231 74 157 54 253 2 277 189 280 161 222 13 178 154 242 250 180 247 289 282 63 194 291 284 127 295 256 1 130 133 11 139 140 141 143 268 145 18 269 20 270 22 151 24 152 153 27 276 285 158 287 36 164 167 299 45 174 47 51 183 56 188 67 71 200 203 204 78 206 81 82 209 85 214 93 94 223 225 226 101 106 235 237 243 246 121 251 252 254 255 113 89 25 15 221 279 31 283 131 134 7 144 274 162 37 166 42 177 184 57 61 64 70 199 73 202 77 205 80 210 211 84 216 217 224 230 107 109 116 244 248 59 266 43 14 105 228 260 149 
Number of disconnected nodes: 292
Max available bandwidth: 1900 Kbps
Average throughput: 373.382 Kbps
Throughput to bandwidth ratio: 0.196517
Packet loss percentage: 59.2229%
Average delay: 1610.31 ms
Average jitter: 393.084 ms
G_L: 0.0267

Nodes disconnected: 62 103 49 245 239 129 160 0 3 4 5 6 8 9 10 12 16 17 19 21 23 26 28 29 30 32 33 34 35 38 39 40 41 44 46 48 50 52 53 58 60 65 66 68 69 72 75 76 79 83 86 87 88 90 91 92 95 96 97 98 99 100 102 104 108 110 111 112 114 115 117 118 119 122 123 124 125 126 128 132 135 136 137 146 147 148 150 155 156 159 163 165 168 169 170 171 172 173 175 179 181 182 185 186 187 190 191 192 193 195 196 197 198 201 207 208 212 213 215 219 220 227 229 232 233 234 236 238 240 241 249 257 258 259 261 262 263 264 265 267 272 273 275 278 281 286 288 290 292 293 294 296 297 231 74 157 54 253 2 277 189 280 161 222 13 178 154 242 250 180 247 289 282 63 194 291 284 127 295 256 1 130 133 11 139 140 141 143 268 145 18 269 20 270 22 151 24 152 153 27 276 285 158 287 36 164 167 299 45 174 47 51 183 56 188 67 71 200 203 204 78 206 81 82 209 85 214 93 94 223 225 226 101 106 235 237 243 246 121 251 252 254 255 113 89 25 15 221 279 31 283 131 134 7 144 274 162 37 166 42 177 184 57 61 64 70 199 73 202 77 205 80 210 211 84 216 217 224 230 107 109 116 244 248 59 266 43 14 105 228 260 149 271 
Number of disconnected nodes: 293
Max available bandwidth: 1900 Kbps
Average throughput: 327.544 Kbps
Throughput to bandwidth ratio: 0.172392
Packet loss percentage: 61.7444%
Average delay: 279.131 ms
Average jitter: 337.794 ms
G_L: 0.0233

Nodes disconnected: 62 103 49 245 239 129 160 0 3 4 5 6 8 9 10 12 16 17 19 21 23 26 28 29 30 32 33 34 35 38 39 40 41 44 46 48 50 52 53 58 60 65 66 68 69 72 75 76 79 83 86 87 88 90 91 92 95 96 97 98 99 100 102 104 108 110 111 112 114 115 117 118 119 122 123 124 125 126 128 132 135 136 137 146 147 148 150 155 156 159 163 165 168 169 170 171 172 173 175 179 181 182 185 186 187 190 191 192 193 195 196 197 198 201 207 208 212 213 215 219 220 227 229 232 233 234 236 238 240 241 249 257 258 259 261 262 263 264 265 267 272 273 275 278 281 286 288 290 292 293 294 296 297 231 74 157 54 253 2 277 189 280 161 222 13 178 154 242 250 180 247 289 282 63 194 291 284 127 295 256 1 130 133 11 139 140 141 143 268 145 18 269 20 270 22 151 24 152 153 27 276 285 158 287 36 164 167 299 45 174 47 51 183 56 188 67 71 200 203 204 78 206 81 82 209 85 214 93 94 223 225 226 101 106 235 237 243 246 121 251 252 254 255 113 89 25 15 221 279 31 283 131 134 7 144 274 162 37 166 42 177 184 57 61 64 70 199 73 202 77 205 80 210 211 84 216 217 224 230 107 109 116 244 248 59 266 43 14 105 228 260 149 271 120 218 176 
Number of disconnected nodes: 296
Max available bandwidth: 1400 Kbps
Average throughput: 175.503 Kbps
Throughput to bandwidth ratio: 0.125359
Packet loss percentage: 59.1913%
Average delay: 197.484 ms
Average jitter: 292.043 ms
G_L: 0.0133

Nodes disconnected: 62 103 49 245 239 129 160 0 3 4 5 6 8 9 10 12 16 17 19 21 23 26 28 29 30 32 33 34 35 38 39 40 41 44 46 48 50 52 53 58 60 65 66 68 69 72 75 76 79 83 86 87 88 90 91 92 95 96 97 98 99 100 102 104 108 110 111 112 114 115 117 118 119 122 123 124 125 126 128 132 135 136 137 146 147 148 150 155 156 159 163 165 168 169 170 171 172 173 175 179 181 182 185 186 187 190 191 192 193 195 196 197 198 201 207 208 212 213 215 219 220 227 229 232 233 234 236 238 240 241 249 257 258 259 261 262 263 264 265 267 272 273 275 278 281 286 288 290 292 293 294 296 297 231 74 157 54 253 2 277 189 280 161 222 13 178 154 242 250 180 247 289 282 63 194 291 284 127 295 256 1 130 133 11 139 140 141 143 268 145 18 269 20 270 22 151 24 152 153 27 276 285 158 287 36 164 167 299 45 174 47 51 183 56 188 67 71 200 203 204 78 206 81 82 209 85 214 93 94 223 225 226 101 106 235 237 243 246 121 251 252 254 255 113 89 25 15 221 279 31 283 131 134 7 144 274 162 37 166 42 177 184 57 61 64 70 199 73 202 77 205 80 210 211 84 216 217 224 230 107 109 116 244 248 59 266 43 14 105 228 260 149 271 120 218 176 138 298 142 55 
Number of disconnected nodes: 300
Max available bandwidth: 0 Kbps
Average throughput: 0 Kbps
Throughput to bandwidth ratio: -nan
Packet loss percentage: -nan%
Average delay: -nan ms
Average jitter: -nan ms
G_L: 0

