Nodes disconnected: 
Number of disconnected nodes: 0
Max available bandwidth: 33400 Kbps
Average throughput: 25289.2 Kbps
Throughput to bandwidth ratio: 0.757162
Packet loss percentage: 5.68588%
Average delay: 2125.04 ms
Average jitter: 597.51 ms
G_L: 1

Nodes disconnected: 0 3 4 5 6 8 9 10 12 16 17 21 23 26 28 29 30 32 33 34 35 38 39 40 41 44 46 48 49 50 52 53 58 60 62 65 66 68 69 72 75 76 79 83 86 88 90 91 92 95 96 97 98 99 100 102 103 104 108 110 111 112 114 115 117 118 119 122 123 124 125 126 128 132 135 136 137 146 147 148 150 155 156 159 160 163 165 168 169 170 171 172 175 179 181 182 185 186 187 190 191 192 193 195 196 197 198 201 207 208 212 213 215 219 220 227 229 232 233 234 236 238 239 240 241 245 249 257 258 259 261 262 263 264 265 267 272 273 275 278 281 286 288 290 292 293 294 296 297 
Number of disconnected nodes: 149
Max available bandwidth: 15900 Kbps
Average throughput: 9680.77 Kbps
Throughput to bandwidth ratio: 0.608854
Packet loss percentage: 35.5766%
Average delay: 3408.86 ms
Average jitter: 695.584 ms
G_L: 0.5033

Nodes disconnected: 0 3 4 5 6 8 9 10 12 16 17 21 23 26 28 29 30 32 33 34 35 38 39 40 41 44 46 48 49 50 52 53 58 60 62 65 66 68 69 72 75 76 79 83 86 88 90 91 92 95 96 97 98 99 100 102 103 104 108 110 111 112 114 115 117 118 119 122 123 124 125 126 128 132 135 136 137 146 147 148 150 155 156 159 160 163 165 168 169 170 171 172 175 179 181 182 185 186 187 190 191 192 193 195 196 197 198 201 207 208 212 213 215 219 220 227 229 232 233 234 236 238 239 240 241 245 249 257 258 259 261 262 263 264 265 267 272 273 275 278 281 286 288 290 292 293 294 296 297 54 
Number of disconnected nodes: 150
Max available bandwidth: 15800 Kbps
Average throughput: 9619.12 Kbps
Throughput to bandwidth ratio: 0.608805
Packet loss percentage: 35.6289%
Average delay: 3118.78 ms
Average jitter: 697.957 ms
G_L: 0.5

Nodes disconnected: 0 3 4 5 6 8 9 10 12 16 17 21 23 26 28 29 30 32 33 34 35 38 39 40 41 44 46 48 49 50 52 53 58 60 62 65 66 68 69 72 75 76 79 83 86 88 90 91 92 95 96 97 98 99 100 102 103 104 108 110 111 112 114 115 117 118 119 122 123 124 125 126 128 132 135 136 137 146 147 148 150 155 156 159 160 163 165 168 169 170 171 172 175 179 181 182 185 186 187 190 191 192 193 195 196 197 198 201 207 208 212 213 215 219 220 227 229 232 233 234 236 238 239 240 241 245 249 257 258 259 261 262 263 264 265 267 272 273 275 278 281 286 288 290 292 293 294 296 297 54 127 
Number of disconnected nodes: 151
Max available bandwidth: 15800 Kbps
Average throughput: 9562.33 Kbps
Throughput to bandwidth ratio: 0.605211
Packet loss percentage: 35.3854%
Average delay: 3202.12 ms
Average jitter: 688.389 ms
G_L: 0.4967

Nodes disconnected: 0 3 4 5 6 8 9 10 12 16 17 21 23 26 28 29 30 32 33 34 35 38 39 40 41 44 46 48 49 50 52 53 58 60 62 65 66 68 69 72 75 76 79 83 86 88 90 91 92 95 96 97 98 99 100 102 103 104 108 110 111 112 114 115 117 118 119 122 123 124 125 126 128 132 135 136 137 146 147 148 150 155 156 159 160 163 165 168 169 170 171 172 175 179 181 182 185 186 187 190 191 192 193 195 196 197 198 201 207 208 212 213 215 219 220 227 229 232 233 234 236 238 239 240 241 245 249 257 258 259 261 262 263 264 265 267 272 273 275 278 281 286 288 290 292 293 294 296 297 54 127 209 143 
Number of disconnected nodes: 153
Max available bandwidth: 15600 Kbps
Average throughput: 9367.7 Kbps
Throughput to bandwidth ratio: 0.600493
Packet loss percentage: 35.9424%
Average delay: 3103.2 ms
Average jitter: 692.622 ms
G_L: 0.49

Nodes disconnected: 0 3 4 5 6 8 9 10 12 16 17 21 23 26 28 29 30 32 33 34 35 38 39 40 41 44 46 48 49 50 52 53 58 60 62 65 66 68 69 72 75 76 79 83 86 88 90 91 92 95 96 97 98 99 100 102 103 104 108 110 111 112 114 115 117 118 119 122 123 124 125 126 128 132 135 136 137 146 147 148 150 155 156 159 160 163 165 168 169 170 171 172 175 179 181 182 185 186 187 190 191 192 193 195 196 197 198 201 207 208 212 213 215 219 220 227 229 232 233 234 236 238 239 240 241 245 249 257 258 259 261 262 263 264 265 267 272 273 275 278 281 286 288 290 292 293 294 296 297 54 127 209 143 221 
Number of disconnected nodes: 154
Max available bandwidth: 15600 Kbps
Average throughput: 9380.5 Kbps
Throughput to bandwidth ratio: 0.601314
Packet loss percentage: 36.184%
Average delay: 3258.09 ms
Average jitter: 667.827 ms
G_L: 0.4867

Nodes disconnected: 0 3 4 5 6 8 9 10 12 16 17 21 23 26 28 29 30 32 33 34 35 38 39 40 41 44 46 48 49 50 52 53 58 60 62 65 66 68 69 72 75 76 79 83 86 88 90 91 92 95 96 97 98 99 100 102 103 104 108 110 111 112 114 115 117 118 119 122 123 124 125 126 128 132 135 136 137 146 147 148 150 155 156 159 160 163 165 168 169 170 171 172 175 179 181 182 185 186 187 190 191 192 193 195 196 197 198 201 207 208 212 213 215 219 220 227 229 232 233 234 236 238 239 240 241 245 249 257 258 259 261 262 263 264 265 267 272 273 275 278 281 286 288 290 292 293 294 296 297 54 127 209 143 221 200 
Number of disconnected nodes: 155
Max available bandwidth: 15600 Kbps
Average throughput: 9324.71 Kbps
Throughput to bandwidth ratio: 0.597738
Packet loss percentage: 36.1912%
Average delay: 3150.24 ms
Average jitter: 672.605 ms
G_L: 0.4833

Nodes disconnected: 0 3 4 5 6 8 9 10 12 16 17 21 23 26 28 29 30 32 33 34 35 38 39 40 41 44 46 48 49 50 52 53 58 60 62 65 66 68 69 72 75 76 79 83 86 88 90 91 92 95 96 97 98 99 100 102 103 104 108 110 111 112 114 115 117 118 119 122 123 124 125 126 128 132 135 136 137 146 147 148 150 155 156 159 160 163 165 168 169 170 171 172 175 179 181 182 185 186 187 190 191 192 193 195 196 197 198 201 207 208 212 213 215 219 220 227 229 232 233 234 236 238 239 240 241 245 249 257 258 259 261 262 263 264 265 267 272 273 275 278 281 286 288 290 292 293 294 296 297 54 127 209 143 221 200 89 
Number of disconnected nodes: 156
Max available bandwidth: 15600 Kbps
Average throughput: 9264.03 Kbps
Throughput to bandwidth ratio: 0.593848
Packet loss percentage: 36.2917%
Average delay: 3269.14 ms
Average jitter: 670.234 ms
G_L: 0.48

Nodes disconnected: 0 3 4 5 6 8 9 10 12 16 17 21 23 26 28 29 30 32 33 34 35 38 39 40 41 44 46 48 49 50 52 53 58 60 62 65 66 68 69 72 75 76 79 83 86 88 90 91 92 95 96 97 98 99 100 102 103 104 108 110 111 112 114 115 117 118 119 122 123 124 125 126 128 132 135 136 137 146 147 148 150 155 156 159 160 163 165 168 169 170 171 172 175 179 181 182 185 186 187 190 191 192 193 195 196 197 198 201 207 208 212 213 215 219 220 227 229 232 233 234 236 238 239 240 241 245 249 257 258 259 261 262 263 264 265 267 272 273 275 278 281 286 288 290 292 293 294 296 297 54 127 209 143 221 200 89 289 282 63 
Number of disconnected nodes: 159
Max available bandwidth: 15400 Kbps
Average throughput: 8939.43 Kbps
Throughput to bandwidth ratio: 0.580483
Packet loss percentage: 36.6675%
Average delay: 2923.47 ms
Average jitter: 647.793 ms
G_L: 0.47

Nodes disconnected: 0 3 4 5 6 8 9 10 12 16 17 21 23 26 28 29 30 32 33 34 35 38 39 40 41 44 46 48 49 50 52 53 58 60 62 65 66 68 69 72 75 76 79 83 86 88 90 91 92 95 96 97 98 99 100 102 103 104 108 110 111 112 114 115 117 118 119 122 123 124 125 126 128 132 135 136 137 146 147 148 150 155 156 159 160 163 165 168 169 170 171 172 175 179 181 182 185 186 187 190 191 192 193 195 196 197 198 201 207 208 212 213 215 219 220 227 229 232 233 234 236 238 239 240 241 245 249 257 258 259 261 262 263 264 265 267 272 273 275 278 281 286 288 290 292 293 294 296 297 54 127 209 143 221 200 89 289 282 63 177 
Number of disconnected nodes: 160
Max available bandwidth: 15400 Kbps
Average throughput: 8853.68 Kbps
Throughput to bandwidth ratio: 0.574914
Packet loss percentage: 37.1431%
Average delay: 2778.5 ms
Average jitter: 647.093 ms
G_L: 0.4667

Nodes disconnected: 0 3 4 5 6 8 9 10 12 16 17 21 23 26 28 29 30 32 33 34 35 38 39 40 41 44 46 48 49 50 52 53 58 60 62 65 66 68 69 72 75 76 79 83 86 88 90 91 92 95 96 97 98 99 100 102 103 104 108 110 111 112 114 115 117 118 119 122 123 124 125 126 128 132 135 136 137 146 147 148 150 155 156 159 160 163 165 168 169 170 171 172 175 179 181 182 185 186 187 190 191 192 193 195 196 197 198 201 207 208 212 213 215 219 220 227 229 232 233 234 236 238 239 240 241 245 249 257 258 259 261 262 263 264 265 267 272 273 275 278 281 286 288 290 292 293 294 296 297 54 127 209 143 221 200 89 289 282 63 177 94 
Number of disconnected nodes: 161
Max available bandwidth: 15300 Kbps
Average throughput: 8815.96 Kbps
Throughput to bandwidth ratio: 0.576207
Packet loss percentage: 37.199%
Average delay: 2941.05 ms
Average jitter: 643.872 ms
G_L: 0.4633

Nodes disconnected: 0 3 4 5 6 8 9 10 12 16 17 21 23 26 28 29 30 32 33 34 35 38 39 40 41 44 46 48 49 50 52 53 58 60 62 65 66 68 69 72 75 76 79 83 86 88 90 91 92 95 96 97 98 99 100 102 103 104 108 110 111 112 114 115 117 118 119 122 123 124 125 126 128 132 135 136 137 146 147 148 150 155 156 159 160 163 165 168 169 170 171 172 175 179 181 182 185 186 187 190 191 192 193 195 196 197 198 201 207 208 212 213 215 219 220 227 229 232 233 234 236 238 239 240 241 245 249 257 258 259 261 262 263 264 265 267 272 273 275 278 281 286 288 290 292 293 294 296 297 54 127 209 143 221 200 89 289 282 63 177 94 269 
Number of disconnected nodes: 162
Max available bandwidth: 15300 Kbps
Average throughput: 8628.37 Kbps
Throughput to bandwidth ratio: 0.563946
Packet loss percentage: 37.4883%
Average delay: 3014.59 ms
Average jitter: 666.669 ms
G_L: 0.46

Nodes disconnected: 0 3 4 5 6 8 9 10 12 16 17 21 23 26 28 29 30 32 33 34 35 38 39 40 41 44 46 48 49 50 52 53 58 60 62 65 66 68 69 72 75 76 79 83 86 88 90 91 92 95 96 97 98 99 100 102 103 104 108 110 111 112 114 115 117 118 119 122 123 124 125 126 128 132 135 136 137 146 147 148 150 155 156 159 160 163 165 168 169 170 171 172 175 179 181 182 185 186 187 190 191 192 193 195 196 197 198 201 207 208 212 213 215 219 220 227 229 232 233 234 236 238 239 240 241 245 249 257 258 259 261 262 263 264 265 267 272 273 275 278 281 286 288 290 292 293 294 296 297 54 127 209 143 221 200 89 289 282 63 177 94 269 11 
Number of disconnected nodes: 163
Max available bandwidth: 15100 Kbps
Average throughput: 8673.02 Kbps
Throughput to bandwidth ratio: 0.574372
Packet loss percentage: 37.2517%
Average delay: 2919.69 ms
Average jitter: 652.673 ms
G_L: 0.4567

Nodes disconnected: 0 3 4 5 6 8 9 10 12 16 17 21 23 26 28 29 30 32 33 34 35 38 39 40 41 44 46 48 49 50 52 53 58 60 62 65 66 68 69 72 75 76 79 83 86 88 90 91 92 95 96 97 98 99 100 102 103 104 108 110 111 112 114 115 117 118 119 122 123 124 125 126 128 132 135 136 137 146 147 148 150 155 156 159 160 163 165 168 169 170 171 172 175 179 181 182 185 186 187 190 191 192 193 195 196 197 198 201 207 208 212 213 215 219 220 227 229 232 233 234 236 238 239 240 241 245 249 257 258 259 261 262 263 264 265 267 272 273 275 278 281 286 288 290 292 293 294 296 297 54 127 209 143 221 200 89 289 282 63 177 94 269 11 36 
Number of disconnected nodes: 164
Max available bandwidth: 14900 Kbps
Average throughput: 8471.06 Kbps
Throughput to bandwidth ratio: 0.568528
Packet loss percentage: 37.8758%
Average delay: 2886.82 ms
Average jitter: 652.482 ms
G_L: 0.4533

Nodes disconnected: 0 3 4 5 6 8 9 10 12 16 17 21 23 26 28 29 30 32 33 34 35 38 39 40 41 44 46 48 49 50 52 53 58 60 62 65 66 68 69 72 75 76 79 83 86 88 90 91 92 95 96 97 98 99 100 102 103 104 108 110 111 112 114 115 117 118 119 122 123 124 125 126 128 132 135 136 137 146 147 148 150 155 156 159 160 163 165 168 169 170 171 172 175 179 181 182 185 186 187 190 191 192 193 195 196 197 198 201 207 208 212 213 215 219 220 227 229 232 233 234 236 238 239 240 241 245 249 257 258 259 261 262 263 264 265 267 272 273 275 278 281 286 288 290 292 293 294 296 297 54 127 209 143 221 200 89 289 282 63 177 94 269 11 36 242 
Number of disconnected nodes: 165
Max available bandwidth: 14800 Kbps
Average throughput: 8427.44 Kbps
Throughput to bandwidth ratio: 0.569422
Packet loss percentage: 37.8786%
Average delay: 3000.87 ms
Average jitter: 663.65 ms
G_L: 0.45

Nodes disconnected: 0 3 4 5 6 8 9 10 12 16 17 21 23 26 28 29 30 32 33 34 35 38 39 40 41 44 46 48 49 50 52 53 58 60 62 65 66 68 69 72 75 76 79 83 86 88 90 91 92 95 96 97 98 99 100 102 103 104 108 110 111 112 114 115 117 118 119 122 123 124 125 126 128 132 135 136 137 146 147 148 150 155 156 159 160 163 165 168 169 170 171 172 175 179 181 182 185 186 187 190 191 192 193 195 196 197 198 201 207 208 212 213 215 219 220 227 229 232 233 234 236 238 239 240 241 245 249 257 258 259 261 262 263 264 265 267 272 273 275 278 281 286 288 290 292 293 294 296 297 54 127 209 143 221 200 89 289 282 63 177 94 269 11 36 242 25 78 
Number of disconnected nodes: 167
Max available bandwidth: 14300 Kbps
Average throughput: 8284.85 Kbps
Throughput to bandwidth ratio: 0.57936
Packet loss percentage: 38.2739%
Average delay: 2939.76 ms
Average jitter: 665.281 ms
G_L: 0.4433

Nodes disconnected: 0 3 4 5 6 8 9 10 12 16 17 21 23 26 28 29 30 32 33 34 35 38 39 40 41 44 46 48 49 50 52 53 58 60 62 65 66 68 69 72 75 76 79 83 86 88 90 91 92 95 96 97 98 99 100 102 103 104 108 110 111 112 114 115 117 118 119 122 123 124 125 126 128 132 135 136 137 146 147 148 150 155 156 159 160 163 165 168 169 170 171 172 175 179 181 182 185 186 187 190 191 192 193 195 196 197 198 201 207 208 212 213 215 219 220 227 229 232 233 234 236 238 239 240 241 245 249 257 258 259 261 262 263 264 265 267 272 273 275 278 281 286 288 290 292 293 294 296 297 54 127 209 143 221 200 89 289 282 63 177 94 269 11 36 242 25 78 42 
Number of disconnected nodes: 168
Max available bandwidth: 14200 Kbps
Average throughput: 8264.14 Kbps
Throughput to bandwidth ratio: 0.581982
Packet loss percentage: 38.5967%
Average delay: 2782.3 ms
Average jitter: 646.33 ms
G_L: 0.44

Nodes disconnected: 0 3 4 5 6 8 9 10 12 16 17 21 23 26 28 29 30 32 33 34 35 38 39 40 41 44 46 48 49 50 52 53 58 60 62 65 66 68 69 72 75 76 79 83 86 88 90 91 92 95 96 97 98 99 100 102 103 104 108 110 111 112 114 115 117 118 119 122 123 124 125 126 128 132 135 136 137 146 147 148 150 155 156 159 160 163 165 168 169 170 171 172 175 179 181 182 185 186 187 190 191 192 193 195 196 197 198 201 207 208 212 213 215 219 220 227 229 232 233 234 236 238 239 240 241 245 249 257 258 259 261 262 263 264 265 267 272 273 275 278 281 286 288 290 292 293 294 296 297 54 127 209 143 221 200 89 289 282 63 177 94 269 11 36 242 25 78 42 2 13 277 246 250 188 
Number of disconnected nodes: 174
Max available bandwidth: 13900 Kbps
Average throughput: 7937.72 Kbps
Throughput to bandwidth ratio: 0.571059
Packet loss percentage: 39.1276%
Average delay: 2690.72 ms
Average jitter: 611.206 ms
G_L: 0.42

Nodes disconnected: 0 3 4 5 6 8 9 10 12 16 17 21 23 26 28 29 30 32 33 34 35 38 39 40 41 44 46 48 49 50 52 53 58 60 62 65 66 68 69 72 75 76 79 83 86 88 90 91 92 95 96 97 98 99 100 102 103 104 108 110 111 112 114 115 117 118 119 122 123 124 125 126 128 132 135 136 137 146 147 148 150 155 156 159 160 163 165 168 169 170 171 172 175 179 181 182 185 186 187 190 191 192 193 195 196 197 198 201 207 208 212 213 215 219 220 227 229 232 233 234 236 238 239 240 241 245 249 257 258 259 261 262 263 264 265 267 272 273 275 278 281 286 288 290 292 293 294 296 297 54 127 209 143 221 200 89 289 282 63 177 94 269 11 36 242 25 78 42 2 13 277 246 250 188 157 
Number of disconnected nodes: 175
Max available bandwidth: 13800 Kbps
Average throughput: 7825.7 Kbps
Throughput to bandwidth ratio: 0.567079
Packet loss percentage: 39.1857%
Average delay: 2653.38 ms
Average jitter: 617.967 ms
G_L: 0.4167

Nodes disconnected: 0 3 4 5 6 8 9 10 12 16 17 21 23 26 28 29 30 32 33 34 35 38 39 40 41 44 46 48 49 50 52 53 58 60 62 65 66 68 69 72 75 76 79 83 86 88 90 91 92 95 96 97 98 99 100 102 103 104 108 110 111 112 114 115 117 118 119 122 123 124 125 126 128 132 135 136 137 146 147 148 150 155 156 159 160 163 165 168 169 170 171 172 175 179 181 182 185 186 187 190 191 192 193 195 196 197 198 201 207 208 212 213 215 219 220 227 229 232 233 234 236 238 239 240 241 245 249 257 258 259 261 262 263 264 265 267 272 273 275 278 281 286 288 290 292 293 294 296 297 54 127 209 143 221 200 89 289 282 63 177 94 269 11 36 242 25 78 42 2 13 277 246 250 188 157 203 204 214 
Number of disconnected nodes: 178
Max available bandwidth: 13500 Kbps
Average throughput: 7563.25 Kbps
Throughput to bandwidth ratio: 0.560241
Packet loss percentage: 40.2966%
Average delay: 2795.29 ms
Average jitter: 641.235 ms
G_L: 0.4067

Nodes disconnected: 0 3 4 5 6 8 9 10 12 16 17 21 23 26 28 29 30 32 33 34 35 38 39 40 41 44 46 48 49 50 52 53 58 60 62 65 66 68 69 72 75 76 79 83 86 88 90 91 92 95 96 97 98 99 100 102 103 104 108 110 111 112 114 115 117 118 119 122 123 124 125 126 128 132 135 136 137 146 147 148 150 155 156 159 160 163 165 168 169 170 171 172 175 179 181 182 185 186 187 190 191 192 193 195 196 197 198 201 207 208 212 213 215 219 220 227 229 232 233 234 236 238 239 240 241 245 249 257 258 259 261 262 263 264 265 267 272 273 275 278 281 286 288 290 292 293 294 296 297 54 127 209 143 221 200 89 289 282 63 177 94 269 11 36 242 25 78 42 2 13 277 246 250 188 157 203 204 214 84 
Number of disconnected nodes: 179
Max available bandwidth: 13500 Kbps
Average throughput: 7469.36 Kbps
Throughput to bandwidth ratio: 0.553286
Packet loss percentage: 40.3989%
Average delay: 2783.45 ms
Average jitter: 640.587 ms
G_L: 0.4033

Nodes disconnected: 0 3 4 5 6 8 9 10 12 16 17 21 23 26 28 29 30 32 33 34 35 38 39 40 41 44 46 48 49 50 52 53 58 60 62 65 66 68 69 72 75 76 79 83 86 88 90 91 92 95 96 97 98 99 100 102 103 104 108 110 111 112 114 115 117 118 119 122 123 124 125 126 128 132 135 136 137 146 147 148 150 155 156 159 160 163 165 168 169 170 171 172 175 179 181 182 185 186 187 190 191 192 193 195 196 197 198 201 207 208 212 213 215 219 220 227 229 232 233 234 236 238 239 240 241 245 249 257 258 259 261 262 263 264 265 267 272 273 275 278 281 286 288 290 292 293 294 296 297 54 127 209 143 221 200 89 289 282 63 177 94 269 11 36 242 25 78 42 2 13 277 246 250 188 157 203 204 214 84 101 139 85 22 280 
Number of disconnected nodes: 184
Max available bandwidth: 12900 Kbps
Average throughput: 7131.16 Kbps
Throughput to bandwidth ratio: 0.552803
Packet loss percentage: 41.0097%
Average delay: 2916.95 ms
Average jitter: 632.848 ms
G_L: 0.3867

Nodes disconnected: 0 3 4 5 6 8 9 10 12 16 17 21 23 26 28 29 30 32 33 34 35 38 39 40 41 44 46 48 49 50 52 53 58 60 62 65 66 68 69 72 75 76 79 83 86 88 90 91 92 95 96 97 98 99 100 102 103 104 108 110 111 112 114 115 117 118 119 122 123 124 125 126 128 132 135 136 137 146 147 148 150 155 156 159 160 163 165 168 169 170 171 172 175 179 181 182 185 186 187 190 191 192 193 195 196 197 198 201 207 208 212 213 215 219 220 227 229 232 233 234 236 238 239 240 241 245 249 257 258 259 261 262 263 264 265 267 272 273 275 278 281 286 288 290 292 293 294 296 297 54 127 209 143 221 200 89 289 282 63 177 94 269 11 36 242 25 78 42 2 13 277 246 250 188 157 203 204 214 84 101 139 85 22 280 167 
Number of disconnected nodes: 185
Max available bandwidth: 12800 Kbps
Average throughput: 7099.99 Kbps
Throughput to bandwidth ratio: 0.554687
Packet loss percentage: 40.7874%
Average delay: 2856.49 ms
Average jitter: 632.166 ms
G_L: 0.3833

Nodes disconnected: 0 3 4 5 6 8 9 10 12 16 17 21 23 26 28 29 30 32 33 34 35 38 39 40 41 44 46 48 49 50 52 53 58 60 62 65 66 68 69 72 75 76 79 83 86 88 90 91 92 95 96 97 98 99 100 102 103 104 108 110 111 112 114 115 117 118 119 122 123 124 125 126 128 132 135 136 137 146 147 148 150 155 156 159 160 163 165 168 169 170 171 172 175 179 181 182 185 186 187 190 191 192 193 195 196 197 198 201 207 208 212 213 215 219 220 227 229 232 233 234 236 238 239 240 241 245 249 257 258 259 261 262 263 264 265 267 272 273 275 278 281 286 288 290 292 293 294 296 297 54 127 209 143 221 200 89 289 282 63 177 94 269 11 36 242 25 78 42 2 13 277 246 250 188 157 203 204 214 84 101 139 85 22 280 167 295 
Number of disconnected nodes: 186
Max available bandwidth: 12800 Kbps
Average throughput: 7069.13 Kbps
Throughput to bandwidth ratio: 0.552276
Packet loss percentage: 41.0123%
Average delay: 2903.94 ms
Average jitter: 623.422 ms
G_L: 0.38

Nodes disconnected: 0 3 4 5 6 8 9 10 12 16 17 21 23 26 28 29 30 32 33 34 35 38 39 40 41 44 46 48 49 50 52 53 58 60 62 65 66 68 69 72 75 76 79 83 86 88 90 91 92 95 96 97 98 99 100 102 103 104 108 110 111 112 114 115 117 118 119 122 123 124 125 126 128 132 135 136 137 146 147 148 150 155 156 159 160 163 165 168 169 170 171 172 175 179 181 182 185 186 187 190 191 192 193 195 196 197 198 201 207 208 212 213 215 219 220 227 229 232 233 234 236 238 239 240 241 245 249 257 258 259 261 262 263 264 265 267 272 273 275 278 281 286 288 290 292 293 294 296 297 54 127 209 143 221 200 89 289 282 63 177 94 269 11 36 242 25 78 42 2 13 277 246 250 188 157 203 204 214 84 101 139 85 22 280 167 295 1 130 134 141 274 20 151 24 279 154 31 37 166 173 174 178 51 184 189 64 67 71 74 202 206 210 223 225 231 235 109 113 248 253 
Number of disconnected nodes: 220
Max available bandwidth: 9100 Kbps
Average throughput: 4520.97 Kbps
Throughput to bandwidth ratio: 0.49681
Packet loss percentage: 48.0595%
Average delay: 1508.15 ms
Average jitter: 471.615 ms
G_L: 0.2667

Nodes disconnected: 0 3 4 5 6 8 9 10 12 16 17 21 23 26 28 29 30 32 33 34 35 38 39 40 41 44 46 48 49 50 52 53 58 60 62 65 66 68 69 72 75 76 79 83 86 88 90 91 92 95 96 97 98 99 100 102 103 104 108 110 111 112 114 115 117 118 119 122 123 124 125 126 128 132 135 136 137 146 147 148 150 155 156 159 160 163 165 168 169 170 171 172 175 179 181 182 185 186 187 190 191 192 193 195 196 197 198 201 207 208 212 213 215 219 220 227 229 232 233 234 236 238 239 240 241 245 249 257 258 259 261 262 263 264 265 267 272 273 275 278 281 286 288 290 292 293 294 296 297 54 127 209 143 221 200 89 289 282 63 177 94 269 11 36 242 25 78 42 2 13 277 246 250 188 157 203 204 214 84 101 139 85 22 280 167 295 1 130 134 141 274 20 151 24 279 154 31 37 166 173 174 178 51 184 189 64 67 71 74 202 206 210 223 225 231 235 109 113 248 253 180 199 
Number of disconnected nodes: 222
Max available bandwidth: 9000 Kbps
Average throughput: 4372.62 Kbps
Throughput to bandwidth ratio: 0.485847
Packet loss percentage: 48.0358%
Average delay: 1471.26 ms
Average jitter: 479.035 ms
G_L: 0.26

Nodes disconnected: 0 3 4 5 6 8 9 10 12 16 17 21 23 26 28 29 30 32 33 34 35 38 39 40 41 44 46 48 49 50 52 53 58 60 62 65 66 68 69 72 75 76 79 83 86 88 90 91 92 95 96 97 98 99 100 102 103 104 108 110 111 112 114 115 117 118 119 122 123 124 125 126 128 132 135 136 137 146 147 148 150 155 156 159 160 163 165 168 169 170 171 172 175 179 181 182 185 186 187 190 191 192 193 195 196 197 198 201 207 208 212 213 215 219 220 227 229 232 233 234 236 238 239 240 241 245 249 257 258 259 261 262 263 264 265 267 272 273 275 278 281 286 288 290 292 293 294 296 297 54 127 209 143 221 200 89 289 282 63 177 94 269 11 36 242 25 78 42 2 13 277 246 250 188 157 203 204 214 84 101 139 85 22 280 167 295 1 130 134 141 274 20 151 24 279 154 31 37 166 173 174 178 51 184 189 64 67 71 74 202 206 210 223 225 231 235 109 113 248 253 180 199 224 161 194 226 291 133 298 77 144 27 284 61 
Number of disconnected nodes: 234
Max available bandwidth: 8000 Kbps
Average throughput: 3651.26 Kbps
Throughput to bandwidth ratio: 0.456407
Packet loss percentage: 49.7389%
Average delay: 1140.5 ms
Average jitter: 425.34 ms
G_L: 0.22

Nodes disconnected: 0 3 4 5 6 8 9 10 12 16 17 21 23 26 28 29 30 32 33 34 35 38 39 40 41 44 46 48 49 50 52 53 58 60 62 65 66 68 69 72 75 76 79 83 86 88 90 91 92 95 96 97 98 99 100 102 103 104 108 110 111 112 114 115 117 118 119 122 123 124 125 126 128 132 135 136 137 146 147 148 150 155 156 159 160 163 165 168 169 170 171 172 175 179 181 182 185 186 187 190 191 192 193 195 196 197 198 201 207 208 212 213 215 219 220 227 229 232 233 234 236 238 239 240 241 245 249 257 258 259 261 262 263 264 265 267 272 273 275 278 281 286 288 290 292 293 294 296 297 54 127 209 143 221 200 89 289 282 63 177 94 269 11 36 242 25 78 42 2 13 277 246 250 188 157 203 204 214 84 101 139 85 22 280 167 295 1 130 134 141 274 20 151 24 279 154 31 37 166 173 174 178 51 184 189 64 67 71 74 202 206 210 223 225 231 235 109 113 248 253 180 199 224 161 194 226 291 133 298 77 144 27 284 61 81 18 
Number of disconnected nodes: 236
Max available bandwidth: 7700 Kbps
Average throughput: 3514.53 Kbps
Throughput to bandwidth ratio: 0.456432
Packet loss percentage: 49.6329%
Average delay: 1063.44 ms
Average jitter: 420.439 ms
G_L: 0.2133

Nodes disconnected: 0 3 4 5 6 8 9 10 12 16 17 21 23 26 28 29 30 32 33 34 35 38 39 40 41 44 46 48 49 50 52 53 58 60 62 65 66 68 69 72 75 76 79 83 86 88 90 91 92 95 96 97 98 99 100 102 103 104 108 110 111 112 114 115 117 118 119 122 123 124 125 126 128 132 135 136 137 146 147 148 150 155 156 159 160 163 165 168 169 170 171 172 175 179 181 182 185 186 187 190 191 192 193 195 196 197 198 201 207 208 212 213 215 219 220 227 229 232 233 234 236 238 239 240 241 245 249 257 258 259 261 262 263 264 265 267 272 273 275 278 281 286 288 290 292 293 294 296 297 54 127 209 143 221 200 89 289 282 63 177 94 269 11 36 242 25 78 42 2 13 277 246 250 188 157 203 204 214 84 101 139 85 22 280 167 295 1 130 134 141 274 20 151 24 279 154 31 37 166 173 174 178 51 184 189 64 67 71 74 202 206 210 223 225 231 235 109 113 248 253 180 199 224 161 194 226 291 133 298 77 144 27 284 61 81 18 145 
Number of disconnected nodes: 237
Max available bandwidth: 7600 Kbps
Average throughput: 3485.27 Kbps
Throughput to bandwidth ratio: 0.458589
Packet loss percentage: 50.112%
Average delay: 1023 ms
Average jitter: 418.124 ms
G_L: 0.21

Nodes disconnected: 0 3 4 5 6 8 9 10 12 16 17 21 23 26 28 29 30 32 33 34 35 38 39 40 41 44 46 48 49 50 52 53 58 60 62 65 66 68 69 72 75 76 79 83 86 88 90 91 92 95 96 97 98 99 100 102 103 104 108 110 111 112 114 115 117 118 119 122 123 124 125 126 128 132 135 136 137 146 147 148 150 155 156 159 160 163 165 168 169 170 171 172 175 179 181 182 185 186 187 190 191 192 193 195 196 197 198 201 207 208 212 213 215 219 220 227 229 232 233 234 236 238 239 240 241 245 249 257 258 259 261 262 263 264 265 267 272 273 275 278 281 286 288 290 292 293 294 296 297 54 127 209 143 221 200 89 289 282 63 177 94 269 11 36 242 25 78 42 2 13 277 246 250 188 157 203 204 214 84 101 139 85 22 280 167 295 1 130 134 141 274 20 151 24 279 154 31 37 166 173 174 178 51 184 189 64 67 71 74 202 206 210 223 225 231 235 109 113 248 253 180 199 224 161 194 226 291 133 298 77 144 27 284 61 81 18 145 164 43 140 299 254 59 93 158 255 
Number of disconnected nodes: 246
Max available bandwidth: 6600 Kbps
Average throughput: 2812.24 Kbps
Throughput to bandwidth ratio: 0.426097
Packet loss percentage: 51.4728%
Average delay: 1036.71 ms
Average jitter: 415.214 ms
G_L: 0.18

Nodes disconnected: 0 3 4 5 6 8 9 10 12 16 17 21 23 26 28 29 30 32 33 34 35 38 39 40 41 44 46 48 49 50 52 53 58 60 62 65 66 68 69 72 75 76 79 83 86 88 90 91 92 95 96 97 98 99 100 102 103 104 108 110 111 112 114 115 117 118 119 122 123 124 125 126 128 132 135 136 137 146 147 148 150 155 156 159 160 163 165 168 169 170 171 172 175 179 181 182 185 186 187 190 191 192 193 195 196 197 198 201 207 208 212 213 215 219 220 227 229 232 233 234 236 238 239 240 241 245 249 257 258 259 261 262 263 264 265 267 272 273 275 278 281 286 288 290 292 293 294 296 297 54 127 209 143 221 200 89 289 282 63 177 94 269 11 36 242 25 78 42 2 13 277 246 250 188 157 203 204 214 84 101 139 85 22 280 167 295 1 130 134 141 274 20 151 24 279 154 31 37 166 173 174 178 51 184 189 64 67 71 74 202 206 210 223 225 231 235 109 113 248 253 180 199 224 161 194 226 291 133 298 77 144 27 284 61 81 18 145 164 43 140 299 254 59 93 158 255 82 
Number of disconnected nodes: 247
Max available bandwidth: 6500 Kbps
Average throughput: 2812.57 Kbps
Throughput to bandwidth ratio: 0.432704
Packet loss percentage: 50.9217%
Average delay: 1140.28 ms
Average jitter: 414.262 ms
G_L: 0.1767

Nodes disconnected: 0 3 4 5 6 8 9 10 12 16 17 21 23 26 28 29 30 32 33 34 35 38 39 40 41 44 46 48 49 50 52 53 58 60 62 65 66 68 69 72 75 76 79 83 86 88 90 91 92 95 96 97 98 99 100 102 103 104 108 110 111 112 114 115 117 118 119 122 123 124 125 126 128 132 135 136 137 146 147 148 150 155 156 159 160 163 165 168 169 170 171 172 175 179 181 182 185 186 187 190 191 192 193 195 196 197 198 201 207 208 212 213 215 219 220 227 229 232 233 234 236 238 239 240 241 245 249 257 258 259 261 262 263 264 265 267 272 273 275 278 281 286 288 290 292 293 294 296 297 54 127 209 143 221 200 89 289 282 63 177 94 269 11 36 242 25 78 42 2 13 277 246 250 188 157 203 204 214 84 101 139 85 22 280 167 295 1 130 134 141 274 20 151 24 279 154 31 37 166 173 174 178 51 184 189 64 67 71 74 202 206 210 223 225 231 235 109 113 248 253 180 199 224 161 194 226 291 133 298 77 144 27 284 61 81 18 145 164 43 140 299 254 59 93 158 255 82 131 228 70 230 56 
Number of disconnected nodes: 252
Max available bandwidth: 6200 Kbps
Average throughput: 2549 Kbps
Throughput to bandwidth ratio: 0.411129
Packet loss percentage: 51.4262%
Average delay: 651.029 ms
Average jitter: 374.173 ms
G_L: 0.16

Nodes disconnected: 0 3 4 5 6 8 9 10 12 16 17 21 23 26 28 29 30 32 33 34 35 38 39 40 41 44 46 48 49 50 52 53 58 60 62 65 66 68 69 72 75 76 79 83 86 88 90 91 92 95 96 97 98 99 100 102 103 104 108 110 111 112 114 115 117 118 119 122 123 124 125 126 128 132 135 136 137 146 147 148 150 155 156 159 160 163 165 168 169 170 171 172 175 179 181 182 185 186 187 190 191 192 193 195 196 197 198 201 207 208 212 213 215 219 220 227 229 232 233 234 236 238 239 240 241 245 249 257 258 259 261 262 263 264 265 267 272 273 275 278 281 286 288 290 292 293 294 296 297 54 127 209 143 221 200 89 289 282 63 177 94 269 11 36 242 25 78 42 2 13 277 246 250 188 157 203 204 214 84 101 139 85 22 280 167 295 1 130 134 141 274 20 151 24 279 154 31 37 166 173 174 178 51 184 189 64 67 71 74 202 206 210 223 225 231 235 109 113 248 253 180 199 224 161 194 226 291 133 298 77 144 27 284 61 81 18 145 164 43 140 299 254 59 93 158 255 82 131 228 70 230 56 256 129 260 7 138 266 268 14 15 142 270 271 19 276 149 152 153 283 285 287 45 47 176 55 183 57 73 205 80 211 87 216 217 218 222 105 106 107 237 243 116 247 120 121 251 252 
Number of disconnected nodes: 298
Max available bandwidth: 100 Kbps
Average throughput: 2.24576 Kbps
Throughput to bandwidth ratio: 0.0224576
Packet loss percentage: 91.9708%
Average delay: -nan ms
Average jitter: -nan ms
G_L: 0.0067

Nodes disconnected: 0 3 4 5 6 8 9 10 12 16 17 21 23 26 28 29 30 32 33 34 35 38 39 40 41 44 46 48 49 50 52 53 58 60 62 65 66 68 69 72 75 76 79 83 86 88 90 91 92 95 96 97 98 99 100 102 103 104 108 110 111 112 114 115 117 118 119 122 123 124 125 126 128 132 135 136 137 146 147 148 150 155 156 159 160 163 165 168 169 170 171 172 175 179 181 182 185 186 187 190 191 192 193 195 196 197 198 201 207 208 212 213 215 219 220 227 229 232 233 234 236 238 239 240 241 245 249 257 258 259 261 262 263 264 265 267 272 273 275 278 281 286 288 290 292 293 294 296 297 54 127 209 143 221 200 89 289 282 63 177 94 269 11 36 242 25 78 42 2 13 277 246 250 188 157 203 204 214 84 101 139 85 22 280 167 295 1 130 134 141 274 20 151 24 279 154 31 37 166 173 174 178 51 184 189 64 67 71 74 202 206 210 223 225 231 235 109 113 248 253 180 199 224 161 194 226 291 133 298 77 144 27 284 61 81 18 145 164 43 140 299 254 59 93 158 255 82 131 228 70 230 56 256 129 260 7 138 266 268 14 15 142 270 271 19 276 149 152 153 283 285 287 45 47 176 55 183 57 73 205 80 211 87 216 217 218 222 105 106 107 237 243 116 247 120 121 251 252 162 244 
Number of disconnected nodes: 300
Max available bandwidth: 0 Kbps
Average throughput: 0 Kbps
Throughput to bandwidth ratio: -nan
Packet loss percentage: -nan%
Average delay: -nan ms
Average jitter: -nan ms
G_L: 0

