Nodes disconnected: 
Number of disconnected nodes: 0
Max available bandwidth: 33400 Kbps
Average throughput: 17048 Kbps
Throughput to bandwidth ratio: 0.510421
Packet loss percentage: 5.21928%
Average delay: 8239.44 ms
Average jitter: 4609.37 ms
G_L: 1

Nodes disconnected: 195 
Number of disconnected nodes: 1
Max available bandwidth: 33400 Kbps
Average throughput: 16989.7 Kbps
Throughput to bandwidth ratio: 0.508674
Packet loss percentage: 5.21773%
Average delay: 8281.29 ms
Average jitter: 4567.65 ms
G_L: 0.9967

Nodes disconnected: 195 0 3 4 5 6 8 9 10 12 16 17 21 23 26 28 29 30 32 33 34 35 38 39 40 41 44 46 48 49 50 52 53 58 60 62 65 66 68 69 72 75 76 79 83 86 88 90 91 92 95 96 97 98 99 100 102 103 104 108 110 111 112 114 115 117 118 119 122 123 124 125 126 128 132 135 136 137 146 147 148 150 155 156 159 160 163 165 168 169 170 171 172 175 179 181 182 185 186 187 190 191 192 193 196 197 198 201 207 208 212 213 215 219 220 227 229 232 233 234 236 238 239 240 241 245 249 257 258 259 261 262 263 264 265 267 272 273 275 278 281 286 288 290 292 293 294 296 297 
Number of disconnected nodes: 149
Max available bandwidth: 15900 Kbps
Average throughput: 7298.75 Kbps
Throughput to bandwidth ratio: 0.459041
Packet loss percentage: 35.9675%
Average delay: 7978.07 ms
Average jitter: 2862.39 ms
G_L: 0.5033

Nodes disconnected: 195 0 3 4 5 6 8 9 10 12 16 17 21 23 26 28 29 30 32 33 34 35 38 39 40 41 44 46 48 49 50 52 53 58 60 62 65 66 68 69 72 75 76 79 83 86 88 90 91 92 95 96 97 98 99 100 102 103 104 108 110 111 112 114 115 117 118 119 122 123 124 125 126 128 132 135 136 137 146 147 148 150 155 156 159 160 163 165 168 169 170 171 172 175 179 181 182 185 186 187 190 191 192 193 196 197 198 201 207 208 212 213 215 219 220 227 229 232 233 234 236 238 239 240 241 245 249 257 258 259 261 262 263 264 265 267 272 273 275 278 281 286 288 290 292 293 294 296 297 228 
Number of disconnected nodes: 150
Max available bandwidth: 15900 Kbps
Average throughput: 7392.92 Kbps
Throughput to bandwidth ratio: 0.464964
Packet loss percentage: 35.258%
Average delay: 8249.68 ms
Average jitter: 3094.69 ms
G_L: 0.5

Nodes disconnected: 195 0 3 4 5 6 8 9 10 12 16 17 21 23 26 28 29 30 32 33 34 35 38 39 40 41 44 46 48 49 50 52 53 58 60 62 65 66 68 69 72 75 76 79 83 86 88 90 91 92 95 96 97 98 99 100 102 103 104 108 110 111 112 114 115 117 118 119 122 123 124 125 126 128 132 135 136 137 146 147 148 150 155 156 159 160 163 165 168 169 170 171 172 175 179 181 182 185 186 187 190 191 192 193 196 197 198 201 207 208 212 213 215 219 220 227 229 232 233 234 236 238 239 240 241 245 249 257 258 259 261 262 263 264 265 267 272 273 275 278 281 286 288 290 292 293 294 296 297 228 248 202 274 189 
Number of disconnected nodes: 154
Max available bandwidth: 15600 Kbps
Average throughput: 7335.18 Kbps
Throughput to bandwidth ratio: 0.470204
Packet loss percentage: 34.614%
Average delay: 8463.22 ms
Average jitter: 3141.51 ms
G_L: 0.4867

Nodes disconnected: 195 0 3 4 5 6 8 9 10 12 16 17 21 23 26 28 29 30 32 33 34 35 38 39 40 41 44 46 48 49 50 52 53 58 60 62 65 66 68 69 72 75 76 79 83 86 88 90 91 92 95 96 97 98 99 100 102 103 104 108 110 111 112 114 115 117 118 119 122 123 124 125 126 128 132 135 136 137 146 147 148 150 155 156 159 160 163 165 168 169 170 171 172 175 179 181 182 185 186 187 190 191 192 193 196 197 198 201 207 208 212 213 215 219 220 227 229 232 233 234 236 238 239 240 241 245 249 257 258 259 261 262 263 264 265 267 272 273 275 278 281 286 288 290 292 293 294 296 297 228 248 202 274 189 157 
Number of disconnected nodes: 155
Max available bandwidth: 15500 Kbps
Average throughput: 7300.17 Kbps
Throughput to bandwidth ratio: 0.470979
Packet loss percentage: 34.2108%
Average delay: 8582.94 ms
Average jitter: 3081.68 ms
G_L: 0.4833

Nodes disconnected: 195 0 3 4 5 6 8 9 10 12 16 17 21 23 26 28 29 30 32 33 34 35 38 39 40 41 44 46 48 49 50 52 53 58 60 62 65 66 68 69 72 75 76 79 83 86 88 90 91 92 95 96 97 98 99 100 102 103 104 108 110 111 112 114 115 117 118 119 122 123 124 125 126 128 132 135 136 137 146 147 148 150 155 156 159 160 163 165 168 169 170 171 172 175 179 181 182 185 186 187 190 191 192 193 196 197 198 201 207 208 212 213 215 219 220 227 229 232 233 234 236 238 239 240 241 245 249 257 258 259 261 262 263 264 265 267 272 273 275 278 281 286 288 290 292 293 294 296 297 228 248 202 274 189 157 209 
Number of disconnected nodes: 156
Max available bandwidth: 15500 Kbps
Average throughput: 7205.6 Kbps
Throughput to bandwidth ratio: 0.464877
Packet loss percentage: 35.1878%
Average delay: 8255.52 ms
Average jitter: 2932.93 ms
G_L: 0.48

Nodes disconnected: 195 0 3 4 5 6 8 9 10 12 16 17 21 23 26 28 29 30 32 33 34 35 38 39 40 41 44 46 48 49 50 52 53 58 60 62 65 66 68 69 72 75 76 79 83 86 88 90 91 92 95 96 97 98 99 100 102 103 104 108 110 111 112 114 115 117 118 119 122 123 124 125 126 128 132 135 136 137 146 147 148 150 155 156 159 160 163 165 168 169 170 171 172 175 179 181 182 185 186 187 190 191 192 193 196 197 198 201 207 208 212 213 215 219 220 227 229 232 233 234 236 238 239 240 241 245 249 257 258 259 261 262 263 264 265 267 272 273 275 278 281 286 288 290 292 293 294 296 297 228 248 202 274 189 157 209 89 
Number of disconnected nodes: 157
Max available bandwidth: 15500 Kbps
Average throughput: 7115.93 Kbps
Throughput to bandwidth ratio: 0.459092
Packet loss percentage: 34.1709%
Average delay: 6301.62 ms
Average jitter: 2276.19 ms
G_L: 0.4767

Nodes disconnected: 195 0 3 4 5 6 8 9 10 12 16 17 21 23 26 28 29 30 32 33 34 35 38 39 40 41 44 46 48 49 50 52 53 58 60 62 65 66 68 69 72 75 76 79 83 86 88 90 91 92 95 96 97 98 99 100 102 103 104 108 110 111 112 114 115 117 118 119 122 123 124 125 126 128 132 135 136 137 146 147 148 150 155 156 159 160 163 165 168 169 170 171 172 175 179 181 182 185 186 187 190 191 192 193 196 197 198 201 207 208 212 213 215 219 220 227 229 232 233 234 236 238 239 240 241 245 249 257 258 259 261 262 263 264 265 267 272 273 275 278 281 286 288 290 292 293 294 296 297 228 248 202 274 189 157 209 89 78 
Number of disconnected nodes: 158
Max available bandwidth: 15400 Kbps
Average throughput: 7130.63 Kbps
Throughput to bandwidth ratio: 0.463028
Packet loss percentage: 34.6207%
Average delay: 6949.29 ms
Average jitter: 2577.95 ms
G_L: 0.4733

Nodes disconnected: 195 0 3 4 5 6 8 9 10 12 16 17 21 23 26 28 29 30 32 33 34 35 38 39 40 41 44 46 48 49 50 52 53 58 60 62 65 66 68 69 72 75 76 79 83 86 88 90 91 92 95 96 97 98 99 100 102 103 104 108 110 111 112 114 115 117 118 119 122 123 124 125 126 128 132 135 136 137 146 147 148 150 155 156 159 160 163 165 168 169 170 171 172 175 179 181 182 185 186 187 190 191 192 193 196 197 198 201 207 208 212 213 215 219 220 227 229 232 233 234 236 238 239 240 241 245 249 257 258 259 261 262 263 264 265 267 272 273 275 278 281 286 288 290 292 293 294 296 297 228 248 202 274 189 157 209 89 78 276 
Number of disconnected nodes: 159
Max available bandwidth: 15300 Kbps
Average throughput: 7231.38 Kbps
Throughput to bandwidth ratio: 0.472639
Packet loss percentage: 34.0008%
Average delay: 7427.14 ms
Average jitter: 2334.55 ms
G_L: 0.47

Nodes disconnected: 195 0 3 4 5 6 8 9 10 12 16 17 21 23 26 28 29 30 32 33 34 35 38 39 40 41 44 46 48 49 50 52 53 58 60 62 65 66 68 69 72 75 76 79 83 86 88 90 91 92 95 96 97 98 99 100 102 103 104 108 110 111 112 114 115 117 118 119 122 123 124 125 126 128 132 135 136 137 146 147 148 150 155 156 159 160 163 165 168 169 170 171 172 175 179 181 182 185 186 187 190 191 192 193 196 197 198 201 207 208 212 213 215 219 220 227 229 232 233 234 236 238 239 240 241 245 249 257 258 259 261 262 263 264 265 267 272 273 275 278 281 286 288 290 292 293 294 296 297 228 248 202 274 189 157 209 89 78 276 216 
Number of disconnected nodes: 160
Max available bandwidth: 15200 Kbps
Average throughput: 7085.33 Kbps
Throughput to bandwidth ratio: 0.46614
Packet loss percentage: 34.7418%
Average delay: 7054.02 ms
Average jitter: 2187.74 ms
G_L: 0.4667

Nodes disconnected: 195 0 3 4 5 6 8 9 10 12 16 17 21 23 26 28 29 30 32 33 34 35 38 39 40 41 44 46 48 49 50 52 53 58 60 62 65 66 68 69 72 75 76 79 83 86 88 90 91 92 95 96 97 98 99 100 102 103 104 108 110 111 112 114 115 117 118 119 122 123 124 125 126 128 132 135 136 137 146 147 148 150 155 156 159 160 163 165 168 169 170 171 172 175 179 181 182 185 186 187 190 191 192 193 196 197 198 201 207 208 212 213 215 219 220 227 229 232 233 234 236 238 239 240 241 245 249 257 258 259 261 262 263 264 265 267 272 273 275 278 281 286 288 290 292 293 294 296 297 228 248 202 274 189 157 209 89 78 276 216 161 
Number of disconnected nodes: 161
Max available bandwidth: 15100 Kbps
Average throughput: 6990.45 Kbps
Throughput to bandwidth ratio: 0.462944
Packet loss percentage: 34.2012%
Average delay: 6340.02 ms
Average jitter: 2362.1 ms
G_L: 0.4633

Nodes disconnected: 195 0 3 4 5 6 8 9 10 12 16 17 21 23 26 28 29 30 32 33 34 35 38 39 40 41 44 46 48 49 50 52 53 58 60 62 65 66 68 69 72 75 76 79 83 86 88 90 91 92 95 96 97 98 99 100 102 103 104 108 110 111 112 114 115 117 118 119 122 123 124 125 126 128 132 135 136 137 146 147 148 150 155 156 159 160 163 165 168 169 170 171 172 175 179 181 182 185 186 187 190 191 192 193 196 197 198 201 207 208 212 213 215 219 220 227 229 232 233 234 236 238 239 240 241 245 249 257 258 259 261 262 263 264 265 267 272 273 275 278 281 286 288 290 292 293 294 296 297 228 248 202 274 189 157 209 89 78 276 216 161 246 
Number of disconnected nodes: 162
Max available bandwidth: 15100 Kbps
Average throughput: 7030.05 Kbps
Throughput to bandwidth ratio: 0.465566
Packet loss percentage: 34.7466%
Average delay: 7498.48 ms
Average jitter: 2655.78 ms
G_L: 0.46

Nodes disconnected: 195 0 3 4 5 6 8 9 10 12 16 17 21 23 26 28 29 30 32 33 34 35 38 39 40 41 44 46 48 49 50 52 53 58 60 62 65 66 68 69 72 75 76 79 83 86 88 90 91 92 95 96 97 98 99 100 102 103 104 108 110 111 112 114 115 117 118 119 122 123 124 125 126 128 132 135 136 137 146 147 148 150 155 156 159 160 163 165 168 169 170 171 172 175 179 181 182 185 186 187 190 191 192 193 196 197 198 201 207 208 212 213 215 219 220 227 229 232 233 234 236 238 239 240 241 245 249 257 258 259 261 262 263 264 265 267 272 273 275 278 281 286 288 290 292 293 294 296 297 228 248 202 274 189 157 209 89 78 276 216 161 246 203 204 214 
Number of disconnected nodes: 165
Max available bandwidth: 14800 Kbps
Average throughput: 6817.97 Kbps
Throughput to bandwidth ratio: 0.460674
Packet loss percentage: 36.4825%
Average delay: 7494.23 ms
Average jitter: 2454.84 ms
G_L: 0.45

Nodes disconnected: 195 0 3 4 5 6 8 9 10 12 16 17 21 23 26 28 29 30 32 33 34 35 38 39 40 41 44 46 48 49 50 52 53 58 60 62 65 66 68 69 72 75 76 79 83 86 88 90 91 92 95 96 97 98 99 100 102 103 104 108 110 111 112 114 115 117 118 119 122 123 124 125 126 128 132 135 136 137 146 147 148 150 155 156 159 160 163 165 168 169 170 171 172 175 179 181 182 185 186 187 190 191 192 193 196 197 198 201 207 208 212 213 215 219 220 227 229 232 233 234 236 238 239 240 241 245 249 257 258 259 261 262 263 264 265 267 272 273 275 278 281 286 288 290 292 293 294 296 297 228 248 202 274 189 157 209 89 78 276 216 161 246 203 204 214 298 
Number of disconnected nodes: 166
Max available bandwidth: 14800 Kbps
Average throughput: 6785.78 Kbps
Throughput to bandwidth ratio: 0.458498
Packet loss percentage: 36.4902%
Average delay: 6935.11 ms
Average jitter: 2104.53 ms
G_L: 0.4467

Nodes disconnected: 195 0 3 4 5 6 8 9 10 12 16 17 21 23 26 28 29 30 32 33 34 35 38 39 40 41 44 46 48 49 50 52 53 58 60 62 65 66 68 69 72 75 76 79 83 86 88 90 91 92 95 96 97 98 99 100 102 103 104 108 110 111 112 114 115 117 118 119 122 123 124 125 126 128 132 135 136 137 146 147 148 150 155 156 159 160 163 165 168 169 170 171 172 175 179 181 182 185 186 187 190 191 192 193 196 197 198 201 207 208 212 213 215 219 220 227 229 232 233 234 236 238 239 240 241 245 249 257 258 259 261 262 263 264 265 267 272 273 275 278 281 286 288 290 292 293 294 296 297 228 248 202 274 189 157 209 89 78 276 216 161 246 203 204 214 298 256 
Number of disconnected nodes: 167
Max available bandwidth: 14800 Kbps
Average throughput: 6873.98 Kbps
Throughput to bandwidth ratio: 0.464458
Packet loss percentage: 34.9922%
Average delay: 7264.47 ms
Average jitter: 2476.85 ms
G_L: 0.4433

Nodes disconnected: 195 0 3 4 5 6 8 9 10 12 16 17 21 23 26 28 29 30 32 33 34 35 38 39 40 41 44 46 48 49 50 52 53 58 60 62 65 66 68 69 72 75 76 79 83 86 88 90 91 92 95 96 97 98 99 100 102 103 104 108 110 111 112 114 115 117 118 119 122 123 124 125 126 128 132 135 136 137 146 147 148 150 155 156 159 160 163 165 168 169 170 171 172 175 179 181 182 185 186 187 190 191 192 193 196 197 198 201 207 208 212 213 215 219 220 227 229 232 233 234 236 238 239 240 241 245 249 257 258 259 261 262 263 264 265 267 272 273 275 278 281 286 288 290 292 293 294 296 297 228 248 202 274 189 157 209 89 78 276 216 161 246 203 204 214 298 256 54 
Number of disconnected nodes: 168
Max available bandwidth: 14700 Kbps
Average throughput: 6741.68 Kbps
Throughput to bandwidth ratio: 0.458618
Packet loss percentage: 35.3086%
Average delay: 7213.57 ms
Average jitter: 2375.06 ms
G_L: 0.44

Nodes disconnected: 195 0 3 4 5 6 8 9 10 12 16 17 21 23 26 28 29 30 32 33 34 35 38 39 40 41 44 46 48 49 50 52 53 58 60 62 65 66 68 69 72 75 76 79 83 86 88 90 91 92 95 96 97 98 99 100 102 103 104 108 110 111 112 114 115 117 118 119 122 123 124 125 126 128 132 135 136 137 146 147 148 150 155 156 159 160 163 165 168 169 170 171 172 175 179 181 182 185 186 187 190 191 192 193 196 197 198 201 207 208 212 213 215 219 220 227 229 232 233 234 236 238 239 240 241 245 249 257 258 259 261 262 263 264 265 267 272 273 275 278 281 286 288 290 292 293 294 296 297 228 248 202 274 189 157 209 89 78 276 216 161 246 203 204 214 298 256 54 154 
Number of disconnected nodes: 169
Max available bandwidth: 14600 Kbps
Average throughput: 6646.58 Kbps
Throughput to bandwidth ratio: 0.455245
Packet loss percentage: 36.2513%
Average delay: 7555.35 ms
Average jitter: 2355.22 ms
G_L: 0.4367

Nodes disconnected: 195 0 3 4 5 6 8 9 10 12 16 17 21 23 26 28 29 30 32 33 34 35 38 39 40 41 44 46 48 49 50 52 53 58 60 62 65 66 68 69 72 75 76 79 83 86 88 90 91 92 95 96 97 98 99 100 102 103 104 108 110 111 112 114 115 117 118 119 122 123 124 125 126 128 132 135 136 137 146 147 148 150 155 156 159 160 163 165 168 169 170 171 172 175 179 181 182 185 186 187 190 191 192 193 196 197 198 201 207 208 212 213 215 219 220 227 229 232 233 234 236 238 239 240 241 245 249 257 258 259 261 262 263 264 265 267 272 273 275 278 281 286 288 290 292 293 294 296 297 228 248 202 274 189 157 209 89 78 276 216 161 246 203 204 214 298 256 54 154 1 130 138 13 14 15 141 142 144 271 20 149 24 42 43 176 180 55 59 61 199 200 73 74 77 206 222 224 231 105 107 116 247 253 
Number of disconnected nodes: 203
Max available bandwidth: 10900 Kbps
Average throughput: 5044.09 Kbps
Throughput to bandwidth ratio: 0.462761
Packet loss percentage: 36.5612%
Average delay: 7183.66 ms
Average jitter: 1831.81 ms
G_L: 0.3233

Nodes disconnected: 195 0 3 4 5 6 8 9 10 12 16 17 21 23 26 28 29 30 32 33 34 35 38 39 40 41 44 46 48 49 50 52 53 58 60 62 65 66 68 69 72 75 76 79 83 86 88 90 91 92 95 96 97 98 99 100 102 103 104 108 110 111 112 114 115 117 118 119 122 123 124 125 126 128 132 135 136 137 146 147 148 150 155 156 159 160 163 165 168 169 170 171 172 175 179 181 182 185 186 187 190 191 192 193 196 197 198 201 207 208 212 213 215 219 220 227 229 232 233 234 236 238 239 240 241 245 249 257 258 259 261 262 263 264 265 267 272 273 275 278 281 286 288 290 292 293 294 296 297 228 248 202 274 189 157 209 89 78 276 216 161 246 203 204 214 298 256 54 154 1 130 138 13 14 15 141 142 144 271 20 149 24 42 43 176 180 55 59 61 199 200 73 74 77 206 222 224 231 105 107 116 247 253 205 
Number of disconnected nodes: 204
Max available bandwidth: 10900 Kbps
Average throughput: 4927.08 Kbps
Throughput to bandwidth ratio: 0.452026
Packet loss percentage: 36.0567%
Average delay: 7169.31 ms
Average jitter: 1842.12 ms
G_L: 0.32

Nodes disconnected: 195 0 3 4 5 6 8 9 10 12 16 17 21 23 26 28 29 30 32 33 34 35 38 39 40 41 44 46 48 49 50 52 53 58 60 62 65 66 68 69 72 75 76 79 83 86 88 90 91 92 95 96 97 98 99 100 102 103 104 108 110 111 112 114 115 117 118 119 122 123 124 125 126 128 132 135 136 137 146 147 148 150 155 156 159 160 163 165 168 169 170 171 172 175 179 181 182 185 186 187 190 191 192 193 196 197 198 201 207 208 212 213 215 219 220 227 229 232 233 234 236 238 239 240 241 245 249 257 258 259 261 262 263 264 265 267 272 273 275 278 281 286 288 290 292 293 294 296 297 228 248 202 274 189 157 209 89 78 276 216 161 246 203 204 214 298 256 54 154 1 130 138 13 14 15 141 142 144 271 20 149 24 42 43 176 180 55 59 61 199 200 73 74 77 206 222 224 231 105 107 116 247 253 205 255 
Number of disconnected nodes: 205
Max available bandwidth: 10900 Kbps
Average throughput: 4919.13 Kbps
Throughput to bandwidth ratio: 0.451296
Packet loss percentage: 36.2737%
Average delay: 7977.31 ms
Average jitter: 1807.01 ms
G_L: 0.3167

Nodes disconnected: 195 0 3 4 5 6 8 9 10 12 16 17 21 23 26 28 29 30 32 33 34 35 38 39 40 41 44 46 48 49 50 52 53 58 60 62 65 66 68 69 72 75 76 79 83 86 88 90 91 92 95 96 97 98 99 100 102 103 104 108 110 111 112 114 115 117 118 119 122 123 124 125 126 128 132 135 136 137 146 147 148 150 155 156 159 160 163 165 168 169 170 171 172 175 179 181 182 185 186 187 190 191 192 193 196 197 198 201 207 208 212 213 215 219 220 227 229 232 233 234 236 238 239 240 241 245 249 257 258 259 261 262 263 264 265 267 272 273 275 278 281 286 288 290 292 293 294 296 297 228 248 202 274 189 157 209 89 78 276 216 161 246 203 204 214 298 256 54 154 1 130 138 13 14 15 141 142 144 271 20 149 24 42 43 176 180 55 59 61 199 200 73 74 77 206 222 224 231 105 107 116 247 253 205 255 25 
Number of disconnected nodes: 206
Max available bandwidth: 10500 Kbps
Average throughput: 4659.02 Kbps
Throughput to bandwidth ratio: 0.443716
Packet loss percentage: 40.7635%
Average delay: 6939.85 ms
Average jitter: 1776.78 ms
G_L: 0.3133

Nodes disconnected: 195 0 3 4 5 6 8 9 10 12 16 17 21 23 26 28 29 30 32 33 34 35 38 39 40 41 44 46 48 49 50 52 53 58 60 62 65 66 68 69 72 75 76 79 83 86 88 90 91 92 95 96 97 98 99 100 102 103 104 108 110 111 112 114 115 117 118 119 122 123 124 125 126 128 132 135 136 137 146 147 148 150 155 156 159 160 163 165 168 169 170 171 172 175 179 181 182 185 186 187 190 191 192 193 196 197 198 201 207 208 212 213 215 219 220 227 229 232 233 234 236 238 239 240 241 245 249 257 258 259 261 262 263 264 265 267 272 273 275 278 281 286 288 290 292 293 294 296 297 228 248 202 274 189 157 209 89 78 276 216 161 246 203 204 214 298 256 54 154 1 130 138 13 14 15 141 142 144 271 20 149 24 42 43 176 180 55 59 61 199 200 73 74 77 206 222 224 231 105 107 116 247 253 205 255 25 27 
Number of disconnected nodes: 207
Max available bandwidth: 10400 Kbps
Average throughput: 4558.13 Kbps
Throughput to bandwidth ratio: 0.438282
Packet loss percentage: 40.8388%
Average delay: 6973.97 ms
Average jitter: 1951.71 ms
G_L: 0.31

Nodes disconnected: 195 0 3 4 5 6 8 9 10 12 16 17 21 23 26 28 29 30 32 33 34 35 38 39 40 41 44 46 48 49 50 52 53 58 60 62 65 66 68 69 72 75 76 79 83 86 88 90 91 92 95 96 97 98 99 100 102 103 104 108 110 111 112 114 115 117 118 119 122 123 124 125 126 128 132 135 136 137 146 147 148 150 155 156 159 160 163 165 168 169 170 171 172 175 179 181 182 185 186 187 190 191 192 193 196 197 198 201 207 208 212 213 215 219 220 227 229 232 233 234 236 238 239 240 241 245 249 257 258 259 261 262 263 264 265 267 272 273 275 278 281 286 288 290 292 293 294 296 297 228 248 202 274 189 157 209 89 78 276 216 161 246 203 204 214 298 256 54 154 1 130 138 13 14 15 141 142 144 271 20 149 24 42 43 176 180 55 59 61 199 200 73 74 77 206 222 224 231 105 107 116 247 253 205 255 25 27 158 
Number of disconnected nodes: 208
Max available bandwidth: 10300 Kbps
Average throughput: 4688.25 Kbps
Throughput to bandwidth ratio: 0.45517
Packet loss percentage: 39.1261%
Average delay: 7174.67 ms
Average jitter: 1994.82 ms
G_L: 0.3067

Nodes disconnected: 195 0 3 4 5 6 8 9 10 12 16 17 21 23 26 28 29 30 32 33 34 35 38 39 40 41 44 46 48 49 50 52 53 58 60 62 65 66 68 69 72 75 76 79 83 86 88 90 91 92 95 96 97 98 99 100 102 103 104 108 110 111 112 114 115 117 118 119 122 123 124 125 126 128 132 135 136 137 146 147 148 150 155 156 159 160 163 165 168 169 170 171 172 175 179 181 182 185 186 187 190 191 192 193 196 197 198 201 207 208 212 213 215 219 220 227 229 232 233 234 236 238 239 240 241 245 249 257 258 259 261 262 263 264 265 267 272 273 275 278 281 286 288 290 292 293 294 296 297 228 248 202 274 189 157 209 89 78 276 216 161 246 203 204 214 298 256 54 154 1 130 138 13 14 15 141 142 144 271 20 149 24 42 43 176 180 55 59 61 199 200 73 74 77 206 222 224 231 105 107 116 247 253 205 255 25 27 158 188 285 
Number of disconnected nodes: 210
Max available bandwidth: 10200 Kbps
Average throughput: 4570.16 Kbps
Throughput to bandwidth ratio: 0.448055
Packet loss percentage: 40.3184%
Average delay: 5772.89 ms
Average jitter: 1341.11 ms
G_L: 0.3

Nodes disconnected: 195 0 3 4 5 6 8 9 10 12 16 17 21 23 26 28 29 30 32 33 34 35 38 39 40 41 44 46 48 49 50 52 53 58 60 62 65 66 68 69 72 75 76 79 83 86 88 90 91 92 95 96 97 98 99 100 102 103 104 108 110 111 112 114 115 117 118 119 122 123 124 125 126 128 132 135 136 137 146 147 148 150 155 156 159 160 163 165 168 169 170 171 172 175 179 181 182 185 186 187 190 191 192 193 196 197 198 201 207 208 212 213 215 219 220 227 229 232 233 234 236 238 239 240 241 245 249 257 258 259 261 262 263 264 265 267 272 273 275 278 281 286 288 290 292 293 294 296 297 228 248 202 274 189 157 209 89 78 276 216 161 246 203 204 214 298 256 54 154 1 130 138 13 14 15 141 142 144 271 20 149 24 42 43 176 180 55 59 61 199 200 73 74 77 206 222 224 231 105 107 116 247 253 205 255 25 27 158 188 285 67 174 71 
Number of disconnected nodes: 213
Max available bandwidth: 10100 Kbps
Average throughput: 4101.52 Kbps
Throughput to bandwidth ratio: 0.406091
Packet loss percentage: 45.5168%
Average delay: 7139.27 ms
Average jitter: 1820.92 ms
G_L: 0.29

Nodes disconnected: 195 0 3 4 5 6 8 9 10 12 16 17 21 23 26 28 29 30 32 33 34 35 38 39 40 41 44 46 48 49 50 52 53 58 60 62 65 66 68 69 72 75 76 79 83 86 88 90 91 92 95 96 97 98 99 100 102 103 104 108 110 111 112 114 115 117 118 119 122 123 124 125 126 128 132 135 136 137 146 147 148 150 155 156 159 160 163 165 168 169 170 171 172 175 179 181 182 185 186 187 190 191 192 193 196 197 198 201 207 208 212 213 215 219 220 227 229 232 233 234 236 238 239 240 241 245 249 257 258 259 261 262 263 264 265 267 272 273 275 278 281 286 288 290 292 293 294 296 297 228 248 202 274 189 157 209 89 78 276 216 161 246 203 204 214 298 256 54 154 1 130 138 13 14 15 141 142 144 271 20 149 24 42 43 176 180 55 59 61 199 200 73 74 77 206 222 224 231 105 107 116 247 253 205 255 25 27 158 188 285 67 174 71 2 277 
Number of disconnected nodes: 215
Max available bandwidth: 10000 Kbps
Average throughput: 4173.01 Kbps
Throughput to bandwidth ratio: 0.417301
Packet loss percentage: 44.1377%
Average delay: 7433.94 ms
Average jitter: 1752.54 ms
G_L: 0.2833

Nodes disconnected: 195 0 3 4 5 6 8 9 10 12 16 17 21 23 26 28 29 30 32 33 34 35 38 39 40 41 44 46 48 49 50 52 53 58 60 62 65 66 68 69 72 75 76 79 83 86 88 90 91 92 95 96 97 98 99 100 102 103 104 108 110 111 112 114 115 117 118 119 122 123 124 125 126 128 132 135 136 137 146 147 148 150 155 156 159 160 163 165 168 169 170 171 172 175 179 181 182 185 186 187 190 191 192 193 196 197 198 201 207 208 212 213 215 219 220 227 229 232 233 234 236 238 239 240 241 245 249 257 258 259 261 262 263 264 265 267 272 273 275 278 281 286 288 290 292 293 294 296 297 228 248 202 274 189 157 209 89 78 276 216 161 246 203 204 214 298 256 54 154 1 130 138 13 14 15 141 142 144 271 20 149 24 42 43 176 180 55 59 61 199 200 73 74 77 206 222 224 231 105 107 116 247 253 205 255 25 27 158 188 285 67 174 71 2 277 289 194 291 164 133 18 282 251 284 94 63 
Number of disconnected nodes: 226
Max available bandwidth: 9000 Kbps
Average throughput: 3556.13 Kbps
Throughput to bandwidth ratio: 0.395125
Packet loss percentage: 44.6982%
Average delay: 6677.82 ms
Average jitter: 1619.1 ms
G_L: 0.2467

Nodes disconnected: 195 0 3 4 5 6 8 9 10 12 16 17 21 23 26 28 29 30 32 33 34 35 38 39 40 41 44 46 48 49 50 52 53 58 60 62 65 66 68 69 72 75 76 79 83 86 88 90 91 92 95 96 97 98 99 100 102 103 104 108 110 111 112 114 115 117 118 119 122 123 124 125 126 128 132 135 136 137 146 147 148 150 155 156 159 160 163 165 168 169 170 171 172 175 179 181 182 185 186 187 190 191 192 193 196 197 198 201 207 208 212 213 215 219 220 227 229 232 233 234 236 238 239 240 241 245 249 257 258 259 261 262 263 264 265 267 272 273 275 278 281 286 288 290 292 293 294 296 297 228 248 202 274 189 157 209 89 78 276 216 161 246 203 204 214 298 256 54 154 1 130 138 13 14 15 141 142 144 271 20 149 24 42 43 176 180 55 59 61 199 200 73 74 77 206 222 224 231 105 107 116 247 253 205 255 25 27 158 188 285 67 174 71 2 277 289 194 291 164 133 18 282 251 284 94 63 129 131 260 7 266 11 140 268 269 19 22 279 283 31 287 36 295 299 45 183 56 184 70 80 81 82 210 84 87 218 93 230 120 252 254 
Number of disconnected nodes: 261
Max available bandwidth: 5700 Kbps
Average throughput: 1899.22 Kbps
Throughput to bandwidth ratio: 0.333196
Packet loss percentage: 50.7733%
Average delay: 1733.05 ms
Average jitter: 1013.33 ms
G_L: 0.13

Nodes disconnected: 195 0 3 4 5 6 8 9 10 12 16 17 21 23 26 28 29 30 32 33 34 35 38 39 40 41 44 46 48 49 50 52 53 58 60 62 65 66 68 69 72 75 76 79 83 86 88 90 91 92 95 96 97 98 99 100 102 103 104 108 110 111 112 114 115 117 118 119 122 123 124 125 126 128 132 135 136 137 146 147 148 150 155 156 159 160 163 165 168 169 170 171 172 175 179 181 182 185 186 187 190 191 192 193 196 197 198 201 207 208 212 213 215 219 220 227 229 232 233 234 236 238 239 240 241 245 249 257 258 259 261 262 263 264 265 267 272 273 275 278 281 286 288 290 292 293 294 296 297 228 248 202 274 189 157 209 89 78 276 216 161 246 203 204 214 298 256 54 154 1 130 138 13 14 15 141 142 144 271 20 149 24 42 43 176 180 55 59 61 199 200 73 74 77 206 222 224 231 105 107 116 247 253 205 255 25 27 158 188 285 67 174 71 2 277 289 194 291 164 133 18 282 251 284 94 63 129 131 260 7 266 11 140 268 269 19 22 279 283 31 287 36 295 299 45 183 56 184 70 80 81 82 210 84 87 218 93 230 120 252 254 167 
Number of disconnected nodes: 262
Max available bandwidth: 5600 Kbps
Average throughput: 1825.05 Kbps
Throughput to bandwidth ratio: 0.325902
Packet loss percentage: 51.7674%
Average delay: 1426.01 ms
Average jitter: 923.348 ms
G_L: 0.1267

Nodes disconnected: 195 0 3 4 5 6 8 9 10 12 16 17 21 23 26 28 29 30 32 33 34 35 38 39 40 41 44 46 48 49 50 52 53 58 60 62 65 66 68 69 72 75 76 79 83 86 88 90 91 92 95 96 97 98 99 100 102 103 104 108 110 111 112 114 115 117 118 119 122 123 124 125 126 128 132 135 136 137 146 147 148 150 155 156 159 160 163 165 168 169 170 171 172 175 179 181 182 185 186 187 190 191 192 193 196 197 198 201 207 208 212 213 215 219 220 227 229 232 233 234 236 238 239 240 241 245 249 257 258 259 261 262 263 264 265 267 272 273 275 278 281 286 288 290 292 293 294 296 297 228 248 202 274 189 157 209 89 78 276 216 161 246 203 204 214 298 256 54 154 1 130 138 13 14 15 141 142 144 271 20 149 24 42 43 176 180 55 59 61 199 200 73 74 77 206 222 224 231 105 107 116 247 253 205 255 25 27 158 188 285 67 174 71 2 277 289 194 291 164 133 18 282 251 284 94 63 129 131 260 7 266 11 140 268 269 19 22 279 283 31 287 36 295 299 45 183 56 184 70 80 81 82 210 84 87 218 93 230 120 252 254 167 177 
Number of disconnected nodes: 263
Max available bandwidth: 5600 Kbps
Average throughput: 1750.62 Kbps
Throughput to bandwidth ratio: 0.312611
Packet loss percentage: 50.1208%
Average delay: 2983 ms
Average jitter: 1050.25 ms
G_L: 0.1233

Nodes disconnected: 195 0 3 4 5 6 8 9 10 12 16 17 21 23 26 28 29 30 32 33 34 35 38 39 40 41 44 46 48 49 50 52 53 58 60 62 65 66 68 69 72 75 76 79 83 86 88 90 91 92 95 96 97 98 99 100 102 103 104 108 110 111 112 114 115 117 118 119 122 123 124 125 126 128 132 135 136 137 146 147 148 150 155 156 159 160 163 165 168 169 170 171 172 175 179 181 182 185 186 187 190 191 192 193 196 197 198 201 207 208 212 213 215 219 220 227 229 232 233 234 236 238 239 240 241 245 249 257 258 259 261 262 263 264 265 267 272 273 275 278 281 286 288 290 292 293 294 296 297 228 248 202 274 189 157 209 89 78 276 216 161 246 203 204 214 298 256 54 154 1 130 138 13 14 15 141 142 144 271 20 149 24 42 43 176 180 55 59 61 199 200 73 74 77 206 222 224 231 105 107 116 247 253 205 255 25 27 158 188 285 67 174 71 2 277 289 194 291 164 133 18 282 251 284 94 63 129 131 260 7 266 11 140 268 269 19 22 279 283 31 287 36 295 299 45 183 56 184 70 80 81 82 210 84 87 218 93 230 120 252 254 167 177 64 
Number of disconnected nodes: 264
Max available bandwidth: 5400 Kbps
Average throughput: 1793.11 Kbps
Throughput to bandwidth ratio: 0.332058
Packet loss percentage: 52.3185%
Average delay: 4452.52 ms
Average jitter: 787.092 ms
G_L: 0.12

Nodes disconnected: 195 0 3 4 5 6 8 9 10 12 16 17 21 23 26 28 29 30 32 33 34 35 38 39 40 41 44 46 48 49 50 52 53 58 60 62 65 66 68 69 72 75 76 79 83 86 88 90 91 92 95 96 97 98 99 100 102 103 104 108 110 111 112 114 115 117 118 119 122 123 124 125 126 128 132 135 136 137 146 147 148 150 155 156 159 160 163 165 168 169 170 171 172 175 179 181 182 185 186 187 190 191 192 193 196 197 198 201 207 208 212 213 215 219 220 227 229 232 233 234 236 238 239 240 241 245 249 257 258 259 261 262 263 264 265 267 272 273 275 278 281 286 288 290 292 293 294 296 297 228 248 202 274 189 157 209 89 78 276 216 161 246 203 204 214 298 256 54 154 1 130 138 13 14 15 141 142 144 271 20 149 24 42 43 176 180 55 59 61 199 200 73 74 77 206 222 224 231 105 107 116 247 253 205 255 25 27 158 188 285 67 174 71 2 277 289 194 291 164 133 18 282 251 284 94 63 129 131 260 7 266 11 140 268 269 19 22 279 283 31 287 36 295 299 45 183 56 184 70 80 81 82 210 84 87 218 93 230 120 252 254 167 177 64 178 
Number of disconnected nodes: 265
Max available bandwidth: 5400 Kbps
Average throughput: 1741.06 Kbps
Throughput to bandwidth ratio: 0.322419
Packet loss percentage: 52.2479%
Average delay: 5004.23 ms
Average jitter: 833.149 ms
G_L: 0.1167

Nodes disconnected: 195 0 3 4 5 6 8 9 10 12 16 17 21 23 26 28 29 30 32 33 34 35 38 39 40 41 44 46 48 49 50 52 53 58 60 62 65 66 68 69 72 75 76 79 83 86 88 90 91 92 95 96 97 98 99 100 102 103 104 108 110 111 112 114 115 117 118 119 122 123 124 125 126 128 132 135 136 137 146 147 148 150 155 156 159 160 163 165 168 169 170 171 172 175 179 181 182 185 186 187 190 191 192 193 196 197 198 201 207 208 212 213 215 219 220 227 229 232 233 234 236 238 239 240 241 245 249 257 258 259 261 262 263 264 265 267 272 273 275 278 281 286 288 290 292 293 294 296 297 228 248 202 274 189 157 209 89 78 276 216 161 246 203 204 214 298 256 54 154 1 130 138 13 14 15 141 142 144 271 20 149 24 42 43 176 180 55 59 61 199 200 73 74 77 206 222 224 231 105 107 116 247 253 205 255 25 27 158 188 285 67 174 71 2 277 289 194 291 164 133 18 282 251 284 94 63 129 131 260 7 266 11 140 268 269 19 22 279 283 31 287 36 295 299 45 183 56 184 70 80 81 82 210 84 87 218 93 230 120 252 254 167 177 64 178 101 
Number of disconnected nodes: 266
Max available bandwidth: 5400 Kbps
Average throughput: 1612.39 Kbps
Throughput to bandwidth ratio: 0.298591
Packet loss percentage: 53.3879%
Average delay: 1781.14 ms
Average jitter: 745.206 ms
G_L: 0.1133

Nodes disconnected: 195 0 3 4 5 6 8 9 10 12 16 17 21 23 26 28 29 30 32 33 34 35 38 39 40 41 44 46 48 49 50 52 53 58 60 62 65 66 68 69 72 75 76 79 83 86 88 90 91 92 95 96 97 98 99 100 102 103 104 108 110 111 112 114 115 117 118 119 122 123 124 125 126 128 132 135 136 137 146 147 148 150 155 156 159 160 163 165 168 169 170 171 172 175 179 181 182 185 186 187 190 191 192 193 196 197 198 201 207 208 212 213 215 219 220 227 229 232 233 234 236 238 239 240 241 245 249 257 258 259 261 262 263 264 265 267 272 273 275 278 281 286 288 290 292 293 294 296 297 228 248 202 274 189 157 209 89 78 276 216 161 246 203 204 214 298 256 54 154 1 130 138 13 14 15 141 142 144 271 20 149 24 42 43 176 180 55 59 61 199 200 73 74 77 206 222 224 231 105 107 116 247 253 205 255 25 27 158 188 285 67 174 71 2 277 289 194 291 164 133 18 282 251 284 94 63 129 131 260 7 266 11 140 268 269 19 22 279 283 31 287 36 295 299 45 183 56 184 70 80 81 82 210 84 87 218 93 230 120 252 254 167 177 64 178 101 134 139 145 151 280 37 166 173 51 85 221 223 225 235 109 237 113 121 250 127 
Number of disconnected nodes: 286
Max available bandwidth: 2700 Kbps
Average throughput: 598.064 Kbps
Throughput to bandwidth ratio: 0.221505
Packet loss percentage: 59.9843%
Average delay: 387.407 ms
Average jitter: 382.958 ms
G_L: 0.0467

Nodes disconnected: 195 0 3 4 5 6 8 9 10 12 16 17 21 23 26 28 29 30 32 33 34 35 38 39 40 41 44 46 48 49 50 52 53 58 60 62 65 66 68 69 72 75 76 79 83 86 88 90 91 92 95 96 97 98 99 100 102 103 104 108 110 111 112 114 115 117 118 119 122 123 124 125 126 128 132 135 136 137 146 147 148 150 155 156 159 160 163 165 168 169 170 171 172 175 179 181 182 185 186 187 190 191 192 193 196 197 198 201 207 208 212 213 215 219 220 227 229 232 233 234 236 238 239 240 241 245 249 257 258 259 261 262 263 264 265 267 272 273 275 278 281 286 288 290 292 293 294 296 297 228 248 202 274 189 157 209 89 78 276 216 161 246 203 204 214 298 256 54 154 1 130 138 13 14 15 141 142 144 271 20 149 24 42 43 176 180 55 59 61 199 200 73 74 77 206 222 224 231 105 107 116 247 253 205 255 25 27 158 188 285 67 174 71 2 277 289 194 291 164 133 18 282 251 284 94 63 129 131 260 7 266 11 140 268 269 19 22 279 283 31 287 36 295 299 45 183 56 184 70 80 81 82 210 84 87 218 93 230 120 252 254 167 177 64 178 101 134 139 145 151 280 37 166 173 51 85 221 223 225 235 109 237 113 121 250 127 153 226 217 106 270 143 47 242 211 243 152 57 
Number of disconnected nodes: 298
Max available bandwidth: 100 Kbps
Average throughput: 46.2144 Kbps
Throughput to bandwidth ratio: 0.462144
Packet loss percentage: 73.6345%
Average delay: 141.522 ms
Average jitter: 273.873 ms
G_L: 0.0067

Nodes disconnected: 195 0 3 4 5 6 8 9 10 12 16 17 21 23 26 28 29 30 32 33 34 35 38 39 40 41 44 46 48 49 50 52 53 58 60 62 65 66 68 69 72 75 76 79 83 86 88 90 91 92 95 96 97 98 99 100 102 103 104 108 110 111 112 114 115 117 118 119 122 123 124 125 126 128 132 135 136 137 146 147 148 150 155 156 159 160 163 165 168 169 170 171 172 175 179 181 182 185 186 187 190 191 192 193 196 197 198 201 207 208 212 213 215 219 220 227 229 232 233 234 236 238 239 240 241 245 249 257 258 259 261 262 263 264 265 267 272 273 275 278 281 286 288 290 292 293 294 296 297 228 248 202 274 189 157 209 89 78 276 216 161 246 203 204 214 298 256 54 154 1 130 138 13 14 15 141 142 144 271 20 149 24 42 43 176 180 55 59 61 199 200 73 74 77 206 222 224 231 105 107 116 247 253 205 255 25 27 158 188 285 67 174 71 2 277 289 194 291 164 133 18 282 251 284 94 63 129 131 260 7 266 11 140 268 269 19 22 279 283 31 287 36 295 299 45 183 56 184 70 80 81 82 210 84 87 218 93 230 120 252 254 167 177 64 178 101 134 139 145 151 280 37 166 173 51 85 221 223 225 235 109 237 113 121 250 127 153 226 217 106 270 143 47 242 211 243 152 57 162 244 
Number of disconnected nodes: 300
Max available bandwidth: 0 Kbps
Average throughput: 0 Kbps
Throughput to bandwidth ratio: -nan
Packet loss percentage: -nan%
Average delay: -nan ms
Average jitter: -nan ms
G_L: 0

