Nodes disconnected: 
Number of disconnected nodes: 0
Max available bandwidth: 33400 Kbps
Average throughput: 25289.2 Kbps
Throughput to bandwidth ratio: 0.757162
Packet loss percentage: 5.68588%
Average delay: 2125.04 ms
Average jitter: 597.51 ms
G_L: 1

Nodes disconnected: 28 46 238 
Number of disconnected nodes: 3
Max available bandwidth: 33200 Kbps
Average throughput: 24976.9 Kbps
Throughput to bandwidth ratio: 0.752315
Packet loss percentage: 6.10397%
Average delay: 2111.43 ms
Average jitter: 595.115 ms
G_L: 0.99

Nodes disconnected: 28 46 238 274 189 
Number of disconnected nodes: 5
Max available bandwidth: 33100 Kbps
Average throughput: 24764.5 Kbps
Throughput to bandwidth ratio: 0.748174
Packet loss percentage: 6.34568%
Average delay: 2148.34 ms
Average jitter: 598.834 ms
G_L: 0.9833

Nodes disconnected: 28 46 238 274 189 263 
Number of disconnected nodes: 6
Max available bandwidth: 33100 Kbps
Average throughput: 24646.1 Kbps
Throughput to bandwidth ratio: 0.744594
Packet loss percentage: 6.42411%
Average delay: 2220.8 ms
Average jitter: 599.463 ms
G_L: 0.98

Nodes disconnected: 28 46 238 274 189 263 181 
Number of disconnected nodes: 7
Max available bandwidth: 33100 Kbps
Average throughput: 24534.7 Kbps
Throughput to bandwidth ratio: 0.741228
Packet loss percentage: 6.51041%
Average delay: 2163.56 ms
Average jitter: 602.013 ms
G_L: 0.9767

Nodes disconnected: 28 46 238 274 189 263 181 10 
Number of disconnected nodes: 8
Max available bandwidth: 33000 Kbps
Average throughput: 24416.7 Kbps
Throughput to bandwidth ratio: 0.739899
Packet loss percentage: 6.64744%
Average delay: 2162.83 ms
Average jitter: 604.761 ms
G_L: 0.9733

Nodes disconnected: 28 46 238 274 189 263 181 10 68 
Number of disconnected nodes: 9
Max available bandwidth: 32900 Kbps
Average throughput: 24346.9 Kbps
Throughput to bandwidth ratio: 0.740028
Packet loss percentage: 6.72263%
Average delay: 2218.65 ms
Average jitter: 607.147 ms
G_L: 0.97

Nodes disconnected: 28 46 238 274 189 263 181 10 68 0 3 4 5 6 8 9 12 16 17 21 23 26 29 30 32 33 34 35 38 39 40 41 44 48 49 50 52 53 58 60 62 65 66 69 72 75 76 79 83 86 88 90 91 92 95 96 97 98 99 100 102 103 104 108 110 111 112 114 115 117 118 119 122 123 124 125 126 128 132 135 136 137 146 147 148 150 155 156 159 160 163 165 168 169 170 171 172 175 179 182 185 186 187 190 191 192 193 195 196 197 198 201 202 207 208 212 213 215 219 220 227 229 232 233 234 236 239 240 241 245 248 249 257 258 259 261 262 264 265 267 272 273 275 278 281 286 288 290 292 293 294 296 297 
Number of disconnected nodes: 153
Max available bandwidth: 15600 Kbps
Average throughput: 9554.79 Kbps
Throughput to bandwidth ratio: 0.612486
Packet loss percentage: 34.7822%
Average delay: 3170.63 ms
Average jitter: 683.322 ms
G_L: 0.49

Nodes disconnected: 28 46 238 274 189 263 181 10 68 0 3 4 5 6 8 9 12 16 17 21 23 26 29 30 32 33 34 35 38 39 40 41 44 48 49 50 52 53 58 60 62 65 66 69 72 75 76 79 83 86 88 90 91 92 95 96 97 98 99 100 102 103 104 108 110 111 112 114 115 117 118 119 122 123 124 125 126 128 132 135 136 137 146 147 148 150 155 156 159 160 163 165 168 169 170 171 172 175 179 182 185 186 187 190 191 192 193 195 196 197 198 201 202 207 208 212 213 215 219 220 227 229 232 233 234 236 239 240 241 245 248 249 257 258 259 261 262 264 265 267 272 273 275 278 281 286 288 290 292 293 294 296 297 299 93 174 254 
Number of disconnected nodes: 157
Max available bandwidth: 15100 Kbps
Average throughput: 9011.59 Kbps
Throughput to bandwidth ratio: 0.596794
Packet loss percentage: 36.2079%
Average delay: 3205.71 ms
Average jitter: 693.552 ms
G_L: 0.4767

Nodes disconnected: 28 46 238 274 189 263 181 10 68 0 3 4 5 6 8 9 12 16 17 21 23 26 29 30 32 33 34 35 38 39 40 41 44 48 49 50 52 53 58 60 62 65 66 69 72 75 76 79 83 86 88 90 91 92 95 96 97 98 99 100 102 103 104 108 110 111 112 114 115 117 118 119 122 123 124 125 126 128 132 135 136 137 146 147 148 150 155 156 159 160 163 165 168 169 170 171 172 175 179 182 185 186 187 190 191 192 193 195 196 197 198 201 202 207 208 212 213 215 219 220 227 229 232 233 234 236 239 240 241 245 248 249 257 258 259 261 262 264 265 267 272 273 275 278 281 286 288 290 292 293 294 296 297 299 93 174 254 64 37 134 184 221 
Number of disconnected nodes: 162
Max available bandwidth: 14600 Kbps
Average throughput: 8684.34 Kbps
Throughput to bandwidth ratio: 0.594818
Packet loss percentage: 37.8976%
Average delay: 3126.96 ms
Average jitter: 653.147 ms
G_L: 0.46

Nodes disconnected: 28 46 238 274 189 263 181 10 68 0 3 4 5 6 8 9 12 16 17 21 23 26 29 30 32 33 34 35 38 39 40 41 44 48 49 50 52 53 58 60 62 65 66 69 72 75 76 79 83 86 88 90 91 92 95 96 97 98 99 100 102 103 104 108 110 111 112 114 115 117 118 119 122 123 124 125 126 128 132 135 136 137 146 147 148 150 155 156 159 160 163 165 168 169 170 171 172 175 179 182 185 186 187 190 191 192 193 195 196 197 198 201 202 207 208 212 213 215 219 220 227 229 232 233 234 236 239 240 241 245 248 249 257 258 259 261 262 264 265 267 272 273 275 278 281 286 288 290 292 293 294 296 297 299 93 174 254 64 37 134 184 221 78 
Number of disconnected nodes: 163
Max available bandwidth: 14500 Kbps
Average throughput: 8598.25 Kbps
Throughput to bandwidth ratio: 0.592983
Packet loss percentage: 37.7132%
Average delay: 3085.08 ms
Average jitter: 658.273 ms
G_L: 0.4567

Nodes disconnected: 28 46 238 274 189 263 181 10 68 0 3 4 5 6 8 9 12 16 17 21 23 26 29 30 32 33 34 35 38 39 40 41 44 48 49 50 52 53 58 60 62 65 66 69 72 75 76 79 83 86 88 90 91 92 95 96 97 98 99 100 102 103 104 108 110 111 112 114 115 117 118 119 122 123 124 125 126 128 132 135 136 137 146 147 148 150 155 156 159 160 163 165 168 169 170 171 172 175 179 182 185 186 187 190 191 192 193 195 196 197 198 201 202 207 208 212 213 215 219 220 227 229 232 233 234 236 239 240 241 245 248 249 257 258 259 261 262 264 265 267 272 273 275 278 281 286 288 290 292 293 294 296 297 299 93 174 254 64 37 134 184 221 78 113 2 277 173 
Number of disconnected nodes: 167
Max available bandwidth: 14100 Kbps
Average throughput: 8433.49 Kbps
Throughput to bandwidth ratio: 0.59812
Packet loss percentage: 36.9204%
Average delay: 3314.65 ms
Average jitter: 653.798 ms
G_L: 0.4433

Nodes disconnected: 28 46 238 274 189 263 181 10 68 0 3 4 5 6 8 9 12 16 17 21 23 26 29 30 32 33 34 35 38 39 40 41 44 48 49 50 52 53 58 60 62 65 66 69 72 75 76 79 83 86 88 90 91 92 95 96 97 98 99 100 102 103 104 108 110 111 112 114 115 117 118 119 122 123 124 125 126 128 132 135 136 137 146 147 148 150 155 156 159 160 163 165 168 169 170 171 172 175 179 182 185 186 187 190 191 192 193 195 196 197 198 201 202 207 208 212 213 215 219 220 227 229 232 233 234 236 239 240 241 245 248 249 257 258 259 261 262 264 265 267 272 273 275 278 281 286 288 290 292 293 294 296 297 299 93 174 254 64 37 134 184 221 78 113 2 277 173 141 
Number of disconnected nodes: 168
Max available bandwidth: 14000 Kbps
Average throughput: 8414.38 Kbps
Throughput to bandwidth ratio: 0.601027
Packet loss percentage: 37.1515%
Average delay: 3020.97 ms
Average jitter: 633.596 ms
G_L: 0.44

Nodes disconnected: 28 46 238 274 189 263 181 10 68 0 3 4 5 6 8 9 12 16 17 21 23 26 29 30 32 33 34 35 38 39 40 41 44 48 49 50 52 53 58 60 62 65 66 69 72 75 76 79 83 86 88 90 91 92 95 96 97 98 99 100 102 103 104 108 110 111 112 114 115 117 118 119 122 123 124 125 126 128 132 135 136 137 146 147 148 150 155 156 159 160 163 165 168 169 170 171 172 175 179 182 185 186 187 190 191 192 193 195 196 197 198 201 202 207 208 212 213 215 219 220 227 229 232 233 234 236 239 240 241 245 248 249 257 258 259 261 262 264 265 267 272 273 275 278 281 286 288 290 292 293 294 296 297 299 93 174 254 64 37 134 184 221 78 113 2 277 173 141 47 
Number of disconnected nodes: 169
Max available bandwidth: 13900 Kbps
Average throughput: 8330.58 Kbps
Throughput to bandwidth ratio: 0.599323
Packet loss percentage: 37.2997%
Average delay: 3031.48 ms
Average jitter: 634.423 ms
G_L: 0.4367

Nodes disconnected: 28 46 238 274 189 263 181 10 68 0 3 4 5 6 8 9 12 16 17 21 23 26 29 30 32 33 34 35 38 39 40 41 44 48 49 50 52 53 58 60 62 65 66 69 72 75 76 79 83 86 88 90 91 92 95 96 97 98 99 100 102 103 104 108 110 111 112 114 115 117 118 119 122 123 124 125 126 128 132 135 136 137 146 147 148 150 155 156 159 160 163 165 168 169 170 171 172 175 179 182 185 186 187 190 191 192 193 195 196 197 198 201 202 207 208 212 213 215 219 220 227 229 232 233 234 236 239 240 241 245 248 249 257 258 259 261 262 264 265 267 272 273 275 278 281 286 288 290 292 293 294 296 297 299 93 174 254 64 37 134 184 221 78 113 2 277 173 141 47 242 
Number of disconnected nodes: 170
Max available bandwidth: 13800 Kbps
Average throughput: 8279.43 Kbps
Throughput to bandwidth ratio: 0.599959
Packet loss percentage: 37.1517%
Average delay: 3076.52 ms
Average jitter: 653.254 ms
G_L: 0.4333

Nodes disconnected: 28 46 238 274 189 263 181 10 68 0 3 4 5 6 8 9 12 16 17 21 23 26 29 30 32 33 34 35 38 39 40 41 44 48 49 50 52 53 58 60 62 65 66 69 72 75 76 79 83 86 88 90 91 92 95 96 97 98 99 100 102 103 104 108 110 111 112 114 115 117 118 119 122 123 124 125 126 128 132 135 136 137 146 147 148 150 155 156 159 160 163 165 168 169 170 171 172 175 179 182 185 186 187 190 191 192 193 195 196 197 198 201 202 207 208 212 213 215 219 220 227 229 232 233 234 236 239 240 241 245 248 249 257 258 259 261 262 264 265 267 272 273 275 278 281 286 288 290 292 293 294 296 297 299 93 174 254 64 37 134 184 221 78 113 2 277 173 141 47 242 11 
Number of disconnected nodes: 171
Max available bandwidth: 13600 Kbps
Average throughput: 8297.17 Kbps
Throughput to bandwidth ratio: 0.610086
Packet loss percentage: 36.7513%
Average delay: 3220.77 ms
Average jitter: 657.686 ms
G_L: 0.43

Nodes disconnected: 28 46 238 274 189 263 181 10 68 0 3 4 5 6 8 9 12 16 17 21 23 26 29 30 32 33 34 35 38 39 40 41 44 48 49 50 52 53 58 60 62 65 66 69 72 75 76 79 83 86 88 90 91 92 95 96 97 98 99 100 102 103 104 108 110 111 112 114 115 117 118 119 122 123 124 125 126 128 132 135 136 137 146 147 148 150 155 156 159 160 163 165 168 169 170 171 172 175 179 182 185 186 187 190 191 192 193 195 196 197 198 201 202 207 208 212 213 215 219 220 227 229 232 233 234 236 239 240 241 245 248 249 257 258 259 261 262 264 265 267 272 273 275 278 281 286 288 290 292 293 294 296 297 299 93 174 254 64 37 134 184 221 78 113 2 277 173 141 47 242 11 121 
Number of disconnected nodes: 172
Max available bandwidth: 13500 Kbps
Average throughput: 8233.62 Kbps
Throughput to bandwidth ratio: 0.609898
Packet loss percentage: 36.856%
Average delay: 3297.5 ms
Average jitter: 663.43 ms
G_L: 0.4267

Nodes disconnected: 28 46 238 274 189 263 181 10 68 0 3 4 5 6 8 9 12 16 17 21 23 26 29 30 32 33 34 35 38 39 40 41 44 48 49 50 52 53 58 60 62 65 66 69 72 75 76 79 83 86 88 90 91 92 95 96 97 98 99 100 102 103 104 108 110 111 112 114 115 117 118 119 122 123 124 125 126 128 132 135 136 137 146 147 148 150 155 156 159 160 163 165 168 169 170 171 172 175 179 182 185 186 187 190 191 192 193 195 196 197 198 201 202 207 208 212 213 215 219 220 227 229 232 233 234 236 239 240 241 245 248 249 257 258 259 261 262 264 265 267 272 273 275 278 281 286 288 290 292 293 294 296 297 299 93 174 254 64 37 134 184 221 78 113 2 277 173 141 47 242 11 121 210 
Number of disconnected nodes: 173
Max available bandwidth: 13500 Kbps
Average throughput: 8099.51 Kbps
Throughput to bandwidth ratio: 0.599963
Packet loss percentage: 37.0624%
Average delay: 3345.52 ms
Average jitter: 654.708 ms
G_L: 0.4233

Nodes disconnected: 28 46 238 274 189 263 181 10 68 0 3 4 5 6 8 9 12 16 17 21 23 26 29 30 32 33 34 35 38 39 40 41 44 48 49 50 52 53 58 60 62 65 66 69 72 75 76 79 83 86 88 90 91 92 95 96 97 98 99 100 102 103 104 108 110 111 112 114 115 117 118 119 122 123 124 125 126 128 132 135 136 137 146 147 148 150 155 156 159 160 163 165 168 169 170 171 172 175 179 182 185 186 187 190 191 192 193 195 196 197 198 201 202 207 208 212 213 215 219 220 227 229 232 233 234 236 239 240 241 245 248 249 257 258 259 261 262 264 265 267 272 273 275 278 281 286 288 290 292 293 294 296 297 299 93 174 254 64 37 134 184 221 78 113 2 277 173 141 47 242 11 121 210 269 
Number of disconnected nodes: 174
Max available bandwidth: 13500 Kbps
Average throughput: 7934 Kbps
Throughput to bandwidth ratio: 0.587703
Packet loss percentage: 37.7289%
Average delay: 3455.89 ms
Average jitter: 686.937 ms
G_L: 0.42

Nodes disconnected: 28 46 238 274 189 263 181 10 68 0 3 4 5 6 8 9 12 16 17 21 23 26 29 30 32 33 34 35 38 39 40 41 44 48 49 50 52 53 58 60 62 65 66 69 72 75 76 79 83 86 88 90 91 92 95 96 97 98 99 100 102 103 104 108 110 111 112 114 115 117 118 119 122 123 124 125 126 128 132 135 136 137 146 147 148 150 155 156 159 160 163 165 168 169 170 171 172 175 179 182 185 186 187 190 191 192 193 195 196 197 198 201 202 207 208 212 213 215 219 220 227 229 232 233 234 236 239 240 241 245 248 249 257 258 259 261 262 264 265 267 272 273 275 278 281 286 288 290 292 293 294 296 297 299 93 174 254 64 37 134 184 221 78 113 2 277 173 141 47 242 11 121 210 269 200 130 20 
Number of disconnected nodes: 177
Max available bandwidth: 13200 Kbps
Average throughput: 7657.48 Kbps
Throughput to bandwidth ratio: 0.580112
Packet loss percentage: 38.7001%
Average delay: 3341.21 ms
Average jitter: 676.91 ms
G_L: 0.41

Nodes disconnected: 28 46 238 274 189 263 181 10 68 0 3 4 5 6 8 9 12 16 17 21 23 26 29 30 32 33 34 35 38 39 40 41 44 48 49 50 52 53 58 60 62 65 66 69 72 75 76 79 83 86 88 90 91 92 95 96 97 98 99 100 102 103 104 108 110 111 112 114 115 117 118 119 122 123 124 125 126 128 132 135 136 137 146 147 148 150 155 156 159 160 163 165 168 169 170 171 172 175 179 182 185 186 187 190 191 192 193 195 196 197 198 201 202 207 208 212 213 215 219 220 227 229 232 233 234 236 239 240 241 245 248 249 257 258 259 261 262 264 265 267 272 273 275 278 281 286 288 290 292 293 294 296 297 299 93 174 254 64 37 134 184 221 78 113 2 277 173 141 47 242 11 121 210 269 200 130 20 54 
Number of disconnected nodes: 178
Max available bandwidth: 13100 Kbps
Average throughput: 7608.02 Kbps
Throughput to bandwidth ratio: 0.580765
Packet loss percentage: 38.7674%
Average delay: 3267.62 ms
Average jitter: 670.489 ms
G_L: 0.4067

Nodes disconnected: 28 46 238 274 189 263 181 10 68 0 3 4 5 6 8 9 12 16 17 21 23 26 29 30 32 33 34 35 38 39 40 41 44 48 49 50 52 53 58 60 62 65 66 69 72 75 76 79 83 86 88 90 91 92 95 96 97 98 99 100 102 103 104 108 110 111 112 114 115 117 118 119 122 123 124 125 126 128 132 135 136 137 146 147 148 150 155 156 159 160 163 165 168 169 170 171 172 175 179 182 185 186 187 190 191 192 193 195 196 197 198 201 202 207 208 212 213 215 219 220 227 229 232 233 234 236 239 240 241 245 248 249 257 258 259 261 262 264 265 267 272 273 275 278 281 286 288 290 292 293 294 296 297 299 93 174 254 64 37 134 184 221 78 113 2 277 173 141 47 242 11 121 210 269 200 130 20 54 194 291 284 
Number of disconnected nodes: 181
Max available bandwidth: 12900 Kbps
Average throughput: 7424.78 Kbps
Throughput to bandwidth ratio: 0.575564
Packet loss percentage: 38.9106%
Average delay: 3191.53 ms
Average jitter: 659.396 ms
G_L: 0.3967

Nodes disconnected: 28 46 238 274 189 263 181 10 68 0 3 4 5 6 8 9 12 16 17 21 23 26 29 30 32 33 34 35 38 39 40 41 44 48 49 50 52 53 58 60 62 65 66 69 72 75 76 79 83 86 88 90 91 92 95 96 97 98 99 100 102 103 104 108 110 111 112 114 115 117 118 119 122 123 124 125 126 128 132 135 136 137 146 147 148 150 155 156 159 160 163 165 168 169 170 171 172 175 179 182 185 186 187 190 191 192 193 195 196 197 198 201 202 207 208 212 213 215 219 220 227 229 232 233 234 236 239 240 241 245 248 249 257 258 259 261 262 264 265 267 272 273 275 278 281 286 288 290 292 293 294 296 297 299 93 174 254 64 37 134 184 221 78 113 2 277 173 141 47 242 11 121 210 269 200 130 20 54 194 291 284 164 
Number of disconnected nodes: 182
Max available bandwidth: 12700 Kbps
Average throughput: 7319.73 Kbps
Throughput to bandwidth ratio: 0.576357
Packet loss percentage: 39.2073%
Average delay: 3050.66 ms
Average jitter: 656.334 ms
G_L: 0.3933

Nodes disconnected: 28 46 238 274 189 263 181 10 68 0 3 4 5 6 8 9 12 16 17 21 23 26 29 30 32 33 34 35 38 39 40 41 44 48 49 50 52 53 58 60 62 65 66 69 72 75 76 79 83 86 88 90 91 92 95 96 97 98 99 100 102 103 104 108 110 111 112 114 115 117 118 119 122 123 124 125 126 128 132 135 136 137 146 147 148 150 155 156 159 160 163 165 168 169 170 171 172 175 179 182 185 186 187 190 191 192 193 195 196 197 198 201 202 207 208 212 213 215 219 220 227 229 232 233 234 236 239 240 241 245 248 249 257 258 259 261 262 264 265 267 272 273 275 278 281 286 288 290 292 293 294 296 297 299 93 174 254 64 37 134 184 221 78 113 2 277 173 141 47 242 11 121 210 269 200 130 20 54 194 291 284 164 161 36 228 138 266 298 18 180 22 
Number of disconnected nodes: 191
Max available bandwidth: 12000 Kbps
Average throughput: 6801.83 Kbps
Throughput to bandwidth ratio: 0.566819
Packet loss percentage: 39.9197%
Average delay: 2955.97 ms
Average jitter: 632.414 ms
G_L: 0.3633

Nodes disconnected: 28 46 238 274 189 263 181 10 68 0 3 4 5 6 8 9 12 16 17 21 23 26 29 30 32 33 34 35 38 39 40 41 44 48 49 50 52 53 58 60 62 65 66 69 72 75 76 79 83 86 88 90 91 92 95 96 97 98 99 100 102 103 104 108 110 111 112 114 115 117 118 119 122 123 124 125 126 128 132 135 136 137 146 147 148 150 155 156 159 160 163 165 168 169 170 171 172 175 179 182 185 186 187 190 191 192 193 195 196 197 198 201 202 207 208 212 213 215 219 220 227 229 232 233 234 236 239 240 241 245 248 249 257 258 259 261 262 264 265 267 272 273 275 278 281 286 288 290 292 293 294 296 297 299 93 174 254 64 37 134 184 221 78 113 2 277 173 141 47 242 11 121 210 269 200 130 20 54 194 291 284 164 161 36 228 138 266 298 18 180 22 1 13 14 15 142 144 271 149 24 157 42 43 176 55 59 61 199 73 74 77 206 222 224 231 105 107 116 246 247 253 
Number of disconnected nodes: 221
Max available bandwidth: 8800 Kbps
Average throughput: 4544.74 Kbps
Throughput to bandwidth ratio: 0.516448
Packet loss percentage: 47.8686%
Average delay: 1844.85 ms
Average jitter: 485.665 ms
G_L: 0.2633

Nodes disconnected: 28 46 238 274 189 263 181 10 68 0 3 4 5 6 8 9 12 16 17 21 23 26 29 30 32 33 34 35 38 39 40 41 44 48 49 50 52 53 58 60 62 65 66 69 72 75 76 79 83 86 88 90 91 92 95 96 97 98 99 100 102 103 104 108 110 111 112 114 115 117 118 119 122 123 124 125 126 128 132 135 136 137 146 147 148 150 155 156 159 160 163 165 168 169 170 171 172 175 179 182 185 186 187 190 191 192 193 195 196 197 198 201 202 207 208 212 213 215 219 220 227 229 232 233 234 236 239 240 241 245 248 249 257 258 259 261 262 264 265 267 272 273 275 278 281 286 288 290 292 293 294 296 297 299 93 174 254 64 37 134 184 221 78 113 2 277 173 141 47 242 11 121 210 269 200 130 20 54 194 291 284 164 161 36 228 138 266 298 18 180 22 1 13 14 15 142 144 271 149 24 157 42 43 176 55 59 61 199 73 74 77 206 222 224 231 105 107 116 246 247 253 67 71 
Number of disconnected nodes: 223
Max available bandwidth: 8700 Kbps
Average throughput: 4446.39 Kbps
Throughput to bandwidth ratio: 0.511079
Packet loss percentage: 47.53%
Average delay: 1610.17 ms
Average jitter: 496.231 ms
G_L: 0.2567

Nodes disconnected: 28 46 238 274 189 263 181 10 68 0 3 4 5 6 8 9 12 16 17 21 23 26 29 30 32 33 34 35 38 39 40 41 44 48 49 50 52 53 58 60 62 65 66 69 72 75 76 79 83 86 88 90 91 92 95 96 97 98 99 100 102 103 104 108 110 111 112 114 115 117 118 119 122 123 124 125 126 128 132 135 136 137 146 147 148 150 155 156 159 160 163 165 168 169 170 171 172 175 179 182 185 186 187 190 191 192 193 195 196 197 198 201 202 207 208 212 213 215 219 220 227 229 232 233 234 236 239 240 241 245 248 249 257 258 259 261 262 264 265 267 272 273 275 278 281 286 288 290 292 293 294 296 297 299 93 174 254 64 37 134 184 221 78 113 2 277 173 141 47 242 11 121 210 269 200 130 20 54 194 291 284 164 161 36 228 138 266 298 18 180 22 1 13 14 15 142 144 271 149 24 157 42 43 176 55 59 61 199 73 74 77 206 222 224 231 105 107 116 246 247 253 67 71 216 289 188 167 
Number of disconnected nodes: 227
Max available bandwidth: 8400 Kbps
Average throughput: 4162.11 Kbps
Throughput to bandwidth ratio: 0.495489
Packet loss percentage: 47.6198%
Average delay: 1620.5 ms
Average jitter: 510.173 ms
G_L: 0.2433

Nodes disconnected: 28 46 238 274 189 263 181 10 68 0 3 4 5 6 8 9 12 16 17 21 23 26 29 30 32 33 34 35 38 39 40 41 44 48 49 50 52 53 58 60 62 65 66 69 72 75 76 79 83 86 88 90 91 92 95 96 97 98 99 100 102 103 104 108 110 111 112 114 115 117 118 119 122 123 124 125 126 128 132 135 136 137 146 147 148 150 155 156 159 160 163 165 168 169 170 171 172 175 179 182 185 186 187 190 191 192 193 195 196 197 198 201 202 207 208 212 213 215 219 220 227 229 232 233 234 236 239 240 241 245 248 249 257 258 259 261 262 264 265 267 272 273 275 278 281 286 288 290 292 293 294 296 297 299 93 174 254 64 37 134 184 221 78 113 2 277 173 141 47 242 11 121 210 269 200 130 20 54 194 291 284 164 161 36 228 138 266 298 18 180 22 1 13 14 15 142 144 271 149 24 157 42 43 176 55 59 61 199 73 74 77 206 222 224 231 105 107 116 246 247 253 67 71 216 289 188 167 225 131 70 230 
Number of disconnected nodes: 231
Max available bandwidth: 8200 Kbps
Average throughput: 3921.34 Kbps
Throughput to bandwidth ratio: 0.478212
Packet loss percentage: 48.5235%
Average delay: 1637.6 ms
Average jitter: 489.492 ms
G_L: 0.23

Nodes disconnected: 28 46 238 274 189 263 181 10 68 0 3 4 5 6 8 9 12 16 17 21 23 26 29 30 32 33 34 35 38 39 40 41 44 48 49 50 52 53 58 60 62 65 66 69 72 75 76 79 83 86 88 90 91 92 95 96 97 98 99 100 102 103 104 108 110 111 112 114 115 117 118 119 122 123 124 125 126 128 132 135 136 137 146 147 148 150 155 156 159 160 163 165 168 169 170 171 172 175 179 182 185 186 187 190 191 192 193 195 196 197 198 201 202 207 208 212 213 215 219 220 227 229 232 233 234 236 239 240 241 245 248 249 257 258 259 261 262 264 265 267 272 273 275 278 281 286 288 290 292 293 294 296 297 299 93 174 254 64 37 134 184 221 78 113 2 277 173 141 47 242 11 121 210 269 200 130 20 54 194 291 284 164 161 36 228 138 266 298 18 180 22 1 13 14 15 142 144 271 149 24 157 42 43 176 55 59 61 199 73 74 77 206 222 224 231 105 107 116 246 247 253 67 71 216 289 188 167 225 131 70 230 203 276 89 282 63 223 
Number of disconnected nodes: 237
Max available bandwidth: 7700 Kbps
Average throughput: 3595.73 Kbps
Throughput to bandwidth ratio: 0.466978
Packet loss percentage: 48.247%
Average delay: 1798.61 ms
Average jitter: 507.854 ms
G_L: 0.21

Nodes disconnected: 28 46 238 274 189 263 181 10 68 0 3 4 5 6 8 9 12 16 17 21 23 26 29 30 32 33 34 35 38 39 40 41 44 48 49 50 52 53 58 60 62 65 66 69 72 75 76 79 83 86 88 90 91 92 95 96 97 98 99 100 102 103 104 108 110 111 112 114 115 117 118 119 122 123 124 125 126 128 132 135 136 137 146 147 148 150 155 156 159 160 163 165 168 169 170 171 172 175 179 182 185 186 187 190 191 192 193 195 196 197 198 201 202 207 208 212 213 215 219 220 227 229 232 233 234 236 239 240 241 245 248 249 257 258 259 261 262 264 265 267 272 273 275 278 281 286 288 290 292 293 294 296 297 299 93 174 254 64 37 134 184 221 78 113 2 277 173 141 47 242 11 121 210 269 200 130 20 54 194 291 284 164 161 36 228 138 266 298 18 180 22 1 13 14 15 142 144 271 149 24 157 42 43 176 55 59 61 199 73 74 77 206 222 224 231 105 107 116 246 247 253 67 71 216 289 188 167 225 131 70 230 203 276 89 282 63 223 133 204 268 80 82 214 250 27 
Number of disconnected nodes: 245
Max available bandwidth: 7100 Kbps
Average throughput: 3099.01 Kbps
Throughput to bandwidth ratio: 0.43648
Packet loss percentage: 49.6726%
Average delay: 1774.57 ms
Average jitter: 476.738 ms
G_L: 0.1833

Nodes disconnected: 28 46 238 274 189 263 181 10 68 0 3 4 5 6 8 9 12 16 17 21 23 26 29 30 32 33 34 35 38 39 40 41 44 48 49 50 52 53 58 60 62 65 66 69 72 75 76 79 83 86 88 90 91 92 95 96 97 98 99 100 102 103 104 108 110 111 112 114 115 117 118 119 122 123 124 125 126 128 132 135 136 137 146 147 148 150 155 156 159 160 163 165 168 169 170 171 172 175 179 182 185 186 187 190 191 192 193 195 196 197 198 201 202 207 208 212 213 215 219 220 227 229 232 233 234 236 239 240 241 245 248 249 257 258 259 261 262 264 265 267 272 273 275 278 281 286 288 290 292 293 294 296 297 299 93 174 254 64 37 134 184 221 78 113 2 277 173 141 47 242 11 121 210 269 200 130 20 54 194 291 284 164 161 36 228 138 266 298 18 180 22 1 13 14 15 142 144 271 149 24 157 42 43 176 55 59 61 199 73 74 77 206 222 224 231 105 107 116 246 247 253 67 71 216 289 188 167 225 131 70 230 203 276 89 282 63 223 133 204 268 80 82 214 250 27 256 129 255 260 7 139 140 270 143 145 19 151 152 25 153 154 279 280 158 31 283 285 162 287 166 295 45 177 178 51 183 56 57 205 81 209 211 84 85 87 217 218 94 226 101 106 235 109 237 243 244 120 251 252 127 
Number of disconnected nodes: 300
Max available bandwidth: 0 Kbps
Average throughput: 0 Kbps
Throughput to bandwidth ratio: -nan
Packet loss percentage: -nan%
Average delay: -nan ms
Average jitter: -nan ms
G_L: 0

