Nodes disconnected: 
Number of disconnected nodes: 0
Max available bandwidth: 33400 Kbps
Average throughput: 25289.2 Kbps
Throughput to bandwidth ratio: 0.757162
Packet loss percentage: 5.68588%
Average delay: 2125.04 ms
Average jitter: 597.51 ms
G_L: 1

Nodes disconnected: 163 
Number of disconnected nodes: 1
Max available bandwidth: 33400 Kbps
Average throughput: 25167.4 Kbps
Throughput to bandwidth ratio: 0.753515
Packet loss percentage: 5.81393%
Average delay: 2141.35 ms
Average jitter: 599.178 ms
G_L: 0.9967

Nodes disconnected: 163 248 
Number of disconnected nodes: 2
Max available bandwidth: 33400 Kbps
Average throughput: 25101.8 Kbps
Throughput to bandwidth ratio: 0.75155
Packet loss percentage: 5.78325%
Average delay: 2140.39 ms
Average jitter: 599.784 ms
G_L: 0.9933

Nodes disconnected: 163 248 235 
Number of disconnected nodes: 3
Max available bandwidth: 33300 Kbps
Average throughput: 25042.1 Kbps
Throughput to bandwidth ratio: 0.752014
Packet loss percentage: 5.84946%
Average delay: 2168.99 ms
Average jitter: 594.706 ms
G_L: 0.99

Nodes disconnected: 163 248 235 127 
Number of disconnected nodes: 4
Max available bandwidth: 33300 Kbps
Average throughput: 24939.9 Kbps
Throughput to bandwidth ratio: 0.748947
Packet loss percentage: 5.93871%
Average delay: 2175.55 ms
Average jitter: 596.574 ms
G_L: 0.9867

Nodes disconnected: 163 248 235 127 46 28 238 
Number of disconnected nodes: 7
Max available bandwidth: 33100 Kbps
Average throughput: 24684.7 Kbps
Throughput to bandwidth ratio: 0.745763
Packet loss percentage: 6.35669%
Average delay: 2125.98 ms
Average jitter: 591.794 ms
G_L: 0.9767

Nodes disconnected: 163 248 235 127 46 28 238 221 
Number of disconnected nodes: 8
Max available bandwidth: 33100 Kbps
Average throughput: 24621.7 Kbps
Throughput to bandwidth ratio: 0.743858
Packet loss percentage: 6.42128%
Average delay: 2175.78 ms
Average jitter: 589.975 ms
G_L: 0.9733

Nodes disconnected: 163 248 235 127 46 28 238 221 8 
Number of disconnected nodes: 9
Max available bandwidth: 33000 Kbps
Average throughput: 24524.7 Kbps
Throughput to bandwidth ratio: 0.743173
Packet loss percentage: 6.47363%
Average delay: 2168.27 ms
Average jitter: 589.145 ms
G_L: 0.97

Nodes disconnected: 163 248 235 127 46 28 238 221 8 0 3 4 5 6 9 10 12 16 17 21 23 26 29 30 32 33 34 35 38 39 40 41 44 48 49 50 52 53 58 60 62 65 66 68 69 72 75 76 79 83 86 88 90 91 92 95 96 97 98 99 100 102 103 104 108 110 111 112 114 115 117 118 119 122 123 124 125 126 128 132 135 136 137 146 147 148 150 155 156 159 160 165 168 169 170 171 172 175 179 181 182 185 186 187 190 191 192 193 195 196 197 198 201 207 208 212 213 215 219 220 227 229 232 233 234 236 239 240 241 245 249 257 258 259 261 262 263 264 265 267 272 273 275 278 281 286 288 290 292 293 294 296 297 
Number of disconnected nodes: 153
Max available bandwidth: 15800 Kbps
Average throughput: 9518.33 Kbps
Throughput to bandwidth ratio: 0.602426
Packet loss percentage: 35.1099%
Average delay: 3447.33 ms
Average jitter: 684.287 ms
G_L: 0.49

Nodes disconnected: 163 248 235 127 46 28 238 221 8 0 3 4 5 6 9 10 12 16 17 21 23 26 29 30 32 33 34 35 38 39 40 41 44 48 49 50 52 53 58 60 62 65 66 68 69 72 75 76 79 83 86 88 90 91 92 95 96 97 98 99 100 102 103 104 108 110 111 112 114 115 117 118 119 122 123 124 125 126 128 132 135 136 137 146 147 148 150 155 156 159 160 165 168 169 170 171 172 175 179 181 182 185 186 187 190 191 192 193 195 196 197 198 201 207 208 212 213 215 219 220 227 229 232 233 234 236 239 240 241 245 249 257 258 259 261 262 263 264 265 267 272 273 275 278 281 286 288 290 292 293 294 296 297 251 
Number of disconnected nodes: 154
Max available bandwidth: 15800 Kbps
Average throughput: 9473.27 Kbps
Throughput to bandwidth ratio: 0.599574
Packet loss percentage: 35.3014%
Average delay: 3295.92 ms
Average jitter: 674.517 ms
G_L: 0.4867

Nodes disconnected: 163 248 235 127 46 28 238 221 8 0 3 4 5 6 9 10 12 16 17 21 23 26 29 30 32 33 34 35 38 39 40 41 44 48 49 50 52 53 58 60 62 65 66 68 69 72 75 76 79 83 86 88 90 91 92 95 96 97 98 99 100 102 103 104 108 110 111 112 114 115 117 118 119 122 123 124 125 126 128 132 135 136 137 146 147 148 150 155 156 159 160 165 168 169 170 171 172 175 179 181 182 185 186 187 190 191 192 193 195 196 197 198 201 207 208 212 213 215 219 220 227 229 232 233 234 236 239 240 241 245 249 257 258 259 261 262 263 264 265 267 272 273 275 278 281 286 288 290 292 293 294 296 297 251 42 
Number of disconnected nodes: 155
Max available bandwidth: 15700 Kbps
Average throughput: 9338.76 Kbps
Throughput to bandwidth ratio: 0.594826
Packet loss percentage: 35.5426%
Average delay: 3345.28 ms
Average jitter: 689.097 ms
G_L: 0.4833

Nodes disconnected: 163 248 235 127 46 28 238 221 8 0 3 4 5 6 9 10 12 16 17 21 23 26 29 30 32 33 34 35 38 39 40 41 44 48 49 50 52 53 58 60 62 65 66 68 69 72 75 76 79 83 86 88 90 91 92 95 96 97 98 99 100 102 103 104 108 110 111 112 114 115 117 118 119 122 123 124 125 126 128 132 135 136 137 146 147 148 150 155 156 159 160 165 168 169 170 171 172 175 179 181 182 185 186 187 190 191 192 193 195 196 197 198 201 207 208 212 213 215 219 220 227 229 232 233 234 236 239 240 241 245 249 257 258 259 261 262 263 264 265 267 272 273 275 278 281 286 288 290 292 293 294 296 297 251 42 154 
Number of disconnected nodes: 156
Max available bandwidth: 15600 Kbps
Average throughput: 9221.94 Kbps
Throughput to bandwidth ratio: 0.59115
Packet loss percentage: 35.9336%
Average delay: 3427.28 ms
Average jitter: 696.717 ms
G_L: 0.48

Nodes disconnected: 163 248 235 127 46 28 238 221 8 0 3 4 5 6 9 10 12 16 17 21 23 26 29 30 32 33 34 35 38 39 40 41 44 48 49 50 52 53 58 60 62 65 66 68 69 72 75 76 79 83 86 88 90 91 92 95 96 97 98 99 100 102 103 104 108 110 111 112 114 115 117 118 119 122 123 124 125 126 128 132 135 136 137 146 147 148 150 155 156 159 160 165 168 169 170 171 172 175 179 181 182 185 186 187 190 191 192 193 195 196 197 198 201 207 208 212 213 215 219 220 227 229 232 233 234 236 239 240 241 245 249 257 258 259 261 262 263 264 265 267 272 273 275 278 281 286 288 290 292 293 294 296 297 251 42 154 202 
Number of disconnected nodes: 157
Max available bandwidth: 15400 Kbps
Average throughput: 9282.82 Kbps
Throughput to bandwidth ratio: 0.60278
Packet loss percentage: 35.7292%
Average delay: 3169.55 ms
Average jitter: 675.925 ms
G_L: 0.4767

Nodes disconnected: 163 248 235 127 46 28 238 221 8 0 3 4 5 6 9 10 12 16 17 21 23 26 29 30 32 33 34 35 38 39 40 41 44 48 49 50 52 53 58 60 62 65 66 68 69 72 75 76 79 83 86 88 90 91 92 95 96 97 98 99 100 102 103 104 108 110 111 112 114 115 117 118 119 122 123 124 125 126 128 132 135 136 137 146 147 148 150 155 156 159 160 165 168 169 170 171 172 175 179 181 182 185 186 187 190 191 192 193 195 196 197 198 201 207 208 212 213 215 219 220 227 229 232 233 234 236 239 240 241 245 249 257 258 259 261 262 263 264 265 267 272 273 275 278 281 286 288 290 292 293 294 296 297 251 42 154 202 203 204 214 
Number of disconnected nodes: 160
Max available bandwidth: 15100 Kbps
Average throughput: 9001.53 Kbps
Throughput to bandwidth ratio: 0.596128
Packet loss percentage: 36.4895%
Average delay: 3280.08 ms
Average jitter: 693.589 ms
G_L: 0.4667

Nodes disconnected: 163 248 235 127 46 28 238 221 8 0 3 4 5 6 9 10 12 16 17 21 23 26 29 30 32 33 34 35 38 39 40 41 44 48 49 50 52 53 58 60 62 65 66 68 69 72 75 76 79 83 86 88 90 91 92 95 96 97 98 99 100 102 103 104 108 110 111 112 114 115 117 118 119 122 123 124 125 126 128 132 135 136 137 146 147 148 150 155 156 159 160 165 168 169 170 171 172 175 179 181 182 185 186 187 190 191 192 193 195 196 197 198 201 207 208 212 213 215 219 220 227 229 232 233 234 236 239 240 241 245 249 257 258 259 261 262 263 264 265 267 272 273 275 278 281 286 288 290 292 293 294 296 297 251 42 154 202 203 204 214 254 
Number of disconnected nodes: 161
Max available bandwidth: 15100 Kbps
Average throughput: 8848.62 Kbps
Throughput to bandwidth ratio: 0.586001
Packet loss percentage: 36.9891%
Average delay: 3302.29 ms
Average jitter: 713.08 ms
G_L: 0.4633

Nodes disconnected: 163 248 235 127 46 28 238 221 8 0 3 4 5 6 9 10 12 16 17 21 23 26 29 30 32 33 34 35 38 39 40 41 44 48 49 50 52 53 58 60 62 65 66 68 69 72 75 76 79 83 86 88 90 91 92 95 96 97 98 99 100 102 103 104 108 110 111 112 114 115 117 118 119 122 123 124 125 126 128 132 135 136 137 146 147 148 150 155 156 159 160 165 168 169 170 171 172 175 179 181 182 185 186 187 190 191 192 193 195 196 197 198 201 207 208 212 213 215 219 220 227 229 232 233 234 236 239 240 241 245 249 257 258 259 261 262 263 264 265 267 272 273 275 278 281 286 288 290 292 293 294 296 297 251 42 154 202 203 204 214 254 173 
Number of disconnected nodes: 162
Max available bandwidth: 15100 Kbps
Average throughput: 8744.88 Kbps
Throughput to bandwidth ratio: 0.579131
Packet loss percentage: 36.9813%
Average delay: 3376.3 ms
Average jitter: 707.15 ms
G_L: 0.46

Nodes disconnected: 163 248 235 127 46 28 238 221 8 0 3 4 5 6 9 10 12 16 17 21 23 26 29 30 32 33 34 35 38 39 40 41 44 48 49 50 52 53 58 60 62 65 66 68 69 72 75 76 79 83 86 88 90 91 92 95 96 97 98 99 100 102 103 104 108 110 111 112 114 115 117 118 119 122 123 124 125 126 128 132 135 136 137 146 147 148 150 155 156 159 160 165 168 169 170 171 172 175 179 181 182 185 186 187 190 191 192 193 195 196 197 198 201 207 208 212 213 215 219 220 227 229 232 233 234 236 239 240 241 245 249 257 258 259 261 262 263 264 265 267 272 273 275 278 281 286 288 290 292 293 294 296 297 251 42 154 202 203 204 214 254 173 89 
Number of disconnected nodes: 163
Max available bandwidth: 15100 Kbps
Average throughput: 8710.51 Kbps
Throughput to bandwidth ratio: 0.576855
Packet loss percentage: 36.5864%
Average delay: 3518.01 ms
Average jitter: 717.992 ms
G_L: 0.4567

Nodes disconnected: 163 248 235 127 46 28 238 221 8 0 3 4 5 6 9 10 12 16 17 21 23 26 29 30 32 33 34 35 38 39 40 41 44 48 49 50 52 53 58 60 62 65 66 68 69 72 75 76 79 83 86 88 90 91 92 95 96 97 98 99 100 102 103 104 108 110 111 112 114 115 117 118 119 122 123 124 125 126 128 132 135 136 137 146 147 148 150 155 156 159 160 165 168 169 170 171 172 175 179 181 182 185 186 187 190 191 192 193 195 196 197 198 201 207 208 212 213 215 219 220 227 229 232 233 234 236 239 240 241 245 249 257 258 259 261 262 263 264 265 267 272 273 275 278 281 286 288 290 292 293 294 296 297 251 42 154 202 203 204 214 254 173 89 11 
Number of disconnected nodes: 164
Max available bandwidth: 14900 Kbps
Average throughput: 8691.27 Kbps
Throughput to bandwidth ratio: 0.583307
Packet loss percentage: 36.6618%
Average delay: 3461.42 ms
Average jitter: 709.138 ms
G_L: 0.4533

Nodes disconnected: 163 248 235 127 46 28 238 221 8 0 3 4 5 6 9 10 12 16 17 21 23 26 29 30 32 33 34 35 38 39 40 41 44 48 49 50 52 53 58 60 62 65 66 68 69 72 75 76 79 83 86 88 90 91 92 95 96 97 98 99 100 102 103 104 108 110 111 112 114 115 117 118 119 122 123 124 125 126 128 132 135 136 137 146 147 148 150 155 156 159 160 165 168 169 170 171 172 175 179 181 182 185 186 187 190 191 192 193 195 196 197 198 201 207 208 212 213 215 219 220 227 229 232 233 234 236 239 240 241 245 249 257 258 259 261 262 263 264 265 267 272 273 275 278 281 286 288 290 292 293 294 296 297 251 42 154 202 203 204 214 254 173 89 11 260 7 266 80 279 120 218 283 31 
Number of disconnected nodes: 173
Max available bandwidth: 14000 Kbps
Average throughput: 7986.47 Kbps
Throughput to bandwidth ratio: 0.570462
Packet loss percentage: 37.3905%
Average delay: 3655.55 ms
Average jitter: 726.617 ms
G_L: 0.4233

Nodes disconnected: 163 248 235 127 46 28 238 221 8 0 3 4 5 6 9 10 12 16 17 21 23 26 29 30 32 33 34 35 38 39 40 41 44 48 49 50 52 53 58 60 62 65 66 68 69 72 75 76 79 83 86 88 90 91 92 95 96 97 98 99 100 102 103 104 108 110 111 112 114 115 117 118 119 122 123 124 125 126 128 132 135 136 137 146 147 148 150 155 156 159 160 165 168 169 170 171 172 175 179 181 182 185 186 187 190 191 192 193 195 196 197 198 201 207 208 212 213 215 219 220 227 229 232 233 234 236 239 240 241 245 249 257 258 259 261 262 263 264 265 267 272 273 275 278 281 286 288 290 292 293 294 296 297 251 42 154 202 203 204 214 254 173 89 11 260 7 266 80 279 120 218 283 31 174 
Number of disconnected nodes: 174
Max available bandwidth: 14000 Kbps
Average throughput: 7951.2 Kbps
Throughput to bandwidth ratio: 0.567943
Packet loss percentage: 37.0294%
Average delay: 3597.15 ms
Average jitter: 732.946 ms
G_L: 0.42

Nodes disconnected: 163 248 235 127 46 28 238 221 8 0 3 4 5 6 9 10 12 16 17 21 23 26 29 30 32 33 34 35 38 39 40 41 44 48 49 50 52 53 58 60 62 65 66 68 69 72 75 76 79 83 86 88 90 91 92 95 96 97 98 99 100 102 103 104 108 110 111 112 114 115 117 118 119 122 123 124 125 126 128 132 135 136 137 146 147 148 150 155 156 159 160 165 168 169 170 171 172 175 179 181 182 185 186 187 190 191 192 193 195 196 197 198 201 207 208 212 213 215 219 220 227 229 232 233 234 236 239 240 241 245 249 257 258 259 261 262 263 264 265 267 272 273 275 278 281 286 288 290 292 293 294 296 297 251 42 154 202 203 204 214 254 173 89 11 260 7 266 80 279 120 218 283 31 174 101 139 269 78 85 22 280 
Number of disconnected nodes: 181
Max available bandwidth: 13300 Kbps
Average throughput: 7481.66 Kbps
Throughput to bandwidth ratio: 0.562531
Packet loss percentage: 37.4327%
Average delay: 3763.58 ms
Average jitter: 725.95 ms
G_L: 0.3967

Nodes disconnected: 163 248 235 127 46 28 238 221 8 0 3 4 5 6 9 10 12 16 17 21 23 26 29 30 32 33 34 35 38 39 40 41 44 48 49 50 52 53 58 60 62 65 66 68 69 72 75 76 79 83 86 88 90 91 92 95 96 97 98 99 100 102 103 104 108 110 111 112 114 115 117 118 119 122 123 124 125 126 128 132 135 136 137 146 147 148 150 155 156 159 160 165 168 169 170 171 172 175 179 181 182 185 186 187 190 191 192 193 195 196 197 198 201 207 208 212 213 215 219 220 227 229 232 233 234 236 239 240 241 245 249 257 258 259 261 262 263 264 265 267 272 273 275 278 281 286 288 290 292 293 294 296 297 251 42 154 202 203 204 214 254 173 89 11 260 7 266 80 279 120 218 283 31 174 101 139 269 78 85 22 280 176 
Number of disconnected nodes: 182
Max available bandwidth: 13300 Kbps
Average throughput: 7468 Kbps
Throughput to bandwidth ratio: 0.561504
Packet loss percentage: 37.5926%
Average delay: 3714.24 ms
Average jitter: 693.254 ms
G_L: 0.3933

Nodes disconnected: 163 248 235 127 46 28 238 221 8 0 3 4 5 6 9 10 12 16 17 21 23 26 29 30 32 33 34 35 38 39 40 41 44 48 49 50 52 53 58 60 62 65 66 68 69 72 75 76 79 83 86 88 90 91 92 95 96 97 98 99 100 102 103 104 108 110 111 112 114 115 117 118 119 122 123 124 125 126 128 132 135 136 137 146 147 148 150 155 156 159 160 165 168 169 170 171 172 175 179 181 182 185 186 187 190 191 192 193 195 196 197 198 201 207 208 212 213 215 219 220 227 229 232 233 234 236 239 240 241 245 249 257 258 259 261 262 263 264 265 267 272 273 275 278 281 286 288 290 292 293 294 296 297 251 42 154 202 203 204 214 254 173 89 11 260 7 266 80 279 120 218 283 31 174 101 139 269 78 85 22 280 176 144 224 158 
Number of disconnected nodes: 185
Max available bandwidth: 13100 Kbps
Average throughput: 7200.75 Kbps
Throughput to bandwidth ratio: 0.549676
Packet loss percentage: 38.5279%
Average delay: 3627.38 ms
Average jitter: 672.781 ms
G_L: 0.3833

Nodes disconnected: 163 248 235 127 46 28 238 221 8 0 3 4 5 6 9 10 12 16 17 21 23 26 29 30 32 33 34 35 38 39 40 41 44 48 49 50 52 53 58 60 62 65 66 68 69 72 75 76 79 83 86 88 90 91 92 95 96 97 98 99 100 102 103 104 108 110 111 112 114 115 117 118 119 122 123 124 125 126 128 132 135 136 137 146 147 148 150 155 156 159 160 165 168 169 170 171 172 175 179 181 182 185 186 187 190 191 192 193 195 196 197 198 201 207 208 212 213 215 219 220 227 229 232 233 234 236 239 240 241 245 249 257 258 259 261 262 263 264 265 267 272 273 275 278 281 286 288 290 292 293 294 296 297 251 42 154 202 203 204 214 254 173 89 11 260 7 266 80 279 120 218 283 31 174 101 139 269 78 85 22 280 176 144 224 158 1 131 70 230 142 14 143 209 247 
Number of disconnected nodes: 194
Max available bandwidth: 12500 Kbps
Average throughput: 6537.67 Kbps
Throughput to bandwidth ratio: 0.523014
Packet loss percentage: 41.1461%
Average delay: 3101.3 ms
Average jitter: 596.968 ms
G_L: 0.3533

Nodes disconnected: 163 248 235 127 46 28 238 221 8 0 3 4 5 6 9 10 12 16 17 21 23 26 29 30 32 33 34 35 38 39 40 41 44 48 49 50 52 53 58 60 62 65 66 68 69 72 75 76 79 83 86 88 90 91 92 95 96 97 98 99 100 102 103 104 108 110 111 112 114 115 117 118 119 122 123 124 125 126 128 132 135 136 137 146 147 148 150 155 156 159 160 165 168 169 170 171 172 175 179 181 182 185 186 187 190 191 192 193 195 196 197 198 201 207 208 212 213 215 219 220 227 229 232 233 234 236 239 240 241 245 249 257 258 259 261 262 263 264 265 267 272 273 275 278 281 286 288 290 292 293 294 296 297 251 42 154 202 203 204 214 254 173 89 11 260 7 266 80 279 120 218 283 31 174 101 139 269 78 85 22 280 176 144 224 158 1 131 70 230 142 14 143 209 247 183 
Number of disconnected nodes: 195
Max available bandwidth: 12400 Kbps
Average throughput: 6441.8 Kbps
Throughput to bandwidth ratio: 0.5195
Packet loss percentage: 41.5133%
Average delay: 3133.93 ms
Average jitter: 577.748 ms
G_L: 0.35

Nodes disconnected: 163 248 235 127 46 28 238 221 8 0 3 4 5 6 9 10 12 16 17 21 23 26 29 30 32 33 34 35 38 39 40 41 44 48 49 50 52 53 58 60 62 65 66 68 69 72 75 76 79 83 86 88 90 91 92 95 96 97 98 99 100 102 103 104 108 110 111 112 114 115 117 118 119 122 123 124 125 126 128 132 135 136 137 146 147 148 150 155 156 159 160 165 168 169 170 171 172 175 179 181 182 185 186 187 190 191 192 193 195 196 197 198 201 207 208 212 213 215 219 220 227 229 232 233 234 236 239 240 241 245 249 257 258 259 261 262 263 264 265 267 272 273 275 278 281 286 288 290 292 293 294 296 297 251 42 154 202 203 204 214 254 173 89 11 260 7 266 80 279 120 218 283 31 174 101 139 269 78 85 22 280 176 144 224 158 1 131 70 230 142 14 143 209 247 183 223 
Number of disconnected nodes: 196
Max available bandwidth: 12300 Kbps
Average throughput: 6344.55 Kbps
Throughput to bandwidth ratio: 0.515817
Packet loss percentage: 41.7933%
Average delay: 2772.78 ms
Average jitter: 587.365 ms
G_L: 0.3467

Nodes disconnected: 163 248 235 127 46 28 238 221 8 0 3 4 5 6 9 10 12 16 17 21 23 26 29 30 32 33 34 35 38 39 40 41 44 48 49 50 52 53 58 60 62 65 66 68 69 72 75 76 79 83 86 88 90 91 92 95 96 97 98 99 100 102 103 104 108 110 111 112 114 115 117 118 119 122 123 124 125 126 128 132 135 136 137 146 147 148 150 155 156 159 160 165 168 169 170 171 172 175 179 181 182 185 186 187 190 191 192 193 195 196 197 198 201 207 208 212 213 215 219 220 227 229 232 233 234 236 239 240 241 245 249 257 258 259 261 262 263 264 265 267 272 273 275 278 281 286 288 290 292 293 294 296 297 251 42 154 202 203 204 214 254 173 89 11 260 7 266 80 279 120 218 283 31 174 101 139 269 78 85 22 280 176 144 224 158 1 131 70 230 142 14 143 209 247 183 223 2 277 
Number of disconnected nodes: 198
Max available bandwidth: 12200 Kbps
Average throughput: 6208.21 Kbps
Throughput to bandwidth ratio: 0.50887
Packet loss percentage: 41.4854%
Average delay: 2832.2 ms
Average jitter: 587.961 ms
G_L: 0.34

Nodes disconnected: 163 248 235 127 46 28 238 221 8 0 3 4 5 6 9 10 12 16 17 21 23 26 29 30 32 33 34 35 38 39 40 41 44 48 49 50 52 53 58 60 62 65 66 68 69 72 75 76 79 83 86 88 90 91 92 95 96 97 98 99 100 102 103 104 108 110 111 112 114 115 117 118 119 122 123 124 125 126 128 132 135 136 137 146 147 148 150 155 156 159 160 165 168 169 170 171 172 175 179 181 182 185 186 187 190 191 192 193 195 196 197 198 201 207 208 212 213 215 219 220 227 229 232 233 234 236 239 240 241 245 249 257 258 259 261 262 263 264 265 267 272 273 275 278 281 286 288 290 292 293 294 296 297 251 42 154 202 203 204 214 254 173 89 11 260 7 266 80 279 120 218 283 31 174 101 139 269 78 85 22 280 176 144 224 158 1 131 70 230 142 14 143 209 247 183 223 2 277 228 
Number of disconnected nodes: 199
Max available bandwidth: 12200 Kbps
Average throughput: 6269.72 Kbps
Throughput to bandwidth ratio: 0.513911
Packet loss percentage: 40.8203%
Average delay: 2834.92 ms
Average jitter: 585.014 ms
G_L: 0.3367

Nodes disconnected: 163 248 235 127 46 28 238 221 8 0 3 4 5 6 9 10 12 16 17 21 23 26 29 30 32 33 34 35 38 39 40 41 44 48 49 50 52 53 58 60 62 65 66 68 69 72 75 76 79 83 86 88 90 91 92 95 96 97 98 99 100 102 103 104 108 110 111 112 114 115 117 118 119 122 123 124 125 126 128 132 135 136 137 146 147 148 150 155 156 159 160 165 168 169 170 171 172 175 179 181 182 185 186 187 190 191 192 193 195 196 197 198 201 207 208 212 213 215 219 220 227 229 232 233 234 236 239 240 241 245 249 257 258 259 261 262 263 264 265 267 272 273 275 278 281 286 288 290 292 293 294 296 297 251 42 154 202 203 204 214 254 173 89 11 260 7 266 80 279 120 218 283 31 174 101 139 269 78 85 22 280 176 144 224 158 1 131 70 230 142 14 143 209 247 183 223 2 277 228 289 282 63 
Number of disconnected nodes: 202
Max available bandwidth: 12000 Kbps
Average throughput: 5913.36 Kbps
Throughput to bandwidth ratio: 0.49278
Packet loss percentage: 41.4406%
Average delay: 2481.81 ms
Average jitter: 576.895 ms
G_L: 0.3267

Nodes disconnected: 163 248 235 127 46 28 238 221 8 0 3 4 5 6 9 10 12 16 17 21 23 26 29 30 32 33 34 35 38 39 40 41 44 48 49 50 52 53 58 60 62 65 66 68 69 72 75 76 79 83 86 88 90 91 92 95 96 97 98 99 100 102 103 104 108 110 111 112 114 115 117 118 119 122 123 124 125 126 128 132 135 136 137 146 147 148 150 155 156 159 160 165 168 169 170 171 172 175 179 181 182 185 186 187 190 191 192 193 195 196 197 198 201 207 208 212 213 215 219 220 227 229 232 233 234 236 239 240 241 245 249 257 258 259 261 262 263 264 265 267 272 273 275 278 281 286 288 290 292 293 294 296 297 251 42 154 202 203 204 214 254 173 89 11 260 7 266 80 279 120 218 283 31 174 101 139 269 78 85 22 280 176 144 224 158 1 131 70 230 142 14 143 209 247 183 223 2 277 228 289 282 63 161 67 71 
Number of disconnected nodes: 205
Max available bandwidth: 11800 Kbps
Average throughput: 5868.52 Kbps
Throughput to bandwidth ratio: 0.497332
Packet loss percentage: 40.5673%
Average delay: 2485.88 ms
Average jitter: 540.413 ms
G_L: 0.3167

Nodes disconnected: 163 248 235 127 46 28 238 221 8 0 3 4 5 6 9 10 12 16 17 21 23 26 29 30 32 33 34 35 38 39 40 41 44 48 49 50 52 53 58 60 62 65 66 68 69 72 75 76 79 83 86 88 90 91 92 95 96 97 98 99 100 102 103 104 108 110 111 112 114 115 117 118 119 122 123 124 125 126 128 132 135 136 137 146 147 148 150 155 156 159 160 165 168 169 170 171 172 175 179 181 182 185 186 187 190 191 192 193 195 196 197 198 201 207 208 212 213 215 219 220 227 229 232 233 234 236 239 240 241 245 249 257 258 259 261 262 263 264 265 267 272 273 275 278 281 286 288 290 292 293 294 296 297 251 42 154 202 203 204 214 254 173 89 11 260 7 266 80 279 120 218 283 31 174 101 139 269 78 85 22 280 176 144 224 158 1 131 70 230 142 14 143 209 247 183 223 2 277 228 289 282 63 161 67 71 130 20 276 151 153 25 285 291 37 167 178 184 64 194 200 94 225 106 246 250 255 
Number of disconnected nodes: 226
Max available bandwidth: 9400 Kbps
Average throughput: 4089.66 Kbps
Throughput to bandwidth ratio: 0.43507
Packet loss percentage: 48.829%
Average delay: 1800.52 ms
Average jitter: 466.842 ms
G_L: 0.2467

Nodes disconnected: 163 248 235 127 46 28 238 221 8 0 3 4 5 6 9 10 12 16 17 21 23 26 29 30 32 33 34 35 38 39 40 41 44 48 49 50 52 53 58 60 62 65 66 68 69 72 75 76 79 83 86 88 90 91 92 95 96 97 98 99 100 102 103 104 108 110 111 112 114 115 117 118 119 122 123 124 125 126 128 132 135 136 137 146 147 148 150 155 156 159 160 165 168 169 170 171 172 175 179 181 182 185 186 187 190 191 192 193 195 196 197 198 201 207 208 212 213 215 219 220 227 229 232 233 234 236 239 240 241 245 249 257 258 259 261 262 263 264 265 267 272 273 275 278 281 286 288 290 292 293 294 296 297 251 42 154 202 203 204 214 254 173 89 11 260 7 266 80 279 120 218 283 31 174 101 139 269 78 85 22 280 176 144 224 158 1 131 70 230 142 14 143 209 247 183 223 2 277 228 289 282 63 161 67 71 130 20 276 151 153 25 285 291 37 167 178 184 64 194 200 94 225 106 246 250 255 82 
Number of disconnected nodes: 227
Max available bandwidth: 9300 Kbps
Average throughput: 4046.22 Kbps
Throughput to bandwidth ratio: 0.435078
Packet loss percentage: 48.7299%
Average delay: 1892.51 ms
Average jitter: 470.634 ms
G_L: 0.2433

Nodes disconnected: 163 248 235 127 46 28 238 221 8 0 3 4 5 6 9 10 12 16 17 21 23 26 29 30 32 33 34 35 38 39 40 41 44 48 49 50 52 53 58 60 62 65 66 68 69 72 75 76 79 83 86 88 90 91 92 95 96 97 98 99 100 102 103 104 108 110 111 112 114 115 117 118 119 122 123 124 125 126 128 132 135 136 137 146 147 148 150 155 156 159 160 165 168 169 170 171 172 175 179 181 182 185 186 187 190 191 192 193 195 196 197 198 201 207 208 212 213 215 219 220 227 229 232 233 234 236 239 240 241 245 249 257 258 259 261 262 263 264 265 267 272 273 275 278 281 286 288 290 292 293 294 296 297 251 42 154 202 203 204 214 254 173 89 11 260 7 266 80 279 120 218 283 31 174 101 139 269 78 85 22 280 176 144 224 158 1 131 70 230 142 14 143 209 247 183 223 2 277 228 289 282 63 161 67 71 130 20 276 151 153 25 285 291 37 167 178 184 64 194 200 94 225 106 246 250 255 82 74 
Number of disconnected nodes: 228
Max available bandwidth: 9200 Kbps
Average throughput: 3913.04 Kbps
Throughput to bandwidth ratio: 0.42533
Packet loss percentage: 48.7724%
Average delay: 1997.22 ms
Average jitter: 500.261 ms
G_L: 0.24

Nodes disconnected: 163 248 235 127 46 28 238 221 8 0 3 4 5 6 9 10 12 16 17 21 23 26 29 30 32 33 34 35 38 39 40 41 44 48 49 50 52 53 58 60 62 65 66 68 69 72 75 76 79 83 86 88 90 91 92 95 96 97 98 99 100 102 103 104 108 110 111 112 114 115 117 118 119 122 123 124 125 126 128 132 135 136 137 146 147 148 150 155 156 159 160 165 168 169 170 171 172 175 179 181 182 185 186 187 190 191 192 193 195 196 197 198 201 207 208 212 213 215 219 220 227 229 232 233 234 236 239 240 241 245 249 257 258 259 261 262 263 264 265 267 272 273 275 278 281 286 288 290 292 293 294 296 297 251 42 154 202 203 204 214 254 173 89 11 260 7 266 80 279 120 218 283 31 174 101 139 269 78 85 22 280 176 144 224 158 1 131 70 230 142 14 143 209 247 183 223 2 277 228 289 282 63 161 67 71 130 20 276 151 153 25 285 291 37 167 178 184 64 194 200 94 225 106 246 250 255 82 74 164 
Number of disconnected nodes: 229
Max available bandwidth: 9000 Kbps
Average throughput: 3869.67 Kbps
Throughput to bandwidth ratio: 0.429963
Packet loss percentage: 49.0072%
Average delay: 2109.27 ms
Average jitter: 489.171 ms
G_L: 0.2367

Nodes disconnected: 163 248 235 127 46 28 238 221 8 0 3 4 5 6 9 10 12 16 17 21 23 26 29 30 32 33 34 35 38 39 40 41 44 48 49 50 52 53 58 60 62 65 66 68 69 72 75 76 79 83 86 88 90 91 92 95 96 97 98 99 100 102 103 104 108 110 111 112 114 115 117 118 119 122 123 124 125 126 128 132 135 136 137 146 147 148 150 155 156 159 160 165 168 169 170 171 172 175 179 181 182 185 186 187 190 191 192 193 195 196 197 198 201 207 208 212 213 215 219 220 227 229 232 233 234 236 239 240 241 245 249 257 258 259 261 262 263 264 265 267 272 273 275 278 281 286 288 290 292 293 294 296 297 251 42 154 202 203 204 214 254 173 89 11 260 7 266 80 279 120 218 283 31 174 101 139 269 78 85 22 280 176 144 224 158 1 131 70 230 142 14 143 209 247 183 223 2 277 228 289 282 63 161 67 71 130 20 276 151 153 25 285 291 37 167 178 184 64 194 200 94 225 106 246 250 255 82 74 164 138 298 
Number of disconnected nodes: 231
Max available bandwidth: 8900 Kbps
Average throughput: 3786.15 Kbps
Throughput to bandwidth ratio: 0.425411
Packet loss percentage: 49.0682%
Average delay: 2138.81 ms
Average jitter: 486.113 ms
G_L: 0.23

Nodes disconnected: 163 248 235 127 46 28 238 221 8 0 3 4 5 6 9 10 12 16 17 21 23 26 29 30 32 33 34 35 38 39 40 41 44 48 49 50 52 53 58 60 62 65 66 68 69 72 75 76 79 83 86 88 90 91 92 95 96 97 98 99 100 102 103 104 108 110 111 112 114 115 117 118 119 122 123 124 125 126 128 132 135 136 137 146 147 148 150 155 156 159 160 165 168 169 170 171 172 175 179 181 182 185 186 187 190 191 192 193 195 196 197 198 201 207 208 212 213 215 219 220 227 229 232 233 234 236 239 240 241 245 249 257 258 259 261 262 263 264 265 267 272 273 275 278 281 286 288 290 292 293 294 296 297 251 42 154 202 203 204 214 254 173 89 11 260 7 266 80 279 120 218 283 31 174 101 139 269 78 85 22 280 176 144 224 158 1 131 70 230 142 14 143 209 247 183 223 2 277 228 289 282 63 161 67 71 130 20 276 151 153 25 285 291 37 167 178 184 64 194 200 94 225 106 246 250 255 82 74 164 138 298 45 
Number of disconnected nodes: 232
Max available bandwidth: 8800 Kbps
Average throughput: 3725.49 Kbps
Throughput to bandwidth ratio: 0.423351
Packet loss percentage: 48.5968%
Average delay: 2090.55 ms
Average jitter: 490.476 ms
G_L: 0.2267

Nodes disconnected: 163 248 235 127 46 28 238 221 8 0 3 4 5 6 9 10 12 16 17 21 23 26 29 30 32 33 34 35 38 39 40 41 44 48 49 50 52 53 58 60 62 65 66 68 69 72 75 76 79 83 86 88 90 91 92 95 96 97 98 99 100 102 103 104 108 110 111 112 114 115 117 118 119 122 123 124 125 126 128 132 135 136 137 146 147 148 150 155 156 159 160 165 168 169 170 171 172 175 179 181 182 185 186 187 190 191 192 193 195 196 197 198 201 207 208 212 213 215 219 220 227 229 232 233 234 236 239 240 241 245 249 257 258 259 261 262 263 264 265 267 272 273 275 278 281 286 288 290 292 293 294 296 297 251 42 154 202 203 204 214 254 173 89 11 260 7 266 80 279 120 218 283 31 174 101 139 269 78 85 22 280 176 144 224 158 1 131 70 230 142 14 143 209 247 183 223 2 277 228 289 282 63 161 67 71 130 20 276 151 153 25 285 291 37 167 178 184 64 194 200 94 225 106 246 250 255 82 74 164 138 298 45 157 
Number of disconnected nodes: 233
Max available bandwidth: 8700 Kbps
Average throughput: 3688.62 Kbps
Throughput to bandwidth ratio: 0.423979
Packet loss percentage: 48.669%
Average delay: 1717.33 ms
Average jitter: 479.533 ms
G_L: 0.2233

Nodes disconnected: 163 248 235 127 46 28 238 221 8 0 3 4 5 6 9 10 12 16 17 21 23 26 29 30 32 33 34 35 38 39 40 41 44 48 49 50 52 53 58 60 62 65 66 68 69 72 75 76 79 83 86 88 90 91 92 95 96 97 98 99 100 102 103 104 108 110 111 112 114 115 117 118 119 122 123 124 125 126 128 132 135 136 137 146 147 148 150 155 156 159 160 165 168 169 170 171 172 175 179 181 182 185 186 187 190 191 192 193 195 196 197 198 201 207 208 212 213 215 219 220 227 229 232 233 234 236 239 240 241 245 249 257 258 259 261 262 263 264 265 267 272 273 275 278 281 286 288 290 292 293 294 296 297 251 42 154 202 203 204 214 254 173 89 11 260 7 266 80 279 120 218 283 31 174 101 139 269 78 85 22 280 176 144 224 158 1 131 70 230 142 14 143 209 247 183 223 2 277 228 289 282 63 161 67 71 130 20 276 151 153 25 285 291 37 167 178 184 64 194 200 94 225 106 246 250 255 82 74 164 138 298 45 157 299 77 13 54 93 
Number of disconnected nodes: 238
Max available bandwidth: 7900 Kbps
Average throughput: 3369.56 Kbps
Throughput to bandwidth ratio: 0.426527
Packet loss percentage: 48.4146%
Average delay: 1887.9 ms
Average jitter: 482.674 ms
G_L: 0.2067

Nodes disconnected: 163 248 235 127 46 28 238 221 8 0 3 4 5 6 9 10 12 16 17 21 23 26 29 30 32 33 34 35 38 39 40 41 44 48 49 50 52 53 58 60 62 65 66 68 69 72 75 76 79 83 86 88 90 91 92 95 96 97 98 99 100 102 103 104 108 110 111 112 114 115 117 118 119 122 123 124 125 126 128 132 135 136 137 146 147 148 150 155 156 159 160 165 168 169 170 171 172 175 179 181 182 185 186 187 190 191 192 193 195 196 197 198 201 207 208 212 213 215 219 220 227 229 232 233 234 236 239 240 241 245 249 257 258 259 261 262 263 264 265 267 272 273 275 278 281 286 288 290 292 293 294 296 297 251 42 154 202 203 204 214 254 173 89 11 260 7 266 80 279 120 218 283 31 174 101 139 269 78 85 22 280 176 144 224 158 1 131 70 230 142 14 143 209 247 183 223 2 277 228 289 282 63 161 67 71 130 20 276 151 153 25 285 291 37 167 178 184 64 194 200 94 225 106 246 250 255 82 74 164 138 298 45 157 299 77 13 54 93 268 
Number of disconnected nodes: 239
Max available bandwidth: 7900 Kbps
Average throughput: 3299.21 Kbps
Throughput to bandwidth ratio: 0.417621
Packet loss percentage: 48.9533%
Average delay: 1878.77 ms
Average jitter: 488.078 ms
G_L: 0.2033

Nodes disconnected: 163 248 235 127 46 28 238 221 8 0 3 4 5 6 9 10 12 16 17 21 23 26 29 30 32 33 34 35 38 39 40 41 44 48 49 50 52 53 58 60 62 65 66 68 69 72 75 76 79 83 86 88 90 91 92 95 96 97 98 99 100 102 103 104 108 110 111 112 114 115 117 118 119 122 123 124 125 126 128 132 135 136 137 146 147 148 150 155 156 159 160 165 168 169 170 171 172 175 179 181 182 185 186 187 190 191 192 193 195 196 197 198 201 207 208 212 213 215 219 220 227 229 232 233 234 236 239 240 241 245 249 257 258 259 261 262 263 264 265 267 272 273 275 278 281 286 288 290 292 293 294 296 297 251 42 154 202 203 204 214 254 173 89 11 260 7 266 80 279 120 218 283 31 174 101 139 269 78 85 22 280 176 144 224 158 1 131 70 230 142 14 143 209 247 183 223 2 277 228 289 282 63 161 67 71 130 20 276 151 153 25 285 291 37 167 178 184 64 194 200 94 225 106 246 250 255 82 74 164 138 298 45 157 299 77 13 54 93 268 256 129 133 140 141 270 145 18 24 152 27 284 287 36 295 47 51 180 56 188 61 199 73 206 81 222 226 231 107 237 113 242 243 116 121 252 253 
Number of disconnected nodes: 276
Max available bandwidth: 3600 Kbps
Average throughput: 960.066 Kbps
Throughput to bandwidth ratio: 0.266685
Packet loss percentage: 63.197%
Average delay: 441.022 ms
Average jitter: 341.117 ms
G_L: 0.08

Nodes disconnected: 163 248 235 127 46 28 238 221 8 0 3 4 5 6 9 10 12 16 17 21 23 26 29 30 32 33 34 35 38 39 40 41 44 48 49 50 52 53 58 60 62 65 66 68 69 72 75 76 79 83 86 88 90 91 92 95 96 97 98 99 100 102 103 104 108 110 111 112 114 115 117 118 119 122 123 124 125 126 128 132 135 136 137 146 147 148 150 155 156 159 160 165 168 169 170 171 172 175 179 181 182 185 186 187 190 191 192 193 195 196 197 198 201 207 208 212 213 215 219 220 227 229 232 233 234 236 239 240 241 245 249 257 258 259 261 262 263 264 265 267 272 273 275 278 281 286 288 290 292 293 294 296 297 251 42 154 202 203 204 214 254 173 89 11 260 7 266 80 279 120 218 283 31 174 101 139 269 78 85 22 280 176 144 224 158 1 131 70 230 142 14 143 209 247 183 223 2 277 228 289 282 63 161 67 71 130 20 276 151 153 25 285 291 37 167 178 184 64 194 200 94 225 106 246 250 255 82 74 164 138 298 45 157 299 77 13 54 93 268 256 129 133 140 141 270 145 18 24 152 27 284 287 36 295 47 51 180 56 188 61 199 73 206 81 222 226 231 107 237 113 242 243 116 121 252 253 134 15 271 274 149 166 43 177 55 57 59 189 205 210 211 84 216 217 105 109 
Number of disconnected nodes: 296
Max available bandwidth: 300 Kbps
Average throughput: 48.7718 Kbps
Throughput to bandwidth ratio: 0.162573
Packet loss percentage: 84.9747%
Average delay: -nan ms
Average jitter: -nan ms
G_L: 0.0133

Nodes disconnected: 163 248 235 127 46 28 238 221 8 0 3 4 5 6 9 10 12 16 17 21 23 26 29 30 32 33 34 35 38 39 40 41 44 48 49 50 52 53 58 60 62 65 66 68 69 72 75 76 79 83 86 88 90 91 92 95 96 97 98 99 100 102 103 104 108 110 111 112 114 115 117 118 119 122 123 124 125 126 128 132 135 136 137 146 147 148 150 155 156 159 160 165 168 169 170 171 172 175 179 181 182 185 186 187 190 191 192 193 195 196 197 198 201 207 208 212 213 215 219 220 227 229 232 233 234 236 239 240 241 245 249 257 258 259 261 262 263 264 265 267 272 273 275 278 281 286 288 290 292 293 294 296 297 251 42 154 202 203 204 214 254 173 89 11 260 7 266 80 279 120 218 283 31 174 101 139 269 78 85 22 280 176 144 224 158 1 131 70 230 142 14 143 209 247 183 223 2 277 228 289 282 63 161 67 71 130 20 276 151 153 25 285 291 37 167 178 184 64 194 200 94 225 106 246 250 255 82 74 164 138 298 45 157 299 77 13 54 93 268 256 129 133 140 141 270 145 18 24 152 27 284 287 36 295 47 51 180 56 188 61 199 73 206 81 222 226 231 107 237 113 242 243 116 121 252 253 134 15 271 274 149 166 43 177 55 57 59 189 205 210 211 84 216 217 105 109 162 19 244 87 
Number of disconnected nodes: 300
Max available bandwidth: 0 Kbps
Average throughput: 0 Kbps
Throughput to bandwidth ratio: -nan
Packet loss percentage: -nan%
Average delay: -nan ms
Average jitter: -nan ms
G_L: 0

