Nodes disconnected: 
Number of disconnected nodes: 0
Max available bandwidth: 33400 Kbps
Average throughput: 17033.9 Kbps
Throughput to bandwidth ratio: 0.509997
Packet loss percentage: 5.24015%
Average delay: 8356.03 ms
Average jitter: 4666.77 ms
G_L: 1

Nodes disconnected: 175 
Number of disconnected nodes: 1
Max available bandwidth: 33400 Kbps
Average throughput: 16985.8 Kbps
Throughput to bandwidth ratio: 0.508558
Packet loss percentage: 5.19787%
Average delay: 7040.54 ms
Average jitter: 3750.9 ms
G_L: 0.9967

Nodes disconnected: 175 221 
Number of disconnected nodes: 2
Max available bandwidth: 33400 Kbps
Average throughput: 17063.5 Kbps
Throughput to bandwidth ratio: 0.510885
Packet loss percentage: 5.24289%
Average delay: 7011.83 ms
Average jitter: 3810.66 ms
G_L: 0.9933

Nodes disconnected: 175 221 127 
Number of disconnected nodes: 3
Max available bandwidth: 33400 Kbps
Average throughput: 16881.6 Kbps
Throughput to bandwidth ratio: 0.505438
Packet loss percentage: 5.17589%
Average delay: 8285.38 ms
Average jitter: 4571.73 ms
G_L: 0.99

Nodes disconnected: 175 221 127 0 3 4 5 6 8 9 10 12 16 17 21 23 26 28 29 30 32 33 34 35 38 39 40 41 44 46 48 49 50 52 53 58 60 62 65 66 68 69 72 75 76 79 83 86 88 90 91 92 95 96 97 98 99 100 102 103 104 108 110 111 112 114 115 117 118 119 122 123 124 125 126 128 132 135 136 137 146 147 148 150 155 156 159 160 163 165 168 169 170 171 172 179 181 182 185 186 187 190 191 192 193 195 196 197 198 201 207 208 212 213 215 219 220 227 229 232 233 234 236 238 239 240 241 245 249 257 258 259 261 262 263 264 265 267 272 273 275 278 281 286 288 290 292 293 294 296 297 
Number of disconnected nodes: 151
Max available bandwidth: 15900 Kbps
Average throughput: 7352.2 Kbps
Throughput to bandwidth ratio: 0.462403
Packet loss percentage: 36.4504%
Average delay: 7627.09 ms
Average jitter: 2427.9 ms
G_L: 0.4967

Nodes disconnected: 175 221 127 0 3 4 5 6 8 9 10 12 16 17 21 23 26 28 29 30 32 33 34 35 38 39 40 41 44 46 48 49 50 52 53 58 60 62 65 66 68 69 72 75 76 79 83 86 88 90 91 92 95 96 97 98 99 100 102 103 104 108 110 111 112 114 115 117 118 119 122 123 124 125 126 128 132 135 136 137 146 147 148 150 155 156 159 160 163 165 168 169 170 171 172 179 181 182 185 186 187 190 191 192 193 195 196 197 198 201 207 208 212 213 215 219 220 227 229 232 233 234 236 238 239 240 241 245 249 257 258 259 261 262 263 264 265 267 272 273 275 278 281 286 288 290 292 293 294 296 297 248 
Number of disconnected nodes: 152
Max available bandwidth: 15900 Kbps
Average throughput: 7326.37 Kbps
Throughput to bandwidth ratio: 0.460778
Packet loss percentage: 33.4726%
Average delay: 8799.74 ms
Average jitter: 3385.34 ms
G_L: 0.4933

Nodes disconnected: 175 221 127 0 3 4 5 6 8 9 10 12 16 17 21 23 26 28 29 30 32 33 34 35 38 39 40 41 44 46 48 49 50 52 53 58 60 62 65 66 68 69 72 75 76 79 83 86 88 90 91 92 95 96 97 98 99 100 102 103 104 108 110 111 112 114 115 117 118 119 122 123 124 125 126 128 132 135 136 137 146 147 148 150 155 156 159 160 163 165 168 169 170 171 172 179 181 182 185 186 187 190 191 192 193 195 196 197 198 201 207 208 212 213 215 219 220 227 229 232 233 234 236 238 239 240 241 245 249 257 258 259 261 262 263 264 265 267 272 273 275 278 281 286 288 290 292 293 294 296 297 248 2 173 113 277 216 217 
Number of disconnected nodes: 158
Max available bandwidth: 15400 Kbps
Average throughput: 7155.8 Kbps
Throughput to bandwidth ratio: 0.464662
Packet loss percentage: 33.1084%
Average delay: 8510.26 ms
Average jitter: 3328.63 ms
G_L: 0.4733

Nodes disconnected: 175 221 127 0 3 4 5 6 8 9 10 12 16 17 21 23 26 28 29 30 32 33 34 35 38 39 40 41 44 46 48 49 50 52 53 58 60 62 65 66 68 69 72 75 76 79 83 86 88 90 91 92 95 96 97 98 99 100 102 103 104 108 110 111 112 114 115 117 118 119 122 123 124 125 126 128 132 135 136 137 146 147 148 150 155 156 159 160 163 165 168 169 170 171 172 179 181 182 185 186 187 190 191 192 193 195 196 197 198 201 207 208 212 213 215 219 220 227 229 232 233 234 236 238 239 240 241 245 249 257 258 259 261 262 263 264 265 267 272 273 275 278 281 286 288 290 292 293 294 296 297 248 2 173 113 277 216 217 144 224 
Number of disconnected nodes: 160
Max available bandwidth: 15300 Kbps
Average throughput: 6893.98 Kbps
Throughput to bandwidth ratio: 0.450587
Packet loss percentage: 36.1129%
Average delay: 7463.69 ms
Average jitter: 2724.51 ms
G_L: 0.4667

Nodes disconnected: 175 221 127 0 3 4 5 6 8 9 10 12 16 17 21 23 26 28 29 30 32 33 34 35 38 39 40 41 44 46 48 49 50 52 53 58 60 62 65 66 68 69 72 75 76 79 83 86 88 90 91 92 95 96 97 98 99 100 102 103 104 108 110 111 112 114 115 117 118 119 122 123 124 125 126 128 132 135 136 137 146 147 148 150 155 156 159 160 163 165 168 169 170 171 172 179 181 182 185 186 187 190 191 192 193 195 196 197 198 201 207 208 212 213 215 219 220 227 229 232 233 234 236 238 239 240 241 245 249 257 258 259 261 262 263 264 265 267 272 273 275 278 281 286 288 290 292 293 294 296 297 248 2 173 113 277 216 217 144 224 78 
Number of disconnected nodes: 161
Max available bandwidth: 15200 Kbps
Average throughput: 6894.5 Kbps
Throughput to bandwidth ratio: 0.453585
Packet loss percentage: 35.5994%
Average delay: 7946.28 ms
Average jitter: 2681.57 ms
G_L: 0.4633

Nodes disconnected: 175 221 127 0 3 4 5 6 8 9 10 12 16 17 21 23 26 28 29 30 32 33 34 35 38 39 40 41 44 46 48 49 50 52 53 58 60 62 65 66 68 69 72 75 76 79 83 86 88 90 91 92 95 96 97 98 99 100 102 103 104 108 110 111 112 114 115 117 118 119 122 123 124 125 126 128 132 135 136 137 146 147 148 150 155 156 159 160 163 165 168 169 170 171 172 179 181 182 185 186 187 190 191 192 193 195 196 197 198 201 207 208 212 213 215 219 220 227 229 232 233 234 236 238 239 240 241 245 249 257 258 259 261 262 263 264 265 267 272 273 275 278 281 286 288 290 292 293 294 296 297 248 2 173 113 277 216 217 144 224 78 1 7 11 13 14 15 18 20 22 24 27 31 36 37 42 43 45 47 51 54 55 56 57 59 61 63 64 70 73 74 77 80 81 82 84 85 93 94 101 105 106 107 109 116 120 121 129 130 131 133 134 138 139 140 141 142 143 145 149 151 152 153 154 157 158 161 164 166 167 174 176 177 178 180 183 184 188 189 194 199 200 202 203 204 205 206 209 210 211 214 218 222 223 225 226 228 230 231 235 237 242 243 246 247 250 251 252 253 254 255 256 260 266 268 269 270 271 274 276 279 280 282 283 284 285 287 289 291 295 298 299 
Number of disconnected nodes: 292
Max available bandwidth: 800 Kbps
Average throughput: 301.272 Kbps
Throughput to bandwidth ratio: 0.37659
Packet loss percentage: 62.5554%
Average delay: 630.084 ms
Average jitter: 373.423 ms
G_L: 0.0267

Nodes disconnected: 175 221 127 0 3 4 5 6 8 9 10 12 16 17 21 23 26 28 29 30 32 33 34 35 38 39 40 41 44 46 48 49 50 52 53 58 60 62 65 66 68 69 72 75 76 79 83 86 88 90 91 92 95 96 97 98 99 100 102 103 104 108 110 111 112 114 115 117 118 119 122 123 124 125 126 128 132 135 136 137 146 147 148 150 155 156 159 160 163 165 168 169 170 171 172 179 181 182 185 186 187 190 191 192 193 195 196 197 198 201 207 208 212 213 215 219 220 227 229 232 233 234 236 238 239 240 241 245 249 257 258 259 261 262 263 264 265 267 272 273 275 278 281 286 288 290 292 293 294 296 297 248 2 173 113 277 216 217 144 224 78 1 7 11 13 14 15 18 20 22 24 27 31 36 37 42 43 45 47 51 54 55 56 57 59 61 63 64 70 73 74 77 80 81 82 84 85 93 94 101 105 106 107 109 116 120 121 129 130 131 133 134 138 139 140 141 142 143 145 149 151 152 153 154 157 158 161 164 166 167 174 176 177 178 180 183 184 188 189 194 199 200 202 203 204 205 206 209 210 211 214 218 222 223 225 226 228 230 231 235 237 242 243 246 247 250 251 252 253 254 255 256 260 266 268 269 270 271 274 276 279 280 282 283 284 285 287 289 291 295 298 299 89 
Number of disconnected nodes: 293
Max available bandwidth: 800 Kbps
Average throughput: 430.052 Kbps
Throughput to bandwidth ratio: 0.537565
Packet loss percentage: 43.5175%
Average delay: 511.296 ms
Average jitter: 365.393 ms
G_L: 0.0233

Nodes disconnected: 175 221 127 0 3 4 5 6 8 9 10 12 16 17 21 23 26 28 29 30 32 33 34 35 38 39 40 41 44 46 48 49 50 52 53 58 60 62 65 66 68 69 72 75 76 79 83 86 88 90 91 92 95 96 97 98 99 100 102 103 104 108 110 111 112 114 115 117 118 119 122 123 124 125 126 128 132 135 136 137 146 147 148 150 155 156 159 160 163 165 168 169 170 171 172 179 181 182 185 186 187 190 191 192 193 195 196 197 198 201 207 208 212 213 215 219 220 227 229 232 233 234 236 238 239 240 241 245 249 257 258 259 261 262 263 264 265 267 272 273 275 278 281 286 288 290 292 293 294 296 297 248 2 173 113 277 216 217 144 224 78 1 7 11 13 14 15 18 20 22 24 27 31 36 37 42 43 45 47 51 54 55 56 57 59 61 63 64 70 73 74 77 80 81 82 84 85 93 94 101 105 106 107 109 116 120 121 129 130 131 133 134 138 139 140 141 142 143 145 149 151 152 153 154 157 158 161 164 166 167 174 176 177 178 180 183 184 188 189 194 199 200 202 203 204 205 206 209 210 211 214 218 222 223 225 226 228 230 231 235 237 242 243 246 247 250 251 252 253 254 255 256 260 266 268 269 270 271 274 276 279 280 282 283 284 285 287 289 291 295 298 299 89 244 
Number of disconnected nodes: 294
Max available bandwidth: 800 Kbps
Average throughput: 328.785 Kbps
Throughput to bandwidth ratio: 0.410982
Packet loss percentage: 48.5688%
Average delay: 748.37 ms
Average jitter: 378.037 ms
G_L: 0.02

Nodes disconnected: 175 221 127 0 3 4 5 6 8 9 10 12 16 17 21 23 26 28 29 30 32 33 34 35 38 39 40 41 44 46 48 49 50 52 53 58 60 62 65 66 68 69 72 75 76 79 83 86 88 90 91 92 95 96 97 98 99 100 102 103 104 108 110 111 112 114 115 117 118 119 122 123 124 125 126 128 132 135 136 137 146 147 148 150 155 156 159 160 163 165 168 169 170 171 172 179 181 182 185 186 187 190 191 192 193 195 196 197 198 201 207 208 212 213 215 219 220 227 229 232 233 234 236 238 239 240 241 245 249 257 258 259 261 262 263 264 265 267 272 273 275 278 281 286 288 290 292 293 294 296 297 248 2 173 113 277 216 217 144 224 78 1 7 11 13 14 15 18 20 22 24 27 31 36 37 42 43 45 47 51 54 55 56 57 59 61 63 64 70 73 74 77 80 81 82 84 85 93 94 101 105 106 107 109 116 120 121 129 130 131 133 134 138 139 140 141 142 143 145 149 151 152 153 154 157 158 161 164 166 167 174 176 177 178 180 183 184 188 189 194 199 200 202 203 204 205 206 209 210 211 214 218 222 223 225 226 228 230 231 235 237 242 243 246 247 250 251 252 253 254 255 256 260 266 268 269 270 271 274 276 279 280 282 283 284 285 287 289 291 295 298 299 89 244 67 71 
Number of disconnected nodes: 296
Max available bandwidth: 700 Kbps
Average throughput: 176.272 Kbps
Throughput to bandwidth ratio: 0.251817
Packet loss percentage: 61.7539%
Average delay: 982.407 ms
Average jitter: 470.631 ms
G_L: 0.0133

Nodes disconnected: 175 221 127 0 3 4 5 6 8 9 10 12 16 17 21 23 26 28 29 30 32 33 34 35 38 39 40 41 44 46 48 49 50 52 53 58 60 62 65 66 68 69 72 75 76 79 83 86 88 90 91 92 95 96 97 98 99 100 102 103 104 108 110 111 112 114 115 117 118 119 122 123 124 125 126 128 132 135 136 137 146 147 148 150 155 156 159 160 163 165 168 169 170 171 172 179 181 182 185 186 187 190 191 192 193 195 196 197 198 201 207 208 212 213 215 219 220 227 229 232 233 234 236 238 239 240 241 245 249 257 258 259 261 262 263 264 265 267 272 273 275 278 281 286 288 290 292 293 294 296 297 248 2 173 113 277 216 217 144 224 78 1 7 11 13 14 15 18 20 22 24 27 31 36 37 42 43 45 47 51 54 55 56 57 59 61 63 64 70 73 74 77 80 81 82 84 85 93 94 101 105 106 107 109 116 120 121 129 130 131 133 134 138 139 140 141 142 143 145 149 151 152 153 154 157 158 161 164 166 167 174 176 177 178 180 183 184 188 189 194 199 200 202 203 204 205 206 209 210 211 214 218 222 223 225 226 228 230 231 235 237 242 243 246 247 250 251 252 253 254 255 256 260 266 268 269 270 271 274 276 279 280 282 283 284 285 287 289 291 295 298 299 89 244 67 71 25 162 19 87 
Number of disconnected nodes: 300
Max available bandwidth: 0 Kbps
Average throughput: 0 Kbps
Throughput to bandwidth ratio: -nan
Packet loss percentage: -nan%
Average delay: -nan ms
Average jitter: -nan ms
G_L: 0

