Nodes disconnected: 
Number of disconnected nodes: 0
Max available bandwidth: 33400 Kbps
Average throughput: 25289.2 Kbps
Throughput to bandwidth ratio: 0.757162
Packet loss percentage: 5.68588%
Average delay: 2125.04 ms
Average jitter: 597.51 ms
G_L: 1

Nodes disconnected: 172 
Number of disconnected nodes: 1
Max available bandwidth: 33400 Kbps
Average throughput: 25148.4 Kbps
Throughput to bandwidth ratio: 0.752947
Packet loss percentage: 5.82117%
Average delay: 2100.81 ms
Average jitter: 599.986 ms
G_L: 0.9967

Nodes disconnected: 172 290 
Number of disconnected nodes: 2
Max available bandwidth: 33400 Kbps
Average throughput: 25082 Kbps
Throughput to bandwidth ratio: 0.750958
Packet loss percentage: 5.8724%
Average delay: 2053.92 ms
Average jitter: 598.122 ms
G_L: 0.9933

Nodes disconnected: 172 290 193 
Number of disconnected nodes: 3
Max available bandwidth: 33400 Kbps
Average throughput: 24932.2 Kbps
Throughput to bandwidth ratio: 0.746472
Packet loss percentage: 5.99677%
Average delay: 2060.08 ms
Average jitter: 604.014 ms
G_L: 0.99

Nodes disconnected: 172 290 193 0 2 3 4 5 6 8 9 10 12 16 17 19 21 23 26 28 29 30 32 33 34 35 38 39 40 41 44 46 48 49 50 52 53 54 58 60 62 65 66 68 69 72 74 75 76 79 83 86 87 88 90 91 92 95 96 97 98 99 100 102 103 104 108 109 110 111 112 113 114 115 117 118 119 122 123 124 125 126 128 132 135 136 137 146 147 148 150 155 156 157 159 160 163 165 168 169 170 171 173 175 179 181 182 183 185 186 187 190 191 192 195 196 197 198 201 207 208 212 213 215 216 217 219 220 222 223 227 229 231 232 233 234 236 238 239 240 241 245 249 253 257 258 259 261 262 263 264 265 267 268 272 273 275 277 278 281 286 288 292 293 294 296 297 
Number of disconnected nodes: 167
Max available bandwidth: 14500 Kbps
Average throughput: 8485.9 Kbps
Throughput to bandwidth ratio: 0.585234
Packet loss percentage: 36.9443%
Average delay: 3270.41 ms
Average jitter: 676.061 ms
G_L: 0.4433

Nodes disconnected: 172 290 193 0 2 3 4 5 6 8 9 10 12 16 17 19 21 23 26 28 29 30 32 33 34 35 38 39 40 41 44 46 48 49 50 52 53 54 58 60 62 65 66 68 69 72 74 75 76 79 83 86 87 88 90 91 92 95 96 97 98 99 100 102 103 104 108 109 110 111 112 113 114 115 117 118 119 122 123 124 125 126 128 132 135 136 137 146 147 148 150 155 156 157 159 160 163 165 168 169 170 171 173 175 179 181 182 183 185 186 187 190 191 192 195 196 197 198 201 207 208 212 213 215 216 217 219 220 222 223 227 229 231 232 233 234 236 238 239 240 241 245 249 253 257 258 259 261 262 263 264 265 267 268 272 273 275 277 278 281 286 288 292 293 294 296 297 242 
Number of disconnected nodes: 168
Max available bandwidth: 14400 Kbps
Average throughput: 8419.91 Kbps
Throughput to bandwidth ratio: 0.584716
Packet loss percentage: 36.9631%
Average delay: 3397.27 ms
Average jitter: 685.621 ms
G_L: 0.44

Nodes disconnected: 172 290 193 0 2 3 4 5 6 8 9 10 12 16 17 19 21 23 26 28 29 30 32 33 34 35 38 39 40 41 44 46 48 49 50 52 53 54 58 60 62 65 66 68 69 72 74 75 76 79 83 86 87 88 90 91 92 95 96 97 98 99 100 102 103 104 108 109 110 111 112 113 114 115 117 118 119 122 123 124 125 126 128 132 135 136 137 146 147 148 150 155 156 157 159 160 163 165 168 169 170 171 173 175 179 181 182 183 185 186 187 190 191 192 195 196 197 198 201 207 208 212 213 215 216 217 219 220 222 223 227 229 231 232 233 234 236 238 239 240 241 245 249 253 257 258 259 261 262 263 264 265 267 268 272 273 275 277 278 281 286 288 292 293 294 296 297 242 248 116 13 133 
Number of disconnected nodes: 172
Max available bandwidth: 14100 Kbps
Average throughput: 8287.65 Kbps
Throughput to bandwidth ratio: 0.587777
Packet loss percentage: 37.4345%
Average delay: 3254.45 ms
Average jitter: 646.904 ms
G_L: 0.4267

Nodes disconnected: 172 290 193 0 2 3 4 5 6 8 9 10 12 16 17 19 21 23 26 28 29 30 32 33 34 35 38 39 40 41 44 46 48 49 50 52 53 54 58 60 62 65 66 68 69 72 74 75 76 79 83 86 87 88 90 91 92 95 96 97 98 99 100 102 103 104 108 109 110 111 112 113 114 115 117 118 119 122 123 124 125 126 128 132 135 136 137 146 147 148 150 155 156 157 159 160 163 165 168 169 170 171 173 175 179 181 182 183 185 186 187 190 191 192 195 196 197 198 201 207 208 212 213 215 216 217 219 220 222 223 227 229 231 232 233 234 236 238 239 240 241 245 249 253 257 258 259 261 262 263 264 265 267 268 272 273 275 277 278 281 286 288 292 293 294 296 297 242 248 116 13 133 127 
Number of disconnected nodes: 173
Max available bandwidth: 14100 Kbps
Average throughput: 8211.39 Kbps
Throughput to bandwidth ratio: 0.582368
Packet loss percentage: 36.946%
Average delay: 3180.72 ms
Average jitter: 656.174 ms
G_L: 0.4233

Nodes disconnected: 172 290 193 0 2 3 4 5 6 8 9 10 12 16 17 19 21 23 26 28 29 30 32 33 34 35 38 39 40 41 44 46 48 49 50 52 53 54 58 60 62 65 66 68 69 72 74 75 76 79 83 86 87 88 90 91 92 95 96 97 98 99 100 102 103 104 108 109 110 111 112 113 114 115 117 118 119 122 123 124 125 126 128 132 135 136 137 146 147 148 150 155 156 157 159 160 163 165 168 169 170 171 173 175 179 181 182 183 185 186 187 190 191 192 195 196 197 198 201 207 208 212 213 215 216 217 219 220 222 223 227 229 231 232 233 234 236 238 239 240 241 245 249 253 257 258 259 261 262 263 264 265 267 268 272 273 275 277 278 281 286 288 292 293 294 296 297 242 248 116 13 133 127 224 225 162 77 144 
Number of disconnected nodes: 178
Max available bandwidth: 13800 Kbps
Average throughput: 7876.11 Kbps
Throughput to bandwidth ratio: 0.570732
Packet loss percentage: 38.5199%
Average delay: 3031.41 ms
Average jitter: 604.247 ms
G_L: 0.4067

Nodes disconnected: 172 290 193 0 2 3 4 5 6 8 9 10 12 16 17 19 21 23 26 28 29 30 32 33 34 35 38 39 40 41 44 46 48 49 50 52 53 54 58 60 62 65 66 68 69 72 74 75 76 79 83 86 87 88 90 91 92 95 96 97 98 99 100 102 103 104 108 109 110 111 112 113 114 115 117 118 119 122 123 124 125 126 128 132 135 136 137 146 147 148 150 155 156 157 159 160 163 165 168 169 170 171 173 175 179 181 182 183 185 186 187 190 191 192 195 196 197 198 201 207 208 212 213 215 216 217 219 220 222 223 227 229 231 232 233 234 236 238 239 240 241 245 249 253 257 258 259 261 262 263 264 265 267 268 272 273 275 277 278 281 286 288 292 293 294 296 297 242 248 116 13 133 127 224 225 162 77 144 280 
Number of disconnected nodes: 179
Max available bandwidth: 13800 Kbps
Average throughput: 7826.45 Kbps
Throughput to bandwidth ratio: 0.567134
Packet loss percentage: 38.1187%
Average delay: 3145.41 ms
Average jitter: 602.97 ms
G_L: 0.4033

Nodes disconnected: 172 290 193 0 2 3 4 5 6 8 9 10 12 16 17 19 21 23 26 28 29 30 32 33 34 35 38 39 40 41 44 46 48 49 50 52 53 54 58 60 62 65 66 68 69 72 74 75 76 79 83 86 87 88 90 91 92 95 96 97 98 99 100 102 103 104 108 109 110 111 112 113 114 115 117 118 119 122 123 124 125 126 128 132 135 136 137 146 147 148 150 155 156 157 159 160 163 165 168 169 170 171 173 175 179 181 182 183 185 186 187 190 191 192 195 196 197 198 201 207 208 212 213 215 216 217 219 220 222 223 227 229 231 232 233 234 236 238 239 240 241 245 249 253 257 258 259 261 262 263 264 265 267 268 272 273 275 277 278 281 286 288 292 293 294 296 297 242 248 116 13 133 127 224 225 162 77 144 280 250 51 70 
Number of disconnected nodes: 182
Max available bandwidth: 13500 Kbps
Average throughput: 7658.17 Kbps
Throughput to bandwidth ratio: 0.567272
Packet loss percentage: 38.4534%
Average delay: 3054.49 ms
Average jitter: 600.054 ms
G_L: 0.3933

Nodes disconnected: 172 290 193 0 2 3 4 5 6 8 9 10 12 16 17 19 21 23 26 28 29 30 32 33 34 35 38 39 40 41 44 46 48 49 50 52 53 54 58 60 62 65 66 68 69 72 74 75 76 79 83 86 87 88 90 91 92 95 96 97 98 99 100 102 103 104 108 109 110 111 112 113 114 115 117 118 119 122 123 124 125 126 128 132 135 136 137 146 147 148 150 155 156 157 159 160 163 165 168 169 170 171 173 175 179 181 182 183 185 186 187 190 191 192 195 196 197 198 201 207 208 212 213 215 216 217 219 220 222 223 227 229 231 232 233 234 236 238 239 240 241 245 249 253 257 258 259 261 262 263 264 265 267 268 272 273 275 277 278 281 286 288 292 293 294 296 297 242 248 116 13 133 127 224 225 162 77 144 280 250 51 70 205 
Number of disconnected nodes: 183
Max available bandwidth: 13500 Kbps
Average throughput: 7569.39 Kbps
Throughput to bandwidth ratio: 0.560696
Packet loss percentage: 38.6288%
Average delay: 2871.54 ms
Average jitter: 590.395 ms
G_L: 0.39

Nodes disconnected: 172 290 193 0 2 3 4 5 6 8 9 10 12 16 17 19 21 23 26 28 29 30 32 33 34 35 38 39 40 41 44 46 48 49 50 52 53 54 58 60 62 65 66 68 69 72 74 75 76 79 83 86 87 88 90 91 92 95 96 97 98 99 100 102 103 104 108 109 110 111 112 113 114 115 117 118 119 122 123 124 125 126 128 132 135 136 137 146 147 148 150 155 156 157 159 160 163 165 168 169 170 171 173 175 179 181 182 183 185 186 187 190 191 192 195 196 197 198 201 207 208 212 213 215 216 217 219 220 222 223 227 229 231 232 233 234 236 238 239 240 241 245 249 253 257 258 259 261 262 263 264 265 267 268 272 273 275 277 278 281 286 288 292 293 294 296 297 242 248 116 13 133 127 224 225 162 77 144 280 250 51 70 205 221 
Number of disconnected nodes: 184
Max available bandwidth: 13500 Kbps
Average throughput: 7579.94 Kbps
Throughput to bandwidth ratio: 0.561477
Packet loss percentage: 38.6573%
Average delay: 2866.08 ms
Average jitter: 582.13 ms
G_L: 0.3867

Nodes disconnected: 172 290 193 0 2 3 4 5 6 8 9 10 12 16 17 19 21 23 26 28 29 30 32 33 34 35 38 39 40 41 44 46 48 49 50 52 53 54 58 60 62 65 66 68 69 72 74 75 76 79 83 86 87 88 90 91 92 95 96 97 98 99 100 102 103 104 108 109 110 111 112 113 114 115 117 118 119 122 123 124 125 126 128 132 135 136 137 146 147 148 150 155 156 157 159 160 163 165 168 169 170 171 173 175 179 181 182 183 185 186 187 190 191 192 195 196 197 198 201 207 208 212 213 215 216 217 219 220 222 223 227 229 231 232 233 234 236 238 239 240 241 245 249 253 257 258 259 261 262 263 264 265 267 268 272 273 275 277 278 281 286 288 292 293 294 296 297 242 248 116 13 133 127 224 225 162 77 144 280 250 51 70 205 221 18 
Number of disconnected nodes: 185
Max available bandwidth: 13400 Kbps
Average throughput: 7482.8 Kbps
Throughput to bandwidth ratio: 0.558418
Packet loss percentage: 38.6616%
Average delay: 2799.48 ms
Average jitter: 590.716 ms
G_L: 0.3833

Nodes disconnected: 172 290 193 0 2 3 4 5 6 8 9 10 12 16 17 19 21 23 26 28 29 30 32 33 34 35 38 39 40 41 44 46 48 49 50 52 53 54 58 60 62 65 66 68 69 72 74 75 76 79 83 86 87 88 90 91 92 95 96 97 98 99 100 102 103 104 108 109 110 111 112 113 114 115 117 118 119 122 123 124 125 126 128 132 135 136 137 146 147 148 150 155 156 157 159 160 163 165 168 169 170 171 173 175 179 181 182 183 185 186 187 190 191 192 195 196 197 198 201 207 208 212 213 215 216 217 219 220 222 223 227 229 231 232 233 234 236 238 239 240 241 245 249 253 257 258 259 261 262 263 264 265 267 268 272 273 275 277 278 281 286 288 292 293 294 296 297 242 248 116 13 133 127 224 225 162 77 144 280 250 51 70 205 221 18 14 
Number of disconnected nodes: 186
Max available bandwidth: 13300 Kbps
Average throughput: 7387.81 Kbps
Throughput to bandwidth ratio: 0.555475
Packet loss percentage: 39.0202%
Average delay: 2951.23 ms
Average jitter: 584.989 ms
G_L: 0.38

Nodes disconnected: 172 290 193 0 2 3 4 5 6 8 9 10 12 16 17 19 21 23 26 28 29 30 32 33 34 35 38 39 40 41 44 46 48 49 50 52 53 54 58 60 62 65 66 68 69 72 74 75 76 79 83 86 87 88 90 91 92 95 96 97 98 99 100 102 103 104 108 109 110 111 112 113 114 115 117 118 119 122 123 124 125 126 128 132 135 136 137 146 147 148 150 155 156 157 159 160 163 165 168 169 170 171 173 175 179 181 182 183 185 186 187 190 191 192 195 196 197 198 201 207 208 212 213 215 216 217 219 220 222 223 227 229 231 232 233 234 236 238 239 240 241 245 249 253 257 258 259 261 262 263 264 265 267 268 272 273 275 277 278 281 286 288 292 293 294 296 297 242 248 116 13 133 127 224 225 162 77 144 280 250 51 70 205 221 18 14 210 
Number of disconnected nodes: 187
Max available bandwidth: 13300 Kbps
Average throughput: 7305.93 Kbps
Throughput to bandwidth ratio: 0.549318
Packet loss percentage: 39.011%
Average delay: 2901.99 ms
Average jitter: 585.274 ms
G_L: 0.3767

Nodes disconnected: 172 290 193 0 2 3 4 5 6 8 9 10 12 16 17 19 21 23 26 28 29 30 32 33 34 35 38 39 40 41 44 46 48 49 50 52 53 54 58 60 62 65 66 68 69 72 74 75 76 79 83 86 87 88 90 91 92 95 96 97 98 99 100 102 103 104 108 109 110 111 112 113 114 115 117 118 119 122 123 124 125 126 128 132 135 136 137 146 147 148 150 155 156 157 159 160 163 165 168 169 170 171 173 175 179 181 182 183 185 186 187 190 191 192 195 196 197 198 201 207 208 212 213 215 216 217 219 220 222 223 227 229 231 232 233 234 236 238 239 240 241 245 249 253 257 258 259 261 262 263 264 265 267 268 272 273 275 277 278 281 286 288 292 293 294 296 297 242 248 116 13 133 127 224 225 162 77 144 280 250 51 70 205 221 18 14 210 27 
Number of disconnected nodes: 188
Max available bandwidth: 13200 Kbps
Average throughput: 7234.65 Kbps
Throughput to bandwidth ratio: 0.54808
Packet loss percentage: 39.0413%
Average delay: 2928.31 ms
Average jitter: 596.677 ms
G_L: 0.3733

Nodes disconnected: 172 290 193 0 2 3 4 5 6 8 9 10 12 16 17 19 21 23 26 28 29 30 32 33 34 35 38 39 40 41 44 46 48 49 50 52 53 54 58 60 62 65 66 68 69 72 74 75 76 79 83 86 87 88 90 91 92 95 96 97 98 99 100 102 103 104 108 109 110 111 112 113 114 115 117 118 119 122 123 124 125 126 128 132 135 136 137 146 147 148 150 155 156 157 159 160 163 165 168 169 170 171 173 175 179 181 182 183 185 186 187 190 191 192 195 196 197 198 201 207 208 212 213 215 216 217 219 220 222 223 227 229 231 232 233 234 236 238 239 240 241 245 249 253 257 258 259 261 262 263 264 265 267 268 272 273 275 277 278 281 286 288 292 293 294 296 297 242 248 116 13 133 127 224 225 162 77 144 280 250 51 70 205 221 18 14 210 27 56 
Number of disconnected nodes: 189
Max available bandwidth: 13100 Kbps
Average throughput: 7180.41 Kbps
Throughput to bandwidth ratio: 0.548123
Packet loss percentage: 39.2954%
Average delay: 2653.62 ms
Average jitter: 578.797 ms
G_L: 0.37

Nodes disconnected: 172 290 193 0 2 3 4 5 6 8 9 10 12 16 17 19 21 23 26 28 29 30 32 33 34 35 38 39 40 41 44 46 48 49 50 52 53 54 58 60 62 65 66 68 69 72 74 75 76 79 83 86 87 88 90 91 92 95 96 97 98 99 100 102 103 104 108 109 110 111 112 113 114 115 117 118 119 122 123 124 125 126 128 132 135 136 137 146 147 148 150 155 156 157 159 160 163 165 168 169 170 171 173 175 179 181 182 183 185 186 187 190 191 192 195 196 197 198 201 207 208 212 213 215 216 217 219 220 222 223 227 229 231 232 233 234 236 238 239 240 241 245 249 253 257 258 259 261 262 263 264 265 267 268 272 273 275 277 278 281 286 288 292 293 294 296 297 242 248 116 13 133 127 224 225 162 77 144 280 250 51 70 205 221 18 14 210 27 56 271 
Number of disconnected nodes: 190
Max available bandwidth: 13100 Kbps
Average throughput: 7102.89 Kbps
Throughput to bandwidth ratio: 0.542206
Packet loss percentage: 39.5499%
Average delay: 2616.28 ms
Average jitter: 587.343 ms
G_L: 0.3667

Nodes disconnected: 172 290 193 0 2 3 4 5 6 8 9 10 12 16 17 19 21 23 26 28 29 30 32 33 34 35 38 39 40 41 44 46 48 49 50 52 53 54 58 60 62 65 66 68 69 72 74 75 76 79 83 86 87 88 90 91 92 95 96 97 98 99 100 102 103 104 108 109 110 111 112 113 114 115 117 118 119 122 123 124 125 126 128 132 135 136 137 146 147 148 150 155 156 157 159 160 163 165 168 169 170 171 173 175 179 181 182 183 185 186 187 190 191 192 195 196 197 198 201 207 208 212 213 215 216 217 219 220 222 223 227 229 231 232 233 234 236 238 239 240 241 245 249 253 257 258 259 261 262 263 264 265 267 268 272 273 275 277 278 281 286 288 292 293 294 296 297 242 248 116 13 133 127 224 225 162 77 144 280 250 51 70 205 221 18 14 210 27 56 271 1 180 174 15 
Number of disconnected nodes: 194
Max available bandwidth: 12800 Kbps
Average throughput: 6947.33 Kbps
Throughput to bandwidth ratio: 0.54276
Packet loss percentage: 39.0469%
Average delay: 2771.52 ms
Average jitter: 564.173 ms
G_L: 0.3533

Nodes disconnected: 172 290 193 0 2 3 4 5 6 8 9 10 12 16 17 19 21 23 26 28 29 30 32 33 34 35 38 39 40 41 44 46 48 49 50 52 53 54 58 60 62 65 66 68 69 72 74 75 76 79 83 86 87 88 90 91 92 95 96 97 98 99 100 102 103 104 108 109 110 111 112 113 114 115 117 118 119 122 123 124 125 126 128 132 135 136 137 146 147 148 150 155 156 157 159 160 163 165 168 169 170 171 173 175 179 181 182 183 185 186 187 190 191 192 195 196 197 198 201 207 208 212 213 215 216 217 219 220 222 223 227 229 231 232 233 234 236 238 239 240 241 245 249 253 257 258 259 261 262 263 264 265 267 268 272 273 275 277 278 281 286 288 292 293 294 296 297 242 248 116 13 133 127 224 225 162 77 144 280 250 51 70 205 221 18 14 210 27 56 271 1 180 174 15 200 
Number of disconnected nodes: 195
Max available bandwidth: 12800 Kbps
Average throughput: 6871.96 Kbps
Throughput to bandwidth ratio: 0.536872
Packet loss percentage: 39.3623%
Average delay: 2664.68 ms
Average jitter: 574.886 ms
G_L: 0.35

Nodes disconnected: 172 290 193 0 2 3 4 5 6 8 9 10 12 16 17 19 21 23 26 28 29 30 32 33 34 35 38 39 40 41 44 46 48 49 50 52 53 54 58 60 62 65 66 68 69 72 74 75 76 79 83 86 87 88 90 91 92 95 96 97 98 99 100 102 103 104 108 109 110 111 112 113 114 115 117 118 119 122 123 124 125 126 128 132 135 136 137 146 147 148 150 155 156 157 159 160 163 165 168 169 170 171 173 175 179 181 182 183 185 186 187 190 191 192 195 196 197 198 201 207 208 212 213 215 216 217 219 220 222 223 227 229 231 232 233 234 236 238 239 240 241 245 249 253 257 258 259 261 262 263 264 265 267 268 272 273 275 277 278 281 286 288 292 293 294 296 297 242 248 116 13 133 127 224 225 162 77 144 280 250 51 70 205 221 18 14 210 27 56 271 1 180 174 15 200 24 
Number of disconnected nodes: 196
Max available bandwidth: 12700 Kbps
Average throughput: 6778.92 Kbps
Throughput to bandwidth ratio: 0.533773
Packet loss percentage: 39.5655%
Average delay: 2621.39 ms
Average jitter: 566.228 ms
G_L: 0.3467

Nodes disconnected: 172 290 193 0 2 3 4 5 6 8 9 10 12 16 17 19 21 23 26 28 29 30 32 33 34 35 38 39 40 41 44 46 48 49 50 52 53 54 58 60 62 65 66 68 69 72 74 75 76 79 83 86 87 88 90 91 92 95 96 97 98 99 100 102 103 104 108 109 110 111 112 113 114 115 117 118 119 122 123 124 125 126 128 132 135 136 137 146 147 148 150 155 156 157 159 160 163 165 168 169 170 171 173 175 179 181 182 183 185 186 187 190 191 192 195 196 197 198 201 207 208 212 213 215 216 217 219 220 222 223 227 229 231 232 233 234 236 238 239 240 241 245 249 253 257 258 259 261 262 263 264 265 267 268 272 273 275 277 278 281 286 288 292 293 294 296 297 242 248 116 13 133 127 224 225 162 77 144 280 250 51 70 205 221 18 14 210 27 56 271 1 180 174 15 200 24 129 130 141 206 209 20 246 89 25 287 
Number of disconnected nodes: 206
Max available bandwidth: 11700 Kbps
Average throughput: 6070.48 Kbps
Throughput to bandwidth ratio: 0.518845
Packet loss percentage: 40.9074%
Average delay: 2346.6 ms
Average jitter: 531.368 ms
G_L: 0.3133

Nodes disconnected: 172 290 193 0 2 3 4 5 6 8 9 10 12 16 17 19 21 23 26 28 29 30 32 33 34 35 38 39 40 41 44 46 48 49 50 52 53 54 58 60 62 65 66 68 69 72 74 75 76 79 83 86 87 88 90 91 92 95 96 97 98 99 100 102 103 104 108 109 110 111 112 113 114 115 117 118 119 122 123 124 125 126 128 132 135 136 137 146 147 148 150 155 156 157 159 160 163 165 168 169 170 171 173 175 179 181 182 183 185 186 187 190 191 192 195 196 197 198 201 207 208 212 213 215 216 217 219 220 222 223 227 229 231 232 233 234 236 238 239 240 241 245 249 253 257 258 259 261 262 263 264 265 267 268 272 273 275 277 278 281 286 288 292 293 294 296 297 242 248 116 13 133 127 224 225 162 77 144 280 250 51 70 205 221 18 14 210 27 56 271 1 180 174 15 200 24 129 130 141 206 209 20 246 89 25 287 260 
Number of disconnected nodes: 207
Max available bandwidth: 11700 Kbps
Average throughput: 5997.69 Kbps
Throughput to bandwidth ratio: 0.512623
Packet loss percentage: 42.0602%
Average delay: 2296.04 ms
Average jitter: 525.075 ms
G_L: 0.31

Nodes disconnected: 172 290 193 0 2 3 4 5 6 8 9 10 12 16 17 19 21 23 26 28 29 30 32 33 34 35 38 39 40 41 44 46 48 49 50 52 53 54 58 60 62 65 66 68 69 72 74 75 76 79 83 86 87 88 90 91 92 95 96 97 98 99 100 102 103 104 108 109 110 111 112 113 114 115 117 118 119 122 123 124 125 126 128 132 135 136 137 146 147 148 150 155 156 157 159 160 163 165 168 169 170 171 173 175 179 181 182 183 185 186 187 190 191 192 195 196 197 198 201 207 208 212 213 215 216 217 219 220 222 223 227 229 231 232 233 234 236 238 239 240 241 245 249 253 257 258 259 261 262 263 264 265 267 268 272 273 275 277 278 281 286 288 292 293 294 296 297 242 248 116 13 133 127 224 225 162 77 144 280 250 51 70 205 221 18 14 210 27 56 271 1 180 174 15 200 24 129 130 141 206 209 20 246 89 25 287 260 120 
Number of disconnected nodes: 208
Max available bandwidth: 11600 Kbps
Average throughput: 5890.87 Kbps
Throughput to bandwidth ratio: 0.507834
Packet loss percentage: 42.4464%
Average delay: 2361.96 ms
Average jitter: 542.043 ms
G_L: 0.3067

Nodes disconnected: 172 290 193 0 2 3 4 5 6 8 9 10 12 16 17 19 21 23 26 28 29 30 32 33 34 35 38 39 40 41 44 46 48 49 50 52 53 54 58 60 62 65 66 68 69 72 74 75 76 79 83 86 87 88 90 91 92 95 96 97 98 99 100 102 103 104 108 109 110 111 112 113 114 115 117 118 119 122 123 124 125 126 128 132 135 136 137 146 147 148 150 155 156 157 159 160 163 165 168 169 170 171 173 175 179 181 182 183 185 186 187 190 191 192 195 196 197 198 201 207 208 212 213 215 216 217 219 220 222 223 227 229 231 232 233 234 236 238 239 240 241 245 249 253 257 258 259 261 262 263 264 265 267 268 272 273 275 277 278 281 286 288 292 293 294 296 297 242 248 116 13 133 127 224 225 162 77 144 280 250 51 70 205 221 18 14 210 27 56 271 1 180 174 15 200 24 129 130 141 206 209 20 246 89 25 287 260 120 178 151 153 154 94 
Number of disconnected nodes: 213
Max available bandwidth: 11000 Kbps
Average throughput: 5336.91 Kbps
Throughput to bandwidth ratio: 0.485174
Packet loss percentage: 45.4575%
Average delay: 2360.85 ms
Average jitter: 501.708 ms
G_L: 0.29

Nodes disconnected: 172 290 193 0 2 3 4 5 6 8 9 10 12 16 17 19 21 23 26 28 29 30 32 33 34 35 38 39 40 41 44 46 48 49 50 52 53 54 58 60 62 65 66 68 69 72 74 75 76 79 83 86 87 88 90 91 92 95 96 97 98 99 100 102 103 104 108 109 110 111 112 113 114 115 117 118 119 122 123 124 125 126 128 132 135 136 137 146 147 148 150 155 156 157 159 160 163 165 168 169 170 171 173 175 179 181 182 183 185 186 187 190 191 192 195 196 197 198 201 207 208 212 213 215 216 217 219 220 222 223 227 229 231 232 233 234 236 238 239 240 241 245 249 253 257 258 259 261 262 263 264 265 267 268 272 273 275 277 278 281 286 288 292 293 294 296 297 242 248 116 13 133 127 224 225 162 77 144 280 250 51 70 205 221 18 14 210 27 56 271 1 180 174 15 200 24 129 130 141 206 209 20 246 89 25 287 260 120 178 151 153 154 94 59 43 
Number of disconnected nodes: 215
Max available bandwidth: 10900 Kbps
Average throughput: 5166.04 Kbps
Throughput to bandwidth ratio: 0.473948
Packet loss percentage: 45.908%
Average delay: 2283.65 ms
Average jitter: 503.883 ms
G_L: 0.2833

Nodes disconnected: 172 290 193 0 2 3 4 5 6 8 9 10 12 16 17 19 21 23 26 28 29 30 32 33 34 35 38 39 40 41 44 46 48 49 50 52 53 54 58 60 62 65 66 68 69 72 74 75 76 79 83 86 87 88 90 91 92 95 96 97 98 99 100 102 103 104 108 109 110 111 112 113 114 115 117 118 119 122 123 124 125 126 128 132 135 136 137 146 147 148 150 155 156 157 159 160 163 165 168 169 170 171 173 175 179 181 182 183 185 186 187 190 191 192 195 196 197 198 201 207 208 212 213 215 216 217 219 220 222 223 227 229 231 232 233 234 236 238 239 240 241 245 249 253 257 258 259 261 262 263 264 265 267 268 272 273 275 277 278 281 286 288 292 293 294 296 297 242 248 116 13 133 127 224 225 162 77 144 280 250 51 70 205 221 18 14 210 27 56 271 1 180 174 15 200 24 129 130 141 206 209 20 246 89 25 287 260 120 178 151 153 154 94 59 43 81 
Number of disconnected nodes: 216
Max available bandwidth: 10700 Kbps
Average throughput: 5084.67 Kbps
Throughput to bandwidth ratio: 0.475203
Packet loss percentage: 46.3129%
Average delay: 2431.92 ms
Average jitter: 505.258 ms
G_L: 0.28

Nodes disconnected: 172 290 193 0 2 3 4 5 6 8 9 10 12 16 17 19 21 23 26 28 29 30 32 33 34 35 38 39 40 41 44 46 48 49 50 52 53 54 58 60 62 65 66 68 69 72 74 75 76 79 83 86 87 88 90 91 92 95 96 97 98 99 100 102 103 104 108 109 110 111 112 113 114 115 117 118 119 122 123 124 125 126 128 132 135 136 137 146 147 148 150 155 156 157 159 160 163 165 168 169 170 171 173 175 179 181 182 183 185 186 187 190 191 192 195 196 197 198 201 207 208 212 213 215 216 217 219 220 222 223 227 229 231 232 233 234 236 238 239 240 241 245 249 253 257 258 259 261 262 263 264 265 267 268 272 273 275 277 278 281 286 288 292 293 294 296 297 242 248 116 13 133 127 224 225 162 77 144 280 250 51 70 205 221 18 14 210 27 56 271 1 180 174 15 200 24 129 130 141 206 209 20 246 89 25 287 260 120 178 151 153 154 94 59 43 81 211 237 
Number of disconnected nodes: 218
Max available bandwidth: 10600 Kbps
Average throughput: 4986.38 Kbps
Throughput to bandwidth ratio: 0.470413
Packet loss percentage: 46.2394%
Average delay: 2309.54 ms
Average jitter: 495.123 ms
G_L: 0.2733

Nodes disconnected: 172 290 193 0 2 3 4 5 6 8 9 10 12 16 17 19 21 23 26 28 29 30 32 33 34 35 38 39 40 41 44 46 48 49 50 52 53 54 58 60 62 65 66 68 69 72 74 75 76 79 83 86 87 88 90 91 92 95 96 97 98 99 100 102 103 104 108 109 110 111 112 113 114 115 117 118 119 122 123 124 125 126 128 132 135 136 137 146 147 148 150 155 156 157 159 160 163 165 168 169 170 171 173 175 179 181 182 183 185 186 187 190 191 192 195 196 197 198 201 207 208 212 213 215 216 217 219 220 222 223 227 229 231 232 233 234 236 238 239 240 241 245 249 253 257 258 259 261 262 263 264 265 267 268 272 273 275 277 278 281 286 288 292 293 294 296 297 242 248 116 13 133 127 224 225 162 77 144 280 250 51 70 205 221 18 14 210 27 56 271 1 180 174 15 200 24 129 130 141 206 209 20 246 89 25 287 260 120 178 151 153 154 94 59 43 81 211 237 299 254 121 93 158 
Number of disconnected nodes: 223
Max available bandwidth: 9900 Kbps
Average throughput: 4530.49 Kbps
Throughput to bandwidth ratio: 0.457626
Packet loss percentage: 47.3722%
Average delay: 2586.82 ms
Average jitter: 497.248 ms
G_L: 0.2567

Nodes disconnected: 172 290 193 0 2 3 4 5 6 8 9 10 12 16 17 19 21 23 26 28 29 30 32 33 34 35 38 39 40 41 44 46 48 49 50 52 53 54 58 60 62 65 66 68 69 72 74 75 76 79 83 86 87 88 90 91 92 95 96 97 98 99 100 102 103 104 108 109 110 111 112 113 114 115 117 118 119 122 123 124 125 126 128 132 135 136 137 146 147 148 150 155 156 157 159 160 163 165 168 169 170 171 173 175 179 181 182 183 185 186 187 190 191 192 195 196 197 198 201 207 208 212 213 215 216 217 219 220 222 223 227 229 231 232 233 234 236 238 239 240 241 245 249 253 257 258 259 261 262 263 264 265 267 268 272 273 275 277 278 281 286 288 292 293 294 296 297 242 248 116 13 133 127 224 225 162 77 144 280 250 51 70 205 221 18 14 210 27 56 271 1 180 174 15 200 24 129 130 141 206 209 20 246 89 25 287 260 120 178 151 153 154 94 59 43 81 211 237 299 254 121 93 158 256 134 266 11 139 140 142 143 269 145 270 276 22 279 152 282 285 31 161 289 36 37 164 166 167 295 298 45 47 176 177 184 188 63 64 203 204 78 82 85 214 226 101 105 106 107 235 243 251 252 255 
Number of disconnected nodes: 274
Max available bandwidth: 4300 Kbps
Average throughput: 997.731 Kbps
Throughput to bandwidth ratio: 0.232031
Packet loss percentage: 63.9529%
Average delay: 4390.44 ms
Average jitter: 916.46 ms
G_L: 0.0867

Nodes disconnected: 172 290 193 0 2 3 4 5 6 8 9 10 12 16 17 19 21 23 26 28 29 30 32 33 34 35 38 39 40 41 44 46 48 49 50 52 53 54 58 60 62 65 66 68 69 72 74 75 76 79 83 86 87 88 90 91 92 95 96 97 98 99 100 102 103 104 108 109 110 111 112 113 114 115 117 118 119 122 123 124 125 126 128 132 135 136 137 146 147 148 150 155 156 157 159 160 163 165 168 169 170 171 173 175 179 181 182 183 185 186 187 190 191 192 195 196 197 198 201 207 208 212 213 215 216 217 219 220 222 223 227 229 231 232 233 234 236 238 239 240 241 245 249 253 257 258 259 261 262 263 264 265 267 268 272 273 275 277 278 281 286 288 292 293 294 296 297 242 248 116 13 133 127 224 225 162 77 144 280 250 51 70 205 221 18 14 210 27 56 271 1 180 174 15 200 24 129 130 141 206 209 20 246 89 25 287 260 120 178 151 153 154 94 59 43 81 211 237 299 254 121 93 158 256 134 266 11 139 140 142 143 269 145 270 276 22 279 152 282 285 31 161 289 36 37 164 166 167 295 298 45 47 176 177 184 188 63 64 203 204 78 82 85 214 226 101 105 106 107 235 243 251 252 255 131 7 138 274 149 283 284 291 42 55 57 189 61 194 67 71 199 73 202 80 84 218 228 230 244 247 
Number of disconnected nodes: 300
Max available bandwidth: 0 Kbps
Average throughput: 0 Kbps
Throughput to bandwidth ratio: -nan
Packet loss percentage: -nan%
Average delay: -nan ms
Average jitter: -nan ms
G_L: 0

