Nodes disconnected: 
Number of disconnected nodes: 0
Max available bandwidth: 33400 Kbps
Average throughput: 17101.5 Kbps
Throughput to bandwidth ratio: 0.512021
Packet loss percentage: 5.21927%
Average delay: 7987.88 ms
Average jitter: 4344.07 ms
G_L: 1

Nodes disconnected: 125 263 
Number of disconnected nodes: 2
Max available bandwidth: 33400 Kbps
Average throughput: 16815.3 Kbps
Throughput to bandwidth ratio: 0.503451
Packet loss percentage: 5.21071%
Average delay: 8235.17 ms
Average jitter: 4546.52 ms
G_L: 0.9933

Nodes disconnected: 125 263 221 
Number of disconnected nodes: 3
Max available bandwidth: 33400 Kbps
Average throughput: 16849.2 Kbps
Throughput to bandwidth ratio: 0.504467
Packet loss percentage: 5.25452%
Average delay: 7552.15 ms
Average jitter: 4081.36 ms
G_L: 0.99

Nodes disconnected: 125 263 221 84 
Number of disconnected nodes: 4
Max available bandwidth: 33400 Kbps
Average throughput: 16879.3 Kbps
Throughput to bandwidth ratio: 0.505367
Packet loss percentage: 5.23984%
Average delay: 8064.3 ms
Average jitter: 4419.07 ms
G_L: 0.9867

Nodes disconnected: 125 263 221 84 256 270 143 145 209 152 27 158 223 167 295 235 45 237 47 242 243 183 121 251 
Number of disconnected nodes: 24
Max available bandwidth: 31400 Kbps
Average throughput: 15681.2 Kbps
Throughput to bandwidth ratio: 0.499402
Packet loss percentage: 7.18798%
Average delay: 7755.2 ms
Average jitter: 4418.63 ms
G_L: 0.92

Nodes disconnected: 125 263 221 84 256 270 143 145 209 152 27 158 223 167 295 235 45 237 47 242 243 183 121 251 123 
Number of disconnected nodes: 25
Max available bandwidth: 31400 Kbps
Average throughput: 15694.1 Kbps
Throughput to bandwidth ratio: 0.499813
Packet loss percentage: 7.07957%
Average delay: 7674.76 ms
Average jitter: 4330.57 ms
G_L: 0.9167

Nodes disconnected: 125 263 221 84 256 270 143 145 209 152 27 158 223 167 295 235 45 237 47 242 243 183 121 251 123 82 203 
Number of disconnected nodes: 27
Max available bandwidth: 31200 Kbps
Average throughput: 15523.4 Kbps
Throughput to bandwidth ratio: 0.497545
Packet loss percentage: 7.32919%
Average delay: 8151.87 ms
Average jitter: 4601.91 ms
G_L: 0.91

Nodes disconnected: 125 263 221 84 256 270 143 145 209 152 27 158 223 167 295 235 45 237 47 242 243 183 121 251 123 82 203 0 3 4 5 6 7 8 9 10 11 12 16 17 18 21 22 23 26 28 29 30 31 32 33 34 35 36 38 39 40 41 44 46 48 49 50 51 52 53 56 58 60 62 63 64 65 66 68 69 72 75 76 78 79 80 81 83 85 86 88 90 91 92 93 94 95 96 97 98 99 100 101 102 103 104 106 108 110 111 112 114 115 117 118 119 120 122 124 126 127 128 129 132 133 135 136 137 139 140 146 147 148 150 151 153 154 155 156 159 160 161 163 164 165 168 169 170 171 172 174 175 176 177 178 179 181 182 184 185 186 187 188 190 191 192 193 194 195 196 197 198 201 204 207 208 211 212 213 214 215 218 219 220 225 226 227 229 232 233 234 236 238 239 240 241 245 246 248 249 250 252 254 255 257 258 259 260 261 262 264 265 266 267 268 269 272 273 275 276 278 279 280 281 282 283 284 285 286 287 288 289 290 291 292 293 294 296 297 299 
Number of disconnected nodes: 236
Max available bandwidth: 7400 Kbps
Average throughput: 3519.86 Kbps
Throughput to bandwidth ratio: 0.475657
Packet loss percentage: 37.3847%
Average delay: 5589.45 ms
Average jitter: 1143.08 ms
G_L: 0.2133

Nodes disconnected: 125 263 221 84 256 270 143 145 209 152 27 158 223 167 295 235 45 237 47 242 243 183 121 251 123 82 203 0 3 4 5 6 7 8 9 10 11 12 16 17 18 21 22 23 26 28 29 30 31 32 33 34 35 36 38 39 40 41 44 46 48 49 50 51 52 53 56 58 60 62 63 64 65 66 68 69 72 75 76 78 79 80 81 83 85 86 88 90 91 92 93 94 95 96 97 98 99 100 101 102 103 104 106 108 110 111 112 114 115 117 118 119 120 122 124 126 127 128 129 132 133 135 136 137 139 140 146 147 148 150 151 153 154 155 156 159 160 161 163 164 165 168 169 170 171 172 174 175 176 177 178 179 181 182 184 185 186 187 188 190 191 192 193 194 195 196 197 198 201 204 207 208 211 212 213 214 215 218 219 220 225 226 227 229 232 233 234 236 238 239 240 241 245 246 248 249 250 252 254 255 257 258 259 260 261 262 264 265 266 267 268 269 272 273 275 276 278 279 280 281 282 283 284 285 286 287 288 289 290 291 292 293 294 296 297 299 1 130 138 13 14 15 141 142 144 271 20 149 24 157 42 43 298 180 54 55 59 61 199 200 73 74 77 206 222 224 228 231 105 107 116 247 253 
Number of disconnected nodes: 273
Max available bandwidth: 3500 Kbps
Average throughput: 1643.09 Kbps
Throughput to bandwidth ratio: 0.469455
Packet loss percentage: 39.3422%
Average delay: 5038.85 ms
Average jitter: 785.667 ms
G_L: 0.09

Nodes disconnected: 125 263 221 84 256 270 143 145 209 152 27 158 223 167 295 235 45 237 47 242 243 183 121 251 123 82 203 0 3 4 5 6 7 8 9 10 11 12 16 17 18 21 22 23 26 28 29 30 31 32 33 34 35 36 38 39 40 41 44 46 48 49 50 51 52 53 56 58 60 62 63 64 65 66 68 69 72 75 76 78 79 80 81 83 85 86 88 90 91 92 93 94 95 96 97 98 99 100 101 102 103 104 106 108 110 111 112 114 115 117 118 119 120 122 124 126 127 128 129 132 133 135 136 137 139 140 146 147 148 150 151 153 154 155 156 159 160 161 163 164 165 168 169 170 171 172 174 175 176 177 178 179 181 182 184 185 186 187 188 190 191 192 193 194 195 196 197 198 201 204 207 208 211 212 213 214 215 218 219 220 225 226 227 229 232 233 234 236 238 239 240 241 245 246 248 249 250 252 254 255 257 258 259 260 261 262 264 265 266 267 268 269 272 273 275 276 278 279 280 281 282 283 284 285 286 287 288 289 290 291 292 293 294 296 297 299 1 130 138 13 14 15 141 142 144 271 20 149 24 157 42 43 298 180 54 55 59 61 199 200 73 74 77 206 222 224 228 231 105 107 116 247 253 210 131 70 230 
Number of disconnected nodes: 277
Max available bandwidth: 3300 Kbps
Average throughput: 1317.33 Kbps
Throughput to bandwidth ratio: 0.399191
Packet loss percentage: 46.9602%
Average delay: 3210.67 ms
Average jitter: 561.917 ms
G_L: 0.0767

Nodes disconnected: 125 263 221 84 256 270 143 145 209 152 27 158 223 167 295 235 45 237 47 242 243 183 121 251 123 82 203 0 3 4 5 6 7 8 9 10 11 12 16 17 18 21 22 23 26 28 29 30 31 32 33 34 35 36 38 39 40 41 44 46 48 49 50 51 52 53 56 58 60 62 63 64 65 66 68 69 72 75 76 78 79 80 81 83 85 86 88 90 91 92 93 94 95 96 97 98 99 100 101 102 103 104 106 108 110 111 112 114 115 117 118 119 120 122 124 126 127 128 129 132 133 135 136 137 139 140 146 147 148 150 151 153 154 155 156 159 160 161 163 164 165 168 169 170 171 172 174 175 176 177 178 179 181 182 184 185 186 187 188 190 191 192 193 194 195 196 197 198 201 204 207 208 211 212 213 214 215 218 219 220 225 226 227 229 232 233 234 236 238 239 240 241 245 246 248 249 250 252 254 255 257 258 259 260 261 262 264 265 266 267 268 269 272 273 275 276 278 279 280 281 282 283 284 285 286 287 288 289 290 291 292 293 294 296 297 299 1 130 138 13 14 15 141 142 144 271 20 149 24 157 42 43 298 180 54 55 59 61 199 200 73 74 77 206 222 224 228 231 105 107 116 247 253 210 131 70 230 109 
Number of disconnected nodes: 278
Max available bandwidth: 3200 Kbps
Average throughput: 1335.79 Kbps
Throughput to bandwidth ratio: 0.417435
Packet loss percentage: 43.115%
Average delay: 4321.68 ms
Average jitter: 663.866 ms
G_L: 0.0733

Nodes disconnected: 125 263 221 84 256 270 143 145 209 152 27 158 223 167 295 235 45 237 47 242 243 183 121 251 123 82 203 0 3 4 5 6 7 8 9 10 11 12 16 17 18 21 22 23 26 28 29 30 31 32 33 34 35 36 38 39 40 41 44 46 48 49 50 51 52 53 56 58 60 62 63 64 65 66 68 69 72 75 76 78 79 80 81 83 85 86 88 90 91 92 93 94 95 96 97 98 99 100 101 102 103 104 106 108 110 111 112 114 115 117 118 119 120 122 124 126 127 128 129 132 133 135 136 137 139 140 146 147 148 150 151 153 154 155 156 159 160 161 163 164 165 168 169 170 171 172 174 175 176 177 178 179 181 182 184 185 186 187 188 190 191 192 193 194 195 196 197 198 201 204 207 208 211 212 213 214 215 218 219 220 225 226 227 229 232 233 234 236 238 239 240 241 245 246 248 249 250 252 254 255 257 258 259 260 261 262 264 265 266 267 268 269 272 273 275 276 278 279 280 281 282 283 284 285 286 287 288 289 290 291 292 293 294 296 297 299 1 130 138 13 14 15 141 142 144 271 20 149 24 157 42 43 298 180 54 55 59 61 199 200 73 74 77 206 222 224 228 231 105 107 116 247 253 210 131 70 230 109 2 217 37 134 166 202 173 205 113 274 277 216 57 189 
Number of disconnected nodes: 292
Max available bandwidth: 800 Kbps
Average throughput: 467.178 Kbps
Throughput to bandwidth ratio: 0.583972
Packet loss percentage: 48.8506%
Average delay: 1921.58 ms
Average jitter: 423.117 ms
G_L: 0.0267

Nodes disconnected: 125 263 221 84 256 270 143 145 209 152 27 158 223 167 295 235 45 237 47 242 243 183 121 251 123 82 203 0 3 4 5 6 7 8 9 10 11 12 16 17 18 21 22 23 26 28 29 30 31 32 33 34 35 36 38 39 40 41 44 46 48 49 50 51 52 53 56 58 60 62 63 64 65 66 68 69 72 75 76 78 79 80 81 83 85 86 88 90 91 92 93 94 95 96 97 98 99 100 101 102 103 104 106 108 110 111 112 114 115 117 118 119 120 122 124 126 127 128 129 132 133 135 136 137 139 140 146 147 148 150 151 153 154 155 156 159 160 161 163 164 165 168 169 170 171 172 174 175 176 177 178 179 181 182 184 185 186 187 188 190 191 192 193 194 195 196 197 198 201 204 207 208 211 212 213 214 215 218 219 220 225 226 227 229 232 233 234 236 238 239 240 241 245 246 248 249 250 252 254 255 257 258 259 260 261 262 264 265 266 267 268 269 272 273 275 276 278 279 280 281 282 283 284 285 286 287 288 289 290 291 292 293 294 296 297 299 1 130 138 13 14 15 141 142 144 271 20 149 24 157 42 43 298 180 54 55 59 61 199 200 73 74 77 206 222 224 228 231 105 107 116 247 253 210 131 70 230 109 2 217 37 134 166 202 173 205 113 274 277 216 57 189 89 25 19 87 
Number of disconnected nodes: 296
Max available bandwidth: 200 Kbps
Average throughput: 150.181 Kbps
Throughput to bandwidth ratio: 0.750907
Packet loss percentage: 66.3812%
Average delay: 567.714 ms
Average jitter: 359.3 ms
G_L: 0.0133

Nodes disconnected: 125 263 221 84 256 270 143 145 209 152 27 158 223 167 295 235 45 237 47 242 243 183 121 251 123 82 203 0 3 4 5 6 7 8 9 10 11 12 16 17 18 21 22 23 26 28 29 30 31 32 33 34 35 36 38 39 40 41 44 46 48 49 50 51 52 53 56 58 60 62 63 64 65 66 68 69 72 75 76 78 79 80 81 83 85 86 88 90 91 92 93 94 95 96 97 98 99 100 101 102 103 104 106 108 110 111 112 114 115 117 118 119 120 122 124 126 127 128 129 132 133 135 136 137 139 140 146 147 148 150 151 153 154 155 156 159 160 161 163 164 165 168 169 170 171 172 174 175 176 177 178 179 181 182 184 185 186 187 188 190 191 192 193 194 195 196 197 198 201 204 207 208 211 212 213 214 215 218 219 220 225 226 227 229 232 233 234 236 238 239 240 241 245 246 248 249 250 252 254 255 257 258 259 260 261 262 264 265 266 267 268 269 272 273 275 276 278 279 280 281 282 283 284 285 286 287 288 289 290 291 292 293 294 296 297 299 1 130 138 13 14 15 141 142 144 271 20 149 24 157 42 43 298 180 54 55 59 61 199 200 73 74 77 206 222 224 228 231 105 107 116 247 253 210 131 70 230 109 2 217 37 134 166 202 173 205 113 274 277 216 57 189 89 25 19 87 162 67 244 71 
Number of disconnected nodes: 300
Max available bandwidth: 0 Kbps
Average throughput: 0 Kbps
Throughput to bandwidth ratio: -nan
Packet loss percentage: -nan%
Average delay: -nan ms
Average jitter: -nan ms
G_L: 0

