Nodes disconnected: 
Number of disconnected nodes: 0
Max available bandwidth: 33400 Kbps
Average throughput: 25289.2 Kbps
Throughput to bandwidth ratio: 0.757162
Packet loss percentage: 5.68588%
Average delay: 2125.04 ms
Average jitter: 597.51 ms
G_L: 1

Nodes disconnected: 64 184 295 
Number of disconnected nodes: 3
Max available bandwidth: 33200 Kbps
Average throughput: 25057.5 Kbps
Throughput to bandwidth ratio: 0.754745
Packet loss percentage: 5.97736%
Average delay: 2080.23 ms
Average jitter: 591.304 ms
G_L: 0.99

Nodes disconnected: 64 184 295 245 
Number of disconnected nodes: 4
Max available bandwidth: 33200 Kbps
Average throughput: 24966.3 Kbps
Throughput to bandwidth ratio: 0.751997
Packet loss percentage: 6.11641%
Average delay: 2156.8 ms
Average jitter: 592.565 ms
G_L: 0.9867

Nodes disconnected: 64 184 295 245 121 
Number of disconnected nodes: 5
Max available bandwidth: 33100 Kbps
Average throughput: 24875.1 Kbps
Throughput to bandwidth ratio: 0.751514
Packet loss percentage: 6.18495%
Average delay: 2143.53 ms
Average jitter: 588.809 ms
G_L: 0.9833

Nodes disconnected: 64 184 295 245 121 195 
Number of disconnected nodes: 6
Max available bandwidth: 33100 Kbps
Average throughput: 24827.8 Kbps
Throughput to bandwidth ratio: 0.750086
Packet loss percentage: 6.27387%
Average delay: 2137.84 ms
Average jitter: 587.909 ms
G_L: 0.98

Nodes disconnected: 64 184 295 245 121 195 224 144 
Number of disconnected nodes: 8
Max available bandwidth: 33000 Kbps
Average throughput: 24636.6 Kbps
Throughput to bandwidth ratio: 0.746564
Packet loss percentage: 6.50768%
Average delay: 2093.93 ms
Average jitter: 581.444 ms
G_L: 0.9733

Nodes disconnected: 64 184 295 245 121 195 224 144 142 14 
Number of disconnected nodes: 10
Max available bandwidth: 32900 Kbps
Average throughput: 24479.7 Kbps
Throughput to bandwidth ratio: 0.744062
Packet loss percentage: 6.70672%
Average delay: 2124.56 ms
Average jitter: 579.338 ms
G_L: 0.9667

Nodes disconnected: 64 184 295 245 121 195 224 144 142 14 0 3 4 5 6 8 9 10 12 16 17 21 23 26 28 29 30 32 33 34 35 38 39 40 41 44 46 48 49 50 52 53 58 60 62 65 66 68 69 72 75 76 79 83 86 88 90 91 92 95 96 97 98 99 100 102 103 104 108 110 111 112 114 115 117 118 119 122 123 124 125 126 128 132 135 136 137 146 147 148 150 155 156 159 160 163 165 168 169 170 171 172 175 176 179 181 182 185 186 187 190 191 192 193 196 197 198 201 207 208 212 213 215 219 220 227 229 232 233 234 236 238 239 240 241 249 256 257 258 259 261 262 263 264 265 267 269 272 273 275 278 281 286 288 290 292 293 294 296 297 
Number of disconnected nodes: 160
Max available bandwidth: 15400 Kbps
Average throughput: 8783.91 Kbps
Throughput to bandwidth ratio: 0.570384
Packet loss percentage: 38.1358%
Average delay: 3074.41 ms
Average jitter: 652.993 ms
G_L: 0.4667

Nodes disconnected: 64 184 295 245 121 195 224 144 142 14 0 3 4 5 6 8 9 10 12 16 17 21 23 26 28 29 30 32 33 34 35 38 39 40 41 44 46 48 49 50 52 53 58 60 62 65 66 68 69 72 75 76 79 83 86 88 90 91 92 95 96 97 98 99 100 102 103 104 108 110 111 112 114 115 117 118 119 122 123 124 125 126 128 132 135 136 137 146 147 148 150 155 156 159 160 163 165 168 169 170 171 172 175 176 179 181 182 185 186 187 190 191 192 193 196 197 198 201 207 208 212 213 215 219 220 227 229 232 233 234 236 238 239 240 241 249 256 257 258 259 261 262 263 264 265 267 269 272 273 275 278 281 286 288 290 292 293 294 296 297 237 
Number of disconnected nodes: 161
Max available bandwidth: 15300 Kbps
Average throughput: 8760.23 Kbps
Throughput to bandwidth ratio: 0.572564
Packet loss percentage: 37.9057%
Average delay: 3172.17 ms
Average jitter: 654.69 ms
G_L: 0.4633

Nodes disconnected: 64 184 295 245 121 195 224 144 142 14 0 3 4 5 6 8 9 10 12 16 17 21 23 26 28 29 30 32 33 34 35 38 39 40 41 44 46 48 49 50 52 53 58 60 62 65 66 68 69 72 75 76 79 83 86 88 90 91 92 95 96 97 98 99 100 102 103 104 108 110 111 112 114 115 117 118 119 122 123 124 125 126 128 132 135 136 137 146 147 148 150 155 156 159 160 163 165 168 169 170 171 172 175 176 179 181 182 185 186 187 190 191 192 193 196 197 198 201 207 208 212 213 215 219 220 227 229 232 233 234 236 238 239 240 241 249 256 257 258 259 261 262 263 264 265 267 269 272 273 275 278 281 286 288 290 292 293 294 296 297 237 174 
Number of disconnected nodes: 162
Max available bandwidth: 15300 Kbps
Average throughput: 8626.58 Kbps
Throughput to bandwidth ratio: 0.563829
Packet loss percentage: 38.3276%
Average delay: 3076.9 ms
Average jitter: 655.127 ms
G_L: 0.46

Nodes disconnected: 64 184 295 245 121 195 224 144 142 14 0 3 4 5 6 8 9 10 12 16 17 21 23 26 28 29 30 32 33 34 35 38 39 40 41 44 46 48 49 50 52 53 58 60 62 65 66 68 69 72 75 76 79 83 86 88 90 91 92 95 96 97 98 99 100 102 103 104 108 110 111 112 114 115 117 118 119 122 123 124 125 126 128 132 135 136 137 146 147 148 150 155 156 159 160 163 165 168 169 170 171 172 175 176 179 181 182 185 186 187 190 191 192 193 196 197 198 201 207 208 212 213 215 219 220 227 229 232 233 234 236 238 239 240 241 249 256 257 258 259 261 262 263 264 265 267 269 272 273 275 278 281 286 288 290 292 293 294 296 297 237 174 194 
Number of disconnected nodes: 163
Max available bandwidth: 15200 Kbps
Average throughput: 8605.21 Kbps
Throughput to bandwidth ratio: 0.566132
Packet loss percentage: 38.6897%
Average delay: 3006.69 ms
Average jitter: 633.762 ms
G_L: 0.4567

Nodes disconnected: 64 184 295 245 121 195 224 144 142 14 0 3 4 5 6 8 9 10 12 16 17 21 23 26 28 29 30 32 33 34 35 38 39 40 41 44 46 48 49 50 52 53 58 60 62 65 66 68 69 72 75 76 79 83 86 88 90 91 92 95 96 97 98 99 100 102 103 104 108 110 111 112 114 115 117 118 119 122 123 124 125 126 128 132 135 136 137 146 147 148 150 155 156 159 160 163 165 168 169 170 171 172 175 176 179 181 182 185 186 187 190 191 192 193 196 197 198 201 207 208 212 213 215 219 220 227 229 232 233 234 236 238 239 240 241 249 256 257 258 259 261 262 263 264 265 267 269 272 273 275 278 281 286 288 290 292 293 294 296 297 237 174 194 51 127 
Number of disconnected nodes: 165
Max available bandwidth: 15000 Kbps
Average throughput: 8544.03 Kbps
Throughput to bandwidth ratio: 0.569602
Packet loss percentage: 37.9192%
Average delay: 2890.56 ms
Average jitter: 640.392 ms
G_L: 0.45

Nodes disconnected: 64 184 295 245 121 195 224 144 142 14 0 3 4 5 6 8 9 10 12 16 17 21 23 26 28 29 30 32 33 34 35 38 39 40 41 44 46 48 49 50 52 53 58 60 62 65 66 68 69 72 75 76 79 83 86 88 90 91 92 95 96 97 98 99 100 102 103 104 108 110 111 112 114 115 117 118 119 122 123 124 125 126 128 132 135 136 137 146 147 148 150 155 156 159 160 163 165 168 169 170 171 172 175 176 179 181 182 185 186 187 190 191 192 193 196 197 198 201 207 208 212 213 215 219 220 227 229 232 233 234 236 238 239 240 241 249 256 257 258 259 261 262 263 264 265 267 269 272 273 275 278 281 286 288 290 292 293 294 296 297 237 174 194 51 127 221 
Number of disconnected nodes: 166
Max available bandwidth: 15000 Kbps
Average throughput: 8518.56 Kbps
Throughput to bandwidth ratio: 0.567904
Packet loss percentage: 38.0698%
Average delay: 2953.48 ms
Average jitter: 632.544 ms
G_L: 0.4467

Nodes disconnected: 64 184 295 245 121 195 224 144 142 14 0 3 4 5 6 8 9 10 12 16 17 21 23 26 28 29 30 32 33 34 35 38 39 40 41 44 46 48 49 50 52 53 58 60 62 65 66 68 69 72 75 76 79 83 86 88 90 91 92 95 96 97 98 99 100 102 103 104 108 110 111 112 114 115 117 118 119 122 123 124 125 126 128 132 135 136 137 146 147 148 150 155 156 159 160 163 165 168 169 170 171 172 175 176 179 181 182 185 186 187 190 191 192 193 196 197 198 201 207 208 212 213 215 219 220 227 229 232 233 234 236 238 239 240 241 249 256 257 258 259 261 262 263 264 265 267 269 272 273 275 278 281 286 288 290 292 293 294 296 297 237 174 194 51 127 221 279 
Number of disconnected nodes: 167
Max available bandwidth: 15000 Kbps
Average throughput: 8347.42 Kbps
Throughput to bandwidth ratio: 0.556494
Packet loss percentage: 38.5026%
Average delay: 2918.65 ms
Average jitter: 631.602 ms
G_L: 0.4433

Nodes disconnected: 64 184 295 245 121 195 224 144 142 14 0 3 4 5 6 8 9 10 12 16 17 21 23 26 28 29 30 32 33 34 35 38 39 40 41 44 46 48 49 50 52 53 58 60 62 65 66 68 69 72 75 76 79 83 86 88 90 91 92 95 96 97 98 99 100 102 103 104 108 110 111 112 114 115 117 118 119 122 123 124 125 126 128 132 135 136 137 146 147 148 150 155 156 159 160 163 165 168 169 170 171 172 175 176 179 181 182 185 186 187 190 191 192 193 196 197 198 201 207 208 212 213 215 219 220 227 229 232 233 234 236 238 239 240 241 249 256 257 258 259 261 262 263 264 265 267 269 272 273 275 278 281 286 288 290 292 293 294 296 297 237 174 194 51 127 221 279 180 
Number of disconnected nodes: 168
Max available bandwidth: 14900 Kbps
Average throughput: 8272.29 Kbps
Throughput to bandwidth ratio: 0.555187
Packet loss percentage: 38.5782%
Average delay: 2979.57 ms
Average jitter: 636.721 ms
G_L: 0.44

Nodes disconnected: 64 184 295 245 121 195 224 144 142 14 0 3 4 5 6 8 9 10 12 16 17 21 23 26 28 29 30 32 33 34 35 38 39 40 41 44 46 48 49 50 52 53 58 60 62 65 66 68 69 72 75 76 79 83 86 88 90 91 92 95 96 97 98 99 100 102 103 104 108 110 111 112 114 115 117 118 119 122 123 124 125 126 128 132 135 136 137 146 147 148 150 155 156 159 160 163 165 168 169 170 171 172 175 176 179 181 182 185 186 187 190 191 192 193 196 197 198 201 207 208 212 213 215 219 220 227 229 232 233 234 236 238 239 240 241 249 256 257 258 259 261 262 263 264 265 267 269 272 273 275 278 281 286 288 290 292 293 294 296 297 237 174 194 51 127 221 279 180 141 
Number of disconnected nodes: 169
Max available bandwidth: 14800 Kbps
Average throughput: 8232.95 Kbps
Throughput to bandwidth ratio: 0.556281
Packet loss percentage: 38.5673%
Average delay: 2819.1 ms
Average jitter: 622.762 ms
G_L: 0.4367

Nodes disconnected: 64 184 295 245 121 195 224 144 142 14 0 3 4 5 6 8 9 10 12 16 17 21 23 26 28 29 30 32 33 34 35 38 39 40 41 44 46 48 49 50 52 53 58 60 62 65 66 68 69 72 75 76 79 83 86 88 90 91 92 95 96 97 98 99 100 102 103 104 108 110 111 112 114 115 117 118 119 122 123 124 125 126 128 132 135 136 137 146 147 148 150 155 156 159 160 163 165 168 169 170 171 172 175 176 179 181 182 185 186 187 190 191 192 193 196 197 198 201 207 208 212 213 215 219 220 227 229 232 233 234 236 238 239 240 241 249 256 257 258 259 261 262 263 264 265 267 269 272 273 275 278 281 286 288 290 292 293 294 296 297 237 174 194 51 127 221 279 180 141 289 63 
Number of disconnected nodes: 171
Max available bandwidth: 14600 Kbps
Average throughput: 8037.84 Kbps
Throughput to bandwidth ratio: 0.550537
Packet loss percentage: 38.7991%
Average delay: 2669.22 ms
Average jitter: 607.915 ms
G_L: 0.43

Nodes disconnected: 64 184 295 245 121 195 224 144 142 14 0 3 4 5 6 8 9 10 12 16 17 21 23 26 28 29 30 32 33 34 35 38 39 40 41 44 46 48 49 50 52 53 58 60 62 65 66 68 69 72 75 76 79 83 86 88 90 91 92 95 96 97 98 99 100 102 103 104 108 110 111 112 114 115 117 118 119 122 123 124 125 126 128 132 135 136 137 146 147 148 150 155 156 159 160 163 165 168 169 170 171 172 175 176 179 181 182 185 186 187 190 191 192 193 196 197 198 201 207 208 212 213 215 219 220 227 229 232 233 234 236 238 239 240 241 249 256 257 258 259 261 262 263 264 265 267 269 272 273 275 278 281 286 288 290 292 293 294 296 297 237 174 194 51 127 221 279 180 141 289 63 120 248 
Number of disconnected nodes: 173
Max available bandwidth: 14500 Kbps
Average throughput: 7987.99 Kbps
Throughput to bandwidth ratio: 0.550896
Packet loss percentage: 38.6132%
Average delay: 2800.58 ms
Average jitter: 603.769 ms
G_L: 0.4233

Nodes disconnected: 64 184 295 245 121 195 224 144 142 14 0 3 4 5 6 8 9 10 12 16 17 21 23 26 28 29 30 32 33 34 35 38 39 40 41 44 46 48 49 50 52 53 58 60 62 65 66 68 69 72 75 76 79 83 86 88 90 91 92 95 96 97 98 99 100 102 103 104 108 110 111 112 114 115 117 118 119 122 123 124 125 126 128 132 135 136 137 146 147 148 150 155 156 159 160 163 165 168 169 170 171 172 175 176 179 181 182 185 186 187 190 191 192 193 196 197 198 201 207 208 212 213 215 219 220 227 229 232 233 234 236 238 239 240 241 249 256 257 258 259 261 262 263 264 265 267 269 272 273 275 278 281 286 288 290 292 293 294 296 297 237 174 194 51 127 221 279 180 141 289 63 120 248 214 
Number of disconnected nodes: 174
Max available bandwidth: 14500 Kbps
Average throughput: 7949.9 Kbps
Throughput to bandwidth ratio: 0.548269
Packet loss percentage: 37.9776%
Average delay: 2586.21 ms
Average jitter: 611.059 ms
G_L: 0.42

Nodes disconnected: 64 184 295 245 121 195 224 144 142 14 0 3 4 5 6 8 9 10 12 16 17 21 23 26 28 29 30 32 33 34 35 38 39 40 41 44 46 48 49 50 52 53 58 60 62 65 66 68 69 72 75 76 79 83 86 88 90 91 92 95 96 97 98 99 100 102 103 104 108 110 111 112 114 115 117 118 119 122 123 124 125 126 128 132 135 136 137 146 147 148 150 155 156 159 160 163 165 168 169 170 171 172 175 176 179 181 182 185 186 187 190 191 192 193 196 197 198 201 207 208 212 213 215 219 220 227 229 232 233 234 236 238 239 240 241 249 256 257 258 259 261 262 263 264 265 267 269 272 273 275 278 281 286 288 290 292 293 294 296 297 237 174 194 51 127 221 279 180 141 289 63 120 248 214 94 
Number of disconnected nodes: 175
Max available bandwidth: 14400 Kbps
Average throughput: 7858.59 Kbps
Throughput to bandwidth ratio: 0.545735
Packet loss percentage: 38.1765%
Average delay: 2545.19 ms
Average jitter: 614.989 ms
G_L: 0.4167

Nodes disconnected: 64 184 295 245 121 195 224 144 142 14 0 3 4 5 6 8 9 10 12 16 17 21 23 26 28 29 30 32 33 34 35 38 39 40 41 44 46 48 49 50 52 53 58 60 62 65 66 68 69 72 75 76 79 83 86 88 90 91 92 95 96 97 98 99 100 102 103 104 108 110 111 112 114 115 117 118 119 122 123 124 125 126 128 132 135 136 137 146 147 148 150 155 156 159 160 163 165 168 169 170 171 172 175 176 179 181 182 185 186 187 190 191 192 193 196 197 198 201 207 208 212 213 215 219 220 227 229 232 233 234 236 238 239 240 241 249 256 257 258 259 261 262 263 264 265 267 269 272 273 275 278 281 286 288 290 292 293 294 296 297 237 174 194 51 127 221 279 180 141 289 63 120 248 214 94 178 154 235 
Number of disconnected nodes: 178
Max available bandwidth: 14200 Kbps
Average throughput: 7633.64 Kbps
Throughput to bandwidth ratio: 0.537581
Packet loss percentage: 39.1312%
Average delay: 2790.13 ms
Average jitter: 608.186 ms
G_L: 0.4067

Nodes disconnected: 64 184 295 245 121 195 224 144 142 14 0 3 4 5 6 8 9 10 12 16 17 21 23 26 28 29 30 32 33 34 35 38 39 40 41 44 46 48 49 50 52 53 58 60 62 65 66 68 69 72 75 76 79 83 86 88 90 91 92 95 96 97 98 99 100 102 103 104 108 110 111 112 114 115 117 118 119 122 123 124 125 126 128 132 135 136 137 146 147 148 150 155 156 159 160 163 165 168 169 170 171 172 175 176 179 181 182 185 186 187 190 191 192 193 196 197 198 201 207 208 212 213 215 219 220 227 229 232 233 234 236 238 239 240 241 249 256 257 258 259 261 262 263 264 265 267 269 272 273 275 278 281 286 288 290 292 293 294 296 297 237 174 194 51 127 221 279 180 141 289 63 120 248 214 94 178 154 235 222 
Number of disconnected nodes: 179
Max available bandwidth: 14200 Kbps
Average throughput: 7499.33 Kbps
Throughput to bandwidth ratio: 0.528122
Packet loss percentage: 39.1438%
Average delay: 2729.04 ms
Average jitter: 605.7 ms
G_L: 0.4033

Nodes disconnected: 64 184 295 245 121 195 224 144 142 14 0 3 4 5 6 8 9 10 12 16 17 21 23 26 28 29 30 32 33 34 35 38 39 40 41 44 46 48 49 50 52 53 58 60 62 65 66 68 69 72 75 76 79 83 86 88 90 91 92 95 96 97 98 99 100 102 103 104 108 110 111 112 114 115 117 118 119 122 123 124 125 126 128 132 135 136 137 146 147 148 150 155 156 159 160 163 165 168 169 170 171 172 175 176 179 181 182 185 186 187 190 191 192 193 196 197 198 201 207 208 212 213 215 219 220 227 229 232 233 234 236 238 239 240 241 249 256 257 258 259 261 262 263 264 265 267 269 272 273 275 278 281 286 288 290 292 293 294 296 297 237 174 194 51 127 221 279 180 141 289 63 120 248 214 94 178 154 235 222 1 2 130 260 7 138 266 13 15 271 20 149 277 24 283 157 31 42 43 298 54 55 59 61 199 200 73 74 77 205 206 80 218 228 231 105 107 116 247 250 253 
Number of disconnected nodes: 220
Max available bandwidth: 9800 Kbps
Average throughput: 4738.86 Kbps
Throughput to bandwidth ratio: 0.483557
Packet loss percentage: 46.5329%
Average delay: 1785.46 ms
Average jitter: 460.552 ms
G_L: 0.2667

Nodes disconnected: 64 184 295 245 121 195 224 144 142 14 0 3 4 5 6 8 9 10 12 16 17 21 23 26 28 29 30 32 33 34 35 38 39 40 41 44 46 48 49 50 52 53 58 60 62 65 66 68 69 72 75 76 79 83 86 88 90 91 92 95 96 97 98 99 100 102 103 104 108 110 111 112 114 115 117 118 119 122 123 124 125 126 128 132 135 136 137 146 147 148 150 155 156 159 160 163 165 168 169 170 171 172 175 176 179 181 182 185 186 187 190 191 192 193 196 197 198 201 207 208 212 213 215 219 220 227 229 232 233 234 236 238 239 240 241 249 256 257 258 259 261 262 263 264 265 267 269 272 273 275 278 281 286 288 290 292 293 294 296 297 237 174 194 51 127 221 279 180 141 289 63 120 248 214 94 178 154 235 222 1 2 130 260 7 138 266 13 15 271 20 149 277 24 283 157 31 42 43 298 54 55 59 61 199 200 73 74 77 205 206 80 218 228 231 105 107 116 247 250 253 131 84 
Number of disconnected nodes: 222
Max available bandwidth: 9700 Kbps
Average throughput: 4632.72 Kbps
Throughput to bandwidth ratio: 0.4776
Packet loss percentage: 46.8336%
Average delay: 1562.79 ms
Average jitter: 444.929 ms
G_L: 0.26

Nodes disconnected: 64 184 295 245 121 195 224 144 142 14 0 3 4 5 6 8 9 10 12 16 17 21 23 26 28 29 30 32 33 34 35 38 39 40 41 44 46 48 49 50 52 53 58 60 62 65 66 68 69 72 75 76 79 83 86 88 90 91 92 95 96 97 98 99 100 102 103 104 108 110 111 112 114 115 117 118 119 122 123 124 125 126 128 132 135 136 137 146 147 148 150 155 156 159 160 163 165 168 169 170 171 172 175 176 179 181 182 185 186 187 190 191 192 193 196 197 198 201 207 208 212 213 215 219 220 227 229 232 233 234 236 238 239 240 241 249 256 257 258 259 261 262 263 264 265 267 269 272 273 275 278 281 286 288 290 292 293 294 296 297 237 174 194 51 127 221 279 180 141 289 63 120 248 214 94 178 154 235 222 1 2 130 260 7 138 266 13 15 271 20 149 277 24 283 157 31 42 43 298 54 55 59 61 199 200 73 74 77 205 206 80 218 228 231 105 107 116 247 250 253 131 84 209 
Number of disconnected nodes: 223
Max available bandwidth: 9700 Kbps
Average throughput: 4507.85 Kbps
Throughput to bandwidth ratio: 0.464727
Packet loss percentage: 47.402%
Average delay: 1397.17 ms
Average jitter: 437.495 ms
G_L: 0.2567

Nodes disconnected: 64 184 295 245 121 195 224 144 142 14 0 3 4 5 6 8 9 10 12 16 17 21 23 26 28 29 30 32 33 34 35 38 39 40 41 44 46 48 49 50 52 53 58 60 62 65 66 68 69 72 75 76 79 83 86 88 90 91 92 95 96 97 98 99 100 102 103 104 108 110 111 112 114 115 117 118 119 122 123 124 125 126 128 132 135 136 137 146 147 148 150 155 156 159 160 163 165 168 169 170 171 172 175 176 179 181 182 185 186 187 190 191 192 193 196 197 198 201 207 208 212 213 215 219 220 227 229 232 233 234 236 238 239 240 241 249 256 257 258 259 261 262 263 264 265 267 269 272 273 275 278 281 286 288 290 292 293 294 296 297 237 174 194 51 127 221 279 180 141 289 63 120 248 214 94 178 154 235 222 1 2 130 260 7 138 266 13 15 271 20 149 277 24 283 157 31 42 43 298 54 55 59 61 199 200 73 74 77 205 206 80 218 228 231 105 107 116 247 250 253 131 84 209 129 133 134 11 139 140 268 143 270 145 18 19 276 22 151 152 25 153 27 280 282 158 284 285 161 162 287 36 37 164 166 167 291 299 45 173 47 177 183 56 188 70 203 204 78 81 82 210 211 85 87 216 89 217 93 223 225 226 101 230 106 109 113 242 243 244 246 251 252 254 255 
Number of disconnected nodes: 294
Max available bandwidth: 1300 Kbps
Average throughput: 97.8256 Kbps
Throughput to bandwidth ratio: 0.0752505
Packet loss percentage: 78.2264%
Average delay: -nan ms
Average jitter: -nan ms
G_L: 0.02

Nodes disconnected: 64 184 295 245 121 195 224 144 142 14 0 3 4 5 6 8 9 10 12 16 17 21 23 26 28 29 30 32 33 34 35 38 39 40 41 44 46 48 49 50 52 53 58 60 62 65 66 68 69 72 75 76 79 83 86 88 90 91 92 95 96 97 98 99 100 102 103 104 108 110 111 112 114 115 117 118 119 122 123 124 125 126 128 132 135 136 137 146 147 148 150 155 156 159 160 163 165 168 169 170 171 172 175 176 179 181 182 185 186 187 190 191 192 193 196 197 198 201 207 208 212 213 215 219 220 227 229 232 233 234 236 238 239 240 241 249 256 257 258 259 261 262 263 264 265 267 269 272 273 275 278 281 286 288 290 292 293 294 296 297 237 174 194 51 127 221 279 180 141 289 63 120 248 214 94 178 154 235 222 1 2 130 260 7 138 266 13 15 271 20 149 277 24 283 157 31 42 43 298 54 55 59 61 199 200 73 74 77 205 206 80 218 228 231 105 107 116 247 250 253 131 84 209 129 133 134 11 139 140 268 143 270 145 18 19 276 22 151 152 25 153 27 280 282 158 284 285 161 162 287 36 37 164 166 167 291 299 45 173 47 177 183 56 188 70 203 204 78 81 82 210 211 85 87 216 89 217 93 223 225 226 101 230 106 109 113 242 243 244 246 251 252 254 255 202 274 189 
Number of disconnected nodes: 297
Max available bandwidth: 1000 Kbps
Average throughput: 47.521 Kbps
Throughput to bandwidth ratio: 0.047521
Packet loss percentage: 78.7864%
Average delay: -nan ms
Average jitter: -nan ms
G_L: 0.01

Nodes disconnected: 64 184 295 245 121 195 224 144 142 14 0 3 4 5 6 8 9 10 12 16 17 21 23 26 28 29 30 32 33 34 35 38 39 40 41 44 46 48 49 50 52 53 58 60 62 65 66 68 69 72 75 76 79 83 86 88 90 91 92 95 96 97 98 99 100 102 103 104 108 110 111 112 114 115 117 118 119 122 123 124 125 126 128 132 135 136 137 146 147 148 150 155 156 159 160 163 165 168 169 170 171 172 175 176 179 181 182 185 186 187 190 191 192 193 196 197 198 201 207 208 212 213 215 219 220 227 229 232 233 234 236 238 239 240 241 249 256 257 258 259 261 262 263 264 265 267 269 272 273 275 278 281 286 288 290 292 293 294 296 297 237 174 194 51 127 221 279 180 141 289 63 120 248 214 94 178 154 235 222 1 2 130 260 7 138 266 13 15 271 20 149 277 24 283 157 31 42 43 298 54 55 59 61 199 200 73 74 77 205 206 80 218 228 231 105 107 116 247 250 253 131 84 209 129 133 134 11 139 140 268 143 270 145 18 19 276 22 151 152 25 153 27 280 282 158 284 285 161 162 287 36 37 164 166 167 291 299 45 173 47 177 183 56 188 70 203 204 78 81 82 210 211 85 87 216 89 217 93 223 225 226 101 230 106 109 113 242 243 244 246 251 252 254 255 202 274 189 57 
Number of disconnected nodes: 298
Max available bandwidth: 100 Kbps
Average throughput: 44.9936 Kbps
Throughput to bandwidth ratio: 0.449936
Packet loss percentage: 75.8157%
Average delay: -nan ms
Average jitter: -nan ms
G_L: 0.0067

Nodes disconnected: 64 184 295 245 121 195 224 144 142 14 0 3 4 5 6 8 9 10 12 16 17 21 23 26 28 29 30 32 33 34 35 38 39 40 41 44 46 48 49 50 52 53 58 60 62 65 66 68 69 72 75 76 79 83 86 88 90 91 92 95 96 97 98 99 100 102 103 104 108 110 111 112 114 115 117 118 119 122 123 124 125 126 128 132 135 136 137 146 147 148 150 155 156 159 160 163 165 168 169 170 171 172 175 176 179 181 182 185 186 187 190 191 192 193 196 197 198 201 207 208 212 213 215 219 220 227 229 232 233 234 236 238 239 240 241 249 256 257 258 259 261 262 263 264 265 267 269 272 273 275 278 281 286 288 290 292 293 294 296 297 237 174 194 51 127 221 279 180 141 289 63 120 248 214 94 178 154 235 222 1 2 130 260 7 138 266 13 15 271 20 149 277 24 283 157 31 42 43 298 54 55 59 61 199 200 73 74 77 205 206 80 218 228 231 105 107 116 247 250 253 131 84 209 129 133 134 11 139 140 268 143 270 145 18 19 276 22 151 152 25 153 27 280 282 158 284 285 161 162 287 36 37 164 166 167 291 299 45 173 47 177 183 56 188 70 203 204 78 81 82 210 211 85 87 216 89 217 93 223 225 226 101 230 106 109 113 242 243 244 246 251 252 254 255 202 274 189 57 67 71 
Number of disconnected nodes: 300
Max available bandwidth: 0 Kbps
Average throughput: 0 Kbps
Throughput to bandwidth ratio: -nan
Packet loss percentage: -nan%
Average delay: -nan ms
Average jitter: -nan ms
G_L: 0

