Nodes disconnected: 
Number of disconnected nodes: 0
Max available bandwidth: 33400 Kbps
Average throughput: 17021.7 Kbps
Throughput to bandwidth ratio: 0.509631
Packet loss percentage: 5.25472%
Average delay: 8541.66 ms
Average jitter: 4607.83 ms
G_L: 1

Nodes disconnected: 137 
Number of disconnected nodes: 1
Max available bandwidth: 33400 Kbps
Average throughput: 17075.2 Kbps
Throughput to bandwidth ratio: 0.511234
Packet loss percentage: 5.20275%
Average delay: 8067.54 ms
Average jitter: 4355.89 ms
G_L: 0.9967

Nodes disconnected: 137 227 
Number of disconnected nodes: 2
Max available bandwidth: 33400 Kbps
Average throughput: 16965.6 Kbps
Throughput to bandwidth ratio: 0.507953
Packet loss percentage: 5.198%
Average delay: 7017.72 ms
Average jitter: 3904.78 ms
G_L: 0.9933

Nodes disconnected: 137 227 116 
Number of disconnected nodes: 3
Max available bandwidth: 33400 Kbps
Average throughput: 16919 Kbps
Throughput to bandwidth ratio: 0.506556
Packet loss percentage: 5.18171%
Average delay: 7904.56 ms
Average jitter: 4705.32 ms
G_L: 0.99

Nodes disconnected: 137 227 116 232 
Number of disconnected nodes: 4
Max available bandwidth: 33400 Kbps
Average throughput: 16923.1 Kbps
Throughput to bandwidth ratio: 0.50668
Packet loss percentage: 5.22917%
Average delay: 8065.22 ms
Average jitter: 4466.08 ms
G_L: 0.9867

Nodes disconnected: 137 227 116 232 272 
Number of disconnected nodes: 5
Max available bandwidth: 33400 Kbps
Average throughput: 16828.6 Kbps
Throughput to bandwidth ratio: 0.503849
Packet loss percentage: 5.22163%
Average delay: 8454.34 ms
Average jitter: 4678.73 ms
G_L: 0.9833

Nodes disconnected: 137 227 116 232 272 19 87 
Number of disconnected nodes: 7
Max available bandwidth: 33200 Kbps
Average throughput: 16568 Kbps
Throughput to bandwidth ratio: 0.499035
Packet loss percentage: 9.80564%
Average delay: 7419.42 ms
Average jitter: 3968.55 ms
G_L: 0.9767

Nodes disconnected: 137 227 116 232 272 19 87 94 
Number of disconnected nodes: 8
Max available bandwidth: 33100 Kbps
Average throughput: 16431.5 Kbps
Throughput to bandwidth ratio: 0.496419
Packet loss percentage: 9.71488%
Average delay: 7808.98 ms
Average jitter: 4323.14 ms
G_L: 0.9733

Nodes disconnected: 137 227 116 232 272 19 87 94 0 3 4 5 6 8 9 10 12 16 17 21 23 26 28 29 30 32 33 34 35 38 39 40 41 44 46 48 49 50 52 53 58 60 62 65 66 68 69 72 75 76 79 83 86 88 90 91 92 95 96 97 98 99 100 102 103 104 108 110 111 112 114 115 117 118 119 122 123 124 125 126 128 132 135 136 146 147 148 150 155 156 159 160 163 165 168 169 170 171 172 175 179 181 182 185 186 187 190 191 192 193 195 196 197 198 201 207 208 212 213 215 219 220 229 233 234 236 238 239 240 241 245 249 257 258 259 261 262 263 264 265 267 273 275 278 281 286 288 290 292 293 294 296 297 
Number of disconnected nodes: 153
Max available bandwidth: 15600 Kbps
Average throughput: 7170.04 Kbps
Throughput to bandwidth ratio: 0.459618
Packet loss percentage: 40.6311%
Average delay: 8074.57 ms
Average jitter: 2724.07 ms
G_L: 0.49

Nodes disconnected: 137 227 116 232 272 19 87 94 0 3 4 5 6 8 9 10 12 16 17 21 23 26 28 29 30 32 33 34 35 38 39 40 41 44 46 48 49 50 52 53 58 60 62 65 66 68 69 72 75 76 79 83 86 88 90 91 92 95 96 97 98 99 100 102 103 104 108 110 111 112 114 115 117 118 119 122 123 124 125 126 128 132 135 136 146 147 148 150 155 156 159 160 163 165 168 169 170 171 172 175 179 181 182 185 186 187 190 191 192 193 195 196 197 198 201 207 208 212 213 215 219 220 229 233 234 236 238 239 240 241 245 249 257 258 259 261 262 263 264 265 267 273 275 278 281 286 288 290 292 293 294 296 297 221 
Number of disconnected nodes: 154
Max available bandwidth: 15600 Kbps
Average throughput: 6995.86 Kbps
Throughput to bandwidth ratio: 0.448453
Packet loss percentage: 41.1514%
Average delay: 7960.37 ms
Average jitter: 2744.38 ms
G_L: 0.4867

Nodes disconnected: 137 227 116 232 272 19 87 94 0 3 4 5 6 8 9 10 12 16 17 21 23 26 28 29 30 32 33 34 35 38 39 40 41 44 46 48 49 50 52 53 58 60 62 65 66 68 69 72 75 76 79 83 86 88 90 91 92 95 96 97 98 99 100 102 103 104 108 110 111 112 114 115 117 118 119 122 123 124 125 126 128 132 135 136 146 147 148 150 155 156 159 160 163 165 168 169 170 171 172 175 179 181 182 185 186 187 190 191 192 193 195 196 197 198 201 207 208 212 213 215 219 220 229 233 234 236 238 239 240 241 245 249 257 258 259 261 262 263 264 265 267 273 275 278 281 286 288 290 292 293 294 296 297 221 161 
Number of disconnected nodes: 155
Max available bandwidth: 15500 Kbps
Average throughput: 6940.06 Kbps
Throughput to bandwidth ratio: 0.447746
Packet loss percentage: 42.0278%
Average delay: 7401.34 ms
Average jitter: 2344.05 ms
G_L: 0.4833

Nodes disconnected: 137 227 116 232 272 19 87 94 0 3 4 5 6 8 9 10 12 16 17 21 23 26 28 29 30 32 33 34 35 38 39 40 41 44 46 48 49 50 52 53 58 60 62 65 66 68 69 72 75 76 79 83 86 88 90 91 92 95 96 97 98 99 100 102 103 104 108 110 111 112 114 115 117 118 119 122 123 124 125 126 128 132 135 136 146 147 148 150 155 156 159 160 163 165 168 169 170 171 172 175 179 181 182 185 186 187 190 191 192 193 195 196 197 198 201 207 208 212 213 215 219 220 229 233 234 236 238 239 240 241 245 249 257 258 259 261 262 263 264 265 267 273 275 278 281 286 288 290 292 293 294 296 297 221 161 78 
Number of disconnected nodes: 156
Max available bandwidth: 15400 Kbps
Average throughput: 6892.85 Kbps
Throughput to bandwidth ratio: 0.447588
Packet loss percentage: 41.6729%
Average delay: 7381.64 ms
Average jitter: 2460.31 ms
G_L: 0.48

Nodes disconnected: 137 227 116 232 272 19 87 94 0 3 4 5 6 8 9 10 12 16 17 21 23 26 28 29 30 32 33 34 35 38 39 40 41 44 46 48 49 50 52 53 58 60 62 65 66 68 69 72 75 76 79 83 86 88 90 91 92 95 96 97 98 99 100 102 103 104 108 110 111 112 114 115 117 118 119 122 123 124 125 126 128 132 135 136 146 147 148 150 155 156 159 160 163 165 168 169 170 171 172 175 179 181 182 185 186 187 190 191 192 193 195 196 197 198 201 207 208 212 213 215 219 220 229 233 234 236 238 239 240 241 245 249 257 258 259 261 262 263 264 265 267 273 275 278 281 286 288 290 292 293 294 296 297 221 161 78 144 224 
Number of disconnected nodes: 158
Max available bandwidth: 15300 Kbps
Average throughput: 6839.71 Kbps
Throughput to bandwidth ratio: 0.44704
Packet loss percentage: 41.2142%
Average delay: 6164.98 ms
Average jitter: 2021.17 ms
G_L: 0.4733

Nodes disconnected: 137 227 116 232 272 19 87 94 0 3 4 5 6 8 9 10 12 16 17 21 23 26 28 29 30 32 33 34 35 38 39 40 41 44 46 48 49 50 52 53 58 60 62 65 66 68 69 72 75 76 79 83 86 88 90 91 92 95 96 97 98 99 100 102 103 104 108 110 111 112 114 115 117 118 119 122 123 124 125 126 128 132 135 136 146 147 148 150 155 156 159 160 163 165 168 169 170 171 172 175 179 181 182 185 186 187 190 191 192 193 195 196 197 198 201 207 208 212 213 215 219 220 229 233 234 236 238 239 240 241 245 249 257 258 259 261 262 263 264 265 267 273 275 278 281 286 288 290 292 293 294 296 297 221 161 78 144 224 105 
Number of disconnected nodes: 159
Max available bandwidth: 15300 Kbps
Average throughput: 6742.96 Kbps
Throughput to bandwidth ratio: 0.440716
Packet loss percentage: 41.4862%
Average delay: 7718.9 ms
Average jitter: 2647.93 ms
G_L: 0.47

Nodes disconnected: 137 227 116 232 272 19 87 94 0 3 4 5 6 8 9 10 12 16 17 21 23 26 28 29 30 32 33 34 35 38 39 40 41 44 46 48 49 50 52 53 58 60 62 65 66 68 69 72 75 76 79 83 86 88 90 91 92 95 96 97 98 99 100 102 103 104 108 110 111 112 114 115 117 118 119 122 123 124 125 126 128 132 135 136 146 147 148 150 155 156 159 160 163 165 168 169 170 171 172 175 179 181 182 185 186 187 190 191 192 193 195 196 197 198 201 207 208 212 213 215 219 220 229 233 234 236 238 239 240 241 245 249 257 258 259 261 262 263 264 265 267 273 275 278 281 286 288 290 292 293 294 296 297 221 161 78 144 224 105 242 228 
Number of disconnected nodes: 161
Max available bandwidth: 15200 Kbps
Average throughput: 6700.9 Kbps
Throughput to bandwidth ratio: 0.440849
Packet loss percentage: 39.9908%
Average delay: 8018.45 ms
Average jitter: 3015.32 ms
G_L: 0.4633

Nodes disconnected: 137 227 116 232 272 19 87 94 0 3 4 5 6 8 9 10 12 16 17 21 23 26 28 29 30 32 33 34 35 38 39 40 41 44 46 48 49 50 52 53 58 60 62 65 66 68 69 72 75 76 79 83 86 88 90 91 92 95 96 97 98 99 100 102 103 104 108 110 111 112 114 115 117 118 119 122 123 124 125 126 128 132 135 136 146 147 148 150 155 156 159 160 163 165 168 169 170 171 172 175 179 181 182 185 186 187 190 191 192 193 195 196 197 198 201 207 208 212 213 215 219 220 229 233 234 236 238 239 240 241 245 249 257 258 259 261 262 263 264 265 267 273 275 278 281 286 288 290 292 293 294 296 297 221 161 78 144 224 105 242 228 1 130 141 20 276 151 24 153 154 157 285 178 54 200 74 206 225 231 106 246 250 253 255 
Number of disconnected nodes: 184
Max available bandwidth: 12900 Kbps
Average throughput: 5545.93 Kbps
Throughput to bandwidth ratio: 0.429917
Packet loss percentage: 43.6994%
Average delay: 5659.81 ms
Average jitter: 1604.89 ms
G_L: 0.3867

Nodes disconnected: 137 227 116 232 272 19 87 94 0 3 4 5 6 8 9 10 12 16 17 21 23 26 28 29 30 32 33 34 35 38 39 40 41 44 46 48 49 50 52 53 58 60 62 65 66 68 69 72 75 76 79 83 86 88 90 91 92 95 96 97 98 99 100 102 103 104 108 110 111 112 114 115 117 118 119 122 123 124 125 126 128 132 135 136 146 147 148 150 155 156 159 160 163 165 168 169 170 171 172 175 179 181 182 185 186 187 190 191 192 193 195 196 197 198 201 207 208 212 213 215 219 220 229 233 234 236 238 239 240 241 245 249 257 258 259 261 262 263 264 265 267 273 275 278 281 286 288 290 292 293 294 296 297 221 161 78 144 224 105 242 228 1 130 141 20 276 151 24 153 154 157 285 178 54 200 74 206 225 231 106 246 250 253 255 216 2 277 
Number of disconnected nodes: 187
Max available bandwidth: 12700 Kbps
Average throughput: 5480.86 Kbps
Throughput to bandwidth ratio: 0.431564
Packet loss percentage: 42.2861%
Average delay: 7361.95 ms
Average jitter: 2275.24 ms
G_L: 0.3767

Nodes disconnected: 137 227 116 232 272 19 87 94 0 3 4 5 6 8 9 10 12 16 17 21 23 26 28 29 30 32 33 34 35 38 39 40 41 44 46 48 49 50 52 53 58 60 62 65 66 68 69 72 75 76 79 83 86 88 90 91 92 95 96 97 98 99 100 102 103 104 108 110 111 112 114 115 117 118 119 122 123 124 125 126 128 132 135 136 146 147 148 150 155 156 159 160 163 165 168 169 170 171 172 175 179 181 182 185 186 187 190 191 192 193 195 196 197 198 201 207 208 212 213 215 219 220 229 233 234 236 238 239 240 241 245 249 257 258 259 261 262 263 264 265 267 273 275 278 281 286 288 290 292 293 294 296 297 221 161 78 144 224 105 242 228 1 130 141 20 276 151 24 153 154 157 285 178 54 200 74 206 225 231 106 246 250 253 255 216 2 277 209 143 
Number of disconnected nodes: 189
Max available bandwidth: 12500 Kbps
Average throughput: 5305.06 Kbps
Throughput to bandwidth ratio: 0.424405
Packet loss percentage: 44.0699%
Average delay: 7194 ms
Average jitter: 2284.65 ms
G_L: 0.37

Nodes disconnected: 137 227 116 232 272 19 87 94 0 3 4 5 6 8 9 10 12 16 17 21 23 26 28 29 30 32 33 34 35 38 39 40 41 44 46 48 49 50 52 53 58 60 62 65 66 68 69 72 75 76 79 83 86 88 90 91 92 95 96 97 98 99 100 102 103 104 108 110 111 112 114 115 117 118 119 122 123 124 125 126 128 132 135 136 146 147 148 150 155 156 159 160 163 165 168 169 170 171 172 175 179 181 182 185 186 187 190 191 192 193 195 196 197 198 201 207 208 212 213 215 219 220 229 233 234 236 238 239 240 241 245 249 257 258 259 261 262 263 264 265 267 273 275 278 281 286 288 290 292 293 294 296 297 221 161 78 144 224 105 242 228 1 130 141 20 276 151 24 153 154 157 285 178 54 200 74 206 225 231 106 246 250 253 255 216 2 277 209 143 248 202 274 189 
Number of disconnected nodes: 193
Max available bandwidth: 12200 Kbps
Average throughput: 5310.7 Kbps
Throughput to bandwidth ratio: 0.435303
Packet loss percentage: 43.6987%
Average delay: 7349.21 ms
Average jitter: 1874.93 ms
G_L: 0.3567

Nodes disconnected: 137 227 116 232 272 19 87 94 0 3 4 5 6 8 9 10 12 16 17 21 23 26 28 29 30 32 33 34 35 38 39 40 41 44 46 48 49 50 52 53 58 60 62 65 66 68 69 72 75 76 79 83 86 88 90 91 92 95 96 97 98 99 100 102 103 104 108 110 111 112 114 115 117 118 119 122 123 124 125 126 128 132 135 136 146 147 148 150 155 156 159 160 163 165 168 169 170 171 172 175 179 181 182 185 186 187 190 191 192 193 195 196 197 198 201 207 208 212 213 215 219 220 229 233 234 236 238 239 240 241 245 249 257 258 259 261 262 263 264 265 267 273 275 278 281 286 288 290 292 293 294 296 297 221 161 78 144 224 105 242 228 1 130 141 20 276 151 24 153 154 157 285 178 54 200 74 206 225 231 106 246 250 253 255 216 2 277 209 143 248 202 274 189 11 
Number of disconnected nodes: 194
Max available bandwidth: 12000 Kbps
Average throughput: 5109.2 Kbps
Throughput to bandwidth ratio: 0.425767
Packet loss percentage: 45.9362%
Average delay: 6246.87 ms
Average jitter: 1436.48 ms
G_L: 0.3533

Nodes disconnected: 137 227 116 232 272 19 87 94 0 3 4 5 6 8 9 10 12 16 17 21 23 26 28 29 30 32 33 34 35 38 39 40 41 44 46 48 49 50 52 53 58 60 62 65 66 68 69 72 75 76 79 83 86 88 90 91 92 95 96 97 98 99 100 102 103 104 108 110 111 112 114 115 117 118 119 122 123 124 125 126 128 132 135 136 146 147 148 150 155 156 159 160 163 165 168 169 170 171 172 175 179 181 182 185 186 187 190 191 192 193 195 196 197 198 201 207 208 212 213 215 219 220 229 233 234 236 238 239 240 241 245 249 257 258 259 261 262 263 264 265 267 273 275 278 281 286 288 290 292 293 294 296 297 221 161 78 144 224 105 242 228 1 130 141 20 276 151 24 153 154 157 285 178 54 200 74 206 225 231 106 246 250 253 255 216 2 277 209 143 248 202 274 189 11 194 291 133 18 284 
Number of disconnected nodes: 199
Max available bandwidth: 11500 Kbps
Average throughput: 5070.02 Kbps
Throughput to bandwidth ratio: 0.440871
Packet loss percentage: 41.0102%
Average delay: 7191.06 ms
Average jitter: 2183.5 ms
G_L: 0.3367

Nodes disconnected: 137 227 116 232 272 19 87 94 0 3 4 5 6 8 9 10 12 16 17 21 23 26 28 29 30 32 33 34 35 38 39 40 41 44 46 48 49 50 52 53 58 60 62 65 66 68 69 72 75 76 79 83 86 88 90 91 92 95 96 97 98 99 100 102 103 104 108 110 111 112 114 115 117 118 119 122 123 124 125 126 128 132 135 136 146 147 148 150 155 156 159 160 163 165 168 169 170 171 172 175 179 181 182 185 186 187 190 191 192 193 195 196 197 198 201 207 208 212 213 215 219 220 229 233 234 236 238 239 240 241 245 249 257 258 259 261 262 263 264 265 267 273 275 278 281 286 288 290 292 293 294 296 297 221 161 78 144 224 105 242 228 1 130 141 20 276 151 24 153 154 157 285 178 54 200 74 206 225 231 106 246 250 253 255 216 2 277 209 143 248 202 274 189 11 194 291 133 18 284 270 
Number of disconnected nodes: 200
Max available bandwidth: 11500 Kbps
Average throughput: 5014.8 Kbps
Throughput to bandwidth ratio: 0.43607
Packet loss percentage: 43.3876%
Average delay: 5406.38 ms
Average jitter: 1530.94 ms
G_L: 0.3333

Nodes disconnected: 137 227 116 232 272 19 87 94 0 3 4 5 6 8 9 10 12 16 17 21 23 26 28 29 30 32 33 34 35 38 39 40 41 44 46 48 49 50 52 53 58 60 62 65 66 68 69 72 75 76 79 83 86 88 90 91 92 95 96 97 98 99 100 102 103 104 108 110 111 112 114 115 117 118 119 122 123 124 125 126 128 132 135 136 146 147 148 150 155 156 159 160 163 165 168 169 170 171 172 175 179 181 182 185 186 187 190 191 192 193 195 196 197 198 201 207 208 212 213 215 219 220 229 233 234 236 238 239 240 241 245 249 257 258 259 261 262 263 264 265 267 273 275 278 281 286 288 290 292 293 294 296 297 221 161 78 144 224 105 242 228 1 130 141 20 276 151 24 153 154 157 285 178 54 200 74 206 225 231 106 246 250 253 255 216 2 277 209 143 248 202 274 189 11 194 291 133 18 284 270 164 
Number of disconnected nodes: 201
Max available bandwidth: 11300 Kbps
Average throughput: 5025.22 Kbps
Throughput to bandwidth ratio: 0.44471
Packet loss percentage: 41.8528%
Average delay: 7923.87 ms
Average jitter: 1864.29 ms
G_L: 0.33

Nodes disconnected: 137 227 116 232 272 19 87 94 0 3 4 5 6 8 9 10 12 16 17 21 23 26 28 29 30 32 33 34 35 38 39 40 41 44 46 48 49 50 52 53 58 60 62 65 66 68 69 72 75 76 79 83 86 88 90 91 92 95 96 97 98 99 100 102 103 104 108 110 111 112 114 115 117 118 119 122 123 124 125 126 128 132 135 136 146 147 148 150 155 156 159 160 163 165 168 169 170 171 172 175 179 181 182 185 186 187 190 191 192 193 195 196 197 198 201 207 208 212 213 215 219 220 229 233 234 236 238 239 240 241 245 249 257 258 259 261 262 263 264 265 267 273 275 278 281 286 288 290 292 293 294 296 297 221 161 78 144 224 105 242 228 1 130 141 20 276 151 24 153 154 157 285 178 54 200 74 206 225 231 106 246 250 253 255 216 2 277 209 143 248 202 274 189 11 194 291 133 18 284 270 164 142 14 
Number of disconnected nodes: 203
Max available bandwidth: 11200 Kbps
Average throughput: 4860.37 Kbps
Throughput to bandwidth ratio: 0.433962
Packet loss percentage: 42.8554%
Average delay: 6046.82 ms
Average jitter: 1467.34 ms
G_L: 0.3233

Nodes disconnected: 137 227 116 232 272 19 87 94 0 3 4 5 6 8 9 10 12 16 17 21 23 26 28 29 30 32 33 34 35 38 39 40 41 44 46 48 49 50 52 53 58 60 62 65 66 68 69 72 75 76 79 83 86 88 90 91 92 95 96 97 98 99 100 102 103 104 108 110 111 112 114 115 117 118 119 122 123 124 125 126 128 132 135 136 146 147 148 150 155 156 159 160 163 165 168 169 170 171 172 175 179 181 182 185 186 187 190 191 192 193 195 196 197 198 201 207 208 212 213 215 219 220 229 233 234 236 238 239 240 241 245 249 257 258 259 261 262 263 264 265 267 273 275 278 281 286 288 290 292 293 294 296 297 221 161 78 144 224 105 242 228 1 130 141 20 276 151 24 153 154 157 285 178 54 200 74 206 225 231 106 246 250 253 255 216 2 277 209 143 248 202 274 189 11 194 291 133 18 284 270 164 142 14 140 
Number of disconnected nodes: 204
Max available bandwidth: 11100 Kbps
Average throughput: 4796.67 Kbps
Throughput to bandwidth ratio: 0.432133
Packet loss percentage: 43.2609%
Average delay: 6705.05 ms
Average jitter: 1517.48 ms
G_L: 0.32

Nodes disconnected: 137 227 116 232 272 19 87 94 0 3 4 5 6 8 9 10 12 16 17 21 23 26 28 29 30 32 33 34 35 38 39 40 41 44 46 48 49 50 52 53 58 60 62 65 66 68 69 72 75 76 79 83 86 88 90 91 92 95 96 97 98 99 100 102 103 104 108 110 111 112 114 115 117 118 119 122 123 124 125 126 128 132 135 136 146 147 148 150 155 156 159 160 163 165 168 169 170 171 172 175 179 181 182 185 186 187 190 191 192 193 195 196 197 198 201 207 208 212 213 215 219 220 229 233 234 236 238 239 240 241 245 249 257 258 259 261 262 263 264 265 267 273 275 278 281 286 288 290 292 293 294 296 297 221 161 78 144 224 105 242 228 1 130 141 20 276 151 24 153 154 157 285 178 54 200 74 206 225 231 106 246 250 253 255 216 2 277 209 143 248 202 274 189 11 194 291 133 18 284 270 164 142 14 140 205 
Number of disconnected nodes: 205
Max available bandwidth: 11100 Kbps
Average throughput: 4798.94 Kbps
Throughput to bandwidth ratio: 0.432337
Packet loss percentage: 43.2001%
Average delay: 7079.92 ms
Average jitter: 1538.72 ms
G_L: 0.3167

Nodes disconnected: 137 227 116 232 272 19 87 94 0 3 4 5 6 8 9 10 12 16 17 21 23 26 28 29 30 32 33 34 35 38 39 40 41 44 46 48 49 50 52 53 58 60 62 65 66 68 69 72 75 76 79 83 86 88 90 91 92 95 96 97 98 99 100 102 103 104 108 110 111 112 114 115 117 118 119 122 123 124 125 126 128 132 135 136 146 147 148 150 155 156 159 160 163 165 168 169 170 171 172 175 179 181 182 185 186 187 190 191 192 193 195 196 197 198 201 207 208 212 213 215 219 220 229 233 234 236 238 239 240 241 245 249 257 258 259 261 262 263 264 265 267 273 275 278 281 286 288 290 292 293 294 296 297 221 161 78 144 224 105 242 228 1 130 141 20 276 151 24 153 154 157 285 178 54 200 74 206 225 231 106 246 250 253 255 216 2 277 209 143 248 202 274 189 11 194 291 133 18 284 270 164 142 14 140 205 203 13 
Number of disconnected nodes: 207
Max available bandwidth: 10900 Kbps
Average throughput: 4644.48 Kbps
Throughput to bandwidth ratio: 0.426099
Packet loss percentage: 43.704%
Average delay: 5644.66 ms
Average jitter: 1255.37 ms
G_L: 0.31

Nodes disconnected: 137 227 116 232 272 19 87 94 0 3 4 5 6 8 9 10 12 16 17 21 23 26 28 29 30 32 33 34 35 38 39 40 41 44 46 48 49 50 52 53 58 60 62 65 66 68 69 72 75 76 79 83 86 88 90 91 92 95 96 97 98 99 100 102 103 104 108 110 111 112 114 115 117 118 119 122 123 124 125 126 128 132 135 136 146 147 148 150 155 156 159 160 163 165 168 169 170 171 172 175 179 181 182 185 186 187 190 191 192 193 195 196 197 198 201 207 208 212 213 215 219 220 229 233 234 236 238 239 240 241 245 249 257 258 259 261 262 263 264 265 267 273 275 278 281 286 288 290 292 293 294 296 297 221 161 78 144 224 105 242 228 1 130 141 20 276 151 24 153 154 157 285 178 54 200 74 206 225 231 106 246 250 253 255 216 2 277 209 143 248 202 274 189 11 194 291 133 18 284 270 164 142 14 140 205 203 13 36 101 138 139 298 109 174 269 210 180 85 22 149 280 
Number of disconnected nodes: 221
Max available bandwidth: 9800 Kbps
Average throughput: 4038.69 Kbps
Throughput to bandwidth ratio: 0.412111
Packet loss percentage: 41.1095%
Average delay: 7606.74 ms
Average jitter: 1707.85 ms
G_L: 0.2633

Nodes disconnected: 137 227 116 232 272 19 87 94 0 3 4 5 6 8 9 10 12 16 17 21 23 26 28 29 30 32 33 34 35 38 39 40 41 44 46 48 49 50 52 53 58 60 62 65 66 68 69 72 75 76 79 83 86 88 90 91 92 95 96 97 98 99 100 102 103 104 108 110 111 112 114 115 117 118 119 122 123 124 125 126 128 132 135 136 146 147 148 150 155 156 159 160 163 165 168 169 170 171 172 175 179 181 182 185 186 187 190 191 192 193 195 196 197 198 201 207 208 212 213 215 219 220 229 233 234 236 238 239 240 241 245 249 257 258 259 261 262 263 264 265 267 273 275 278 281 286 288 290 292 293 294 296 297 221 161 78 144 224 105 242 228 1 130 141 20 276 151 24 153 154 157 285 178 54 200 74 206 225 231 106 246 250 253 255 216 2 277 209 143 248 202 274 189 11 194 291 133 18 284 270 164 142 14 140 205 203 13 36 101 138 139 298 109 174 269 210 180 85 22 149 280 266 
Number of disconnected nodes: 222
Max available bandwidth: 9800 Kbps
Average throughput: 4033.53 Kbps
Throughput to bandwidth ratio: 0.411584
Packet loss percentage: 43.2871%
Average delay: 7377.07 ms
Average jitter: 1626.71 ms
G_L: 0.26

Nodes disconnected: 137 227 116 232 272 19 87 94 0 3 4 5 6 8 9 10 12 16 17 21 23 26 28 29 30 32 33 34 35 38 39 40 41 44 46 48 49 50 52 53 58 60 62 65 66 68 69 72 75 76 79 83 86 88 90 91 92 95 96 97 98 99 100 102 103 104 108 110 111 112 114 115 117 118 119 122 123 124 125 126 128 132 135 136 146 147 148 150 155 156 159 160 163 165 168 169 170 171 172 175 179 181 182 185 186 187 190 191 192 193 195 196 197 198 201 207 208 212 213 215 219 220 229 233 234 236 238 239 240 241 245 249 257 258 259 261 262 263 264 265 267 273 275 278 281 286 288 290 292 293 294 296 297 221 161 78 144 224 105 242 228 1 130 141 20 276 151 24 153 154 157 285 178 54 200 74 206 225 231 106 246 250 253 255 216 2 277 209 143 248 202 274 189 11 194 291 133 18 284 270 164 142 14 140 205 203 13 36 101 138 139 298 109 174 269 210 180 85 22 149 280 266 199 247 59 42 43 73 77 107 15 176 204 271 214 55 27 61 222 
Number of disconnected nodes: 239
Max available bandwidth: 7200 Kbps
Average throughput: 3309.83 Kbps
Throughput to bandwidth ratio: 0.459699
Packet loss percentage: 42.1407%
Average delay: 7051.15 ms
Average jitter: 1424.44 ms
G_L: 0.2033

Nodes disconnected: 137 227 116 232 272 19 87 94 0 3 4 5 6 8 9 10 12 16 17 21 23 26 28 29 30 32 33 34 35 38 39 40 41 44 46 48 49 50 52 53 58 60 62 65 66 68 69 72 75 76 79 83 86 88 90 91 92 95 96 97 98 99 100 102 103 104 108 110 111 112 114 115 117 118 119 122 123 124 125 126 128 132 135 136 146 147 148 150 155 156 159 160 163 165 168 169 170 171 172 175 179 181 182 185 186 187 190 191 192 193 195 196 197 198 201 207 208 212 213 215 219 220 229 233 234 236 238 239 240 241 245 249 257 258 259 261 262 263 264 265 267 273 275 278 281 286 288 290 292 293 294 296 297 221 161 78 144 224 105 242 228 1 130 141 20 276 151 24 153 154 157 285 178 54 200 74 206 225 231 106 246 250 253 255 216 2 277 209 143 248 202 274 189 11 194 291 133 18 284 270 164 142 14 140 205 203 13 36 101 138 139 298 109 174 269 210 180 85 22 149 280 266 199 247 59 42 43 73 77 107 15 176 204 271 214 55 27 61 222 289 235 173 158 63 
Number of disconnected nodes: 244
Max available bandwidth: 6800 Kbps
Average throughput: 2886.67 Kbps
Throughput to bandwidth ratio: 0.42451
Packet loss percentage: 46.5451%
Average delay: 5162.03 ms
Average jitter: 890.67 ms
G_L: 0.1867

Nodes disconnected: 137 227 116 232 272 19 87 94 0 3 4 5 6 8 9 10 12 16 17 21 23 26 28 29 30 32 33 34 35 38 39 40 41 44 46 48 49 50 52 53 58 60 62 65 66 68 69 72 75 76 79 83 86 88 90 91 92 95 96 97 98 99 100 102 103 104 108 110 111 112 114 115 117 118 119 122 123 124 125 126 128 132 135 136 146 147 148 150 155 156 159 160 163 165 168 169 170 171 172 175 179 181 182 185 186 187 190 191 192 193 195 196 197 198 201 207 208 212 213 215 219 220 229 233 234 236 238 239 240 241 245 249 257 258 259 261 262 263 264 265 267 273 275 278 281 286 288 290 292 293 294 296 297 221 161 78 144 224 105 242 228 1 130 141 20 276 151 24 153 154 157 285 178 54 200 74 206 225 231 106 246 250 253 255 216 2 277 209 143 248 202 274 189 11 194 291 133 18 284 270 164 142 14 140 205 203 13 36 101 138 139 298 109 174 269 210 180 85 22 149 280 266 199 247 59 42 43 73 77 107 15 176 204 271 214 55 27 61 222 289 235 173 158 63 7 295 237 80 145 254 
Number of disconnected nodes: 250
Max available bandwidth: 6400 Kbps
Average throughput: 2371.09 Kbps
Throughput to bandwidth ratio: 0.370483
Packet loss percentage: 49.0038%
Average delay: 4965.15 ms
Average jitter: 976.84 ms
G_L: 0.1667

Nodes disconnected: 137 227 116 232 272 19 87 94 0 3 4 5 6 8 9 10 12 16 17 21 23 26 28 29 30 32 33 34 35 38 39 40 41 44 46 48 49 50 52 53 58 60 62 65 66 68 69 72 75 76 79 83 86 88 90 91 92 95 96 97 98 99 100 102 103 104 108 110 111 112 114 115 117 118 119 122 123 124 125 126 128 132 135 136 146 147 148 150 155 156 159 160 163 165 168 169 170 171 172 175 179 181 182 185 186 187 190 191 192 193 195 196 197 198 201 207 208 212 213 215 219 220 229 233 234 236 238 239 240 241 245 249 257 258 259 261 262 263 264 265 267 273 275 278 281 286 288 290 292 293 294 296 297 221 161 78 144 224 105 242 228 1 130 141 20 276 151 24 153 154 157 285 178 54 200 74 206 225 231 106 246 250 253 255 216 2 277 209 143 248 202 274 189 11 194 291 133 18 284 270 164 142 14 140 205 203 13 36 101 138 139 298 109 174 269 210 180 85 22 149 280 266 199 247 59 42 43 73 77 107 15 176 204 271 214 55 27 61 222 289 235 173 158 63 7 295 237 80 145 254 131 70 230 
Number of disconnected nodes: 253
Max available bandwidth: 6200 Kbps
Average throughput: 2228.03 Kbps
Throughput to bandwidth ratio: 0.35936
Packet loss percentage: 50.1646%
Average delay: 3762.47 ms
Average jitter: 698.958 ms
G_L: 0.1567

Nodes disconnected: 137 227 116 232 272 19 87 94 0 3 4 5 6 8 9 10 12 16 17 21 23 26 28 29 30 32 33 34 35 38 39 40 41 44 46 48 49 50 52 53 58 60 62 65 66 68 69 72 75 76 79 83 86 88 90 91 92 95 96 97 98 99 100 102 103 104 108 110 111 112 114 115 117 118 119 122 123 124 125 126 128 132 135 136 146 147 148 150 155 156 159 160 163 165 168 169 170 171 172 175 179 181 182 185 186 187 190 191 192 193 195 196 197 198 201 207 208 212 213 215 219 220 229 233 234 236 238 239 240 241 245 249 257 258 259 261 262 263 264 265 267 273 275 278 281 286 288 290 292 293 294 296 297 221 161 78 144 224 105 242 228 1 130 141 20 276 151 24 153 154 157 285 178 54 200 74 206 225 231 106 246 250 253 255 216 2 277 209 143 248 202 274 189 11 194 291 133 18 284 270 164 142 14 140 205 203 13 36 101 138 139 298 109 174 269 210 180 85 22 149 280 266 199 247 59 42 43 73 77 107 15 176 204 271 214 55 27 61 222 289 235 173 158 63 7 295 237 80 145 254 131 70 230 299 93 
Number of disconnected nodes: 255
Max available bandwidth: 5700 Kbps
Average throughput: 2242.86 Kbps
Throughput to bandwidth ratio: 0.393484
Packet loss percentage: 49.8094%
Average delay: 3780.33 ms
Average jitter: 697.559 ms
G_L: 0.15

Nodes disconnected: 137 227 116 232 272 19 87 94 0 3 4 5 6 8 9 10 12 16 17 21 23 26 28 29 30 32 33 34 35 38 39 40 41 44 46 48 49 50 52 53 58 60 62 65 66 68 69 72 75 76 79 83 86 88 90 91 92 95 96 97 98 99 100 102 103 104 108 110 111 112 114 115 117 118 119 122 123 124 125 126 128 132 135 136 146 147 148 150 155 156 159 160 163 165 168 169 170 171 172 175 179 181 182 185 186 187 190 191 192 193 195 196 197 198 201 207 208 212 213 215 219 220 229 233 234 236 238 239 240 241 245 249 257 258 259 261 262 263 264 265 267 273 275 278 281 286 288 290 292 293 294 296 297 221 161 78 144 224 105 242 228 1 130 141 20 276 151 24 153 154 157 285 178 54 200 74 206 225 231 106 246 250 253 255 216 2 277 209 143 248 202 274 189 11 194 291 133 18 284 270 164 142 14 140 205 203 13 36 101 138 139 298 109 174 269 210 180 85 22 149 280 266 199 247 59 42 43 73 77 107 15 176 204 271 214 55 27 61 222 289 235 173 158 63 7 295 237 80 145 254 131 70 230 299 93 89 113 223 
Number of disconnected nodes: 258
Max available bandwidth: 5300 Kbps
Average throughput: 2071.54 Kbps
Throughput to bandwidth ratio: 0.390856
Packet loss percentage: 48.1617%
Average delay: 2851.12 ms
Average jitter: 660.925 ms
G_L: 0.14

Nodes disconnected: 137 227 116 232 272 19 87 94 0 3 4 5 6 8 9 10 12 16 17 21 23 26 28 29 30 32 33 34 35 38 39 40 41 44 46 48 49 50 52 53 58 60 62 65 66 68 69 72 75 76 79 83 86 88 90 91 92 95 96 97 98 99 100 102 103 104 108 110 111 112 114 115 117 118 119 122 123 124 125 126 128 132 135 136 146 147 148 150 155 156 159 160 163 165 168 169 170 171 172 175 179 181 182 185 186 187 190 191 192 193 195 196 197 198 201 207 208 212 213 215 219 220 229 233 234 236 238 239 240 241 245 249 257 258 259 261 262 263 264 265 267 273 275 278 281 286 288 290 292 293 294 296 297 221 161 78 144 224 105 242 228 1 130 141 20 276 151 24 153 154 157 285 178 54 200 74 206 225 231 106 246 250 253 255 216 2 277 209 143 248 202 274 189 11 194 291 133 18 284 270 164 142 14 140 205 203 13 36 101 138 139 298 109 174 269 210 180 85 22 149 280 266 199 247 59 42 43 73 77 107 15 176 204 271 214 55 27 61 222 289 235 173 158 63 7 295 237 80 145 254 131 70 230 299 93 89 113 223 129 
Number of disconnected nodes: 259
Max available bandwidth: 5200 Kbps
Average throughput: 2193.8 Kbps
Throughput to bandwidth ratio: 0.421885
Packet loss percentage: 45.8219%
Average delay: 5085.31 ms
Average jitter: 845.247 ms
G_L: 0.1367

Nodes disconnected: 137 227 116 232 272 19 87 94 0 3 4 5 6 8 9 10 12 16 17 21 23 26 28 29 30 32 33 34 35 38 39 40 41 44 46 48 49 50 52 53 58 60 62 65 66 68 69 72 75 76 79 83 86 88 90 91 92 95 96 97 98 99 100 102 103 104 108 110 111 112 114 115 117 118 119 122 123 124 125 126 128 132 135 136 146 147 148 150 155 156 159 160 163 165 168 169 170 171 172 175 179 181 182 185 186 187 190 191 192 193 195 196 197 198 201 207 208 212 213 215 219 220 229 233 234 236 238 239 240 241 245 249 257 258 259 261 262 263 264 265 267 273 275 278 281 286 288 290 292 293 294 296 297 221 161 78 144 224 105 242 228 1 130 141 20 276 151 24 153 154 157 285 178 54 200 74 206 225 231 106 246 250 253 255 216 2 277 209 143 248 202 274 189 11 194 291 133 18 284 270 164 142 14 140 205 203 13 36 101 138 139 298 109 174 269 210 180 85 22 149 280 266 199 247 59 42 43 73 77 107 15 176 204 271 214 55 27 61 222 289 235 173 158 63 7 295 237 80 145 254 131 70 230 299 93 89 113 223 129 64 37 134 184 
Number of disconnected nodes: 263
Max available bandwidth: 4700 Kbps
Average throughput: 1654.51 Kbps
Throughput to bandwidth ratio: 0.352023
Packet loss percentage: 53.1204%
Average delay: 4195.33 ms
Average jitter: 822.636 ms
G_L: 0.1233

Nodes disconnected: 137 227 116 232 272 19 87 94 0 3 4 5 6 8 9 10 12 16 17 21 23 26 28 29 30 32 33 34 35 38 39 40 41 44 46 48 49 50 52 53 58 60 62 65 66 68 69 72 75 76 79 83 86 88 90 91 92 95 96 97 98 99 100 102 103 104 108 110 111 112 114 115 117 118 119 122 123 124 125 126 128 132 135 136 146 147 148 150 155 156 159 160 163 165 168 169 170 171 172 175 179 181 182 185 186 187 190 191 192 193 195 196 197 198 201 207 208 212 213 215 219 220 229 233 234 236 238 239 240 241 245 249 257 258 259 261 262 263 264 265 267 273 275 278 281 286 288 290 292 293 294 296 297 221 161 78 144 224 105 242 228 1 130 141 20 276 151 24 153 154 157 285 178 54 200 74 206 225 231 106 246 250 253 255 216 2 277 209 143 248 202 274 189 11 194 291 133 18 284 270 164 142 14 140 205 203 13 36 101 138 139 298 109 174 269 210 180 85 22 149 280 266 199 247 59 42 43 73 77 107 15 176 204 271 214 55 27 61 222 289 235 173 158 63 7 295 237 80 145 254 131 70 230 299 93 89 113 223 129 64 37 134 184 279 
Number of disconnected nodes: 264
Max available bandwidth: 4700 Kbps
Average throughput: 1851.96 Kbps
Throughput to bandwidth ratio: 0.394035
Packet loss percentage: 47.3725%
Average delay: 4103.71 ms
Average jitter: 726.236 ms
G_L: 0.12

Nodes disconnected: 137 227 116 232 272 19 87 94 0 3 4 5 6 8 9 10 12 16 17 21 23 26 28 29 30 32 33 34 35 38 39 40 41 44 46 48 49 50 52 53 58 60 62 65 66 68 69 72 75 76 79 83 86 88 90 91 92 95 96 97 98 99 100 102 103 104 108 110 111 112 114 115 117 118 119 122 123 124 125 126 128 132 135 136 146 147 148 150 155 156 159 160 163 165 168 169 170 171 172 175 179 181 182 185 186 187 190 191 192 193 195 196 197 198 201 207 208 212 213 215 219 220 229 233 234 236 238 239 240 241 245 249 257 258 259 261 262 263 264 265 267 273 275 278 281 286 288 290 292 293 294 296 297 221 161 78 144 224 105 242 228 1 130 141 20 276 151 24 153 154 157 285 178 54 200 74 206 225 231 106 246 250 253 255 216 2 277 209 143 248 202 274 189 11 194 291 133 18 284 270 164 142 14 140 205 203 13 36 101 138 139 298 109 174 269 210 180 85 22 149 280 266 199 247 59 42 43 73 77 107 15 176 204 271 214 55 27 61 222 289 235 173 158 63 7 295 237 80 145 254 131 70 230 299 93 89 113 223 129 64 37 134 184 279 183 
Number of disconnected nodes: 265
Max available bandwidth: 4600 Kbps
Average throughput: 1616.69 Kbps
Throughput to bandwidth ratio: 0.351454
Packet loss percentage: 50.6375%
Average delay: 3105.99 ms
Average jitter: 779.431 ms
G_L: 0.1167

Nodes disconnected: 137 227 116 232 272 19 87 94 0 3 4 5 6 8 9 10 12 16 17 21 23 26 28 29 30 32 33 34 35 38 39 40 41 44 46 48 49 50 52 53 58 60 62 65 66 68 69 72 75 76 79 83 86 88 90 91 92 95 96 97 98 99 100 102 103 104 108 110 111 112 114 115 117 118 119 122 123 124 125 126 128 132 135 136 146 147 148 150 155 156 159 160 163 165 168 169 170 171 172 175 179 181 182 185 186 187 190 191 192 193 195 196 197 198 201 207 208 212 213 215 219 220 229 233 234 236 238 239 240 241 245 249 257 258 259 261 262 263 264 265 267 273 275 278 281 286 288 290 292 293 294 296 297 221 161 78 144 224 105 242 228 1 130 141 20 276 151 24 153 154 157 285 178 54 200 74 206 225 231 106 246 250 253 255 216 2 277 209 143 248 202 274 189 11 194 291 133 18 284 270 164 142 14 140 205 203 13 36 101 138 139 298 109 174 269 210 180 85 22 149 280 266 199 247 59 42 43 73 77 107 15 176 204 271 214 55 27 61 222 289 235 173 158 63 7 295 237 80 145 254 131 70 230 299 93 89 113 223 129 64 37 134 184 279 183 25 84 45 
Number of disconnected nodes: 268
Max available bandwidth: 4100 Kbps
Average throughput: 1505.63 Kbps
Throughput to bandwidth ratio: 0.367226
Packet loss percentage: 53.3241%
Average delay: 2972.25 ms
Average jitter: 663.627 ms
G_L: 0.1067

Nodes disconnected: 137 227 116 232 272 19 87 94 0 3 4 5 6 8 9 10 12 16 17 21 23 26 28 29 30 32 33 34 35 38 39 40 41 44 46 48 49 50 52 53 58 60 62 65 66 68 69 72 75 76 79 83 86 88 90 91 92 95 96 97 98 99 100 102 103 104 108 110 111 112 114 115 117 118 119 122 123 124 125 126 128 132 135 136 146 147 148 150 155 156 159 160 163 165 168 169 170 171 172 175 179 181 182 185 186 187 190 191 192 193 195 196 197 198 201 207 208 212 213 215 219 220 229 233 234 236 238 239 240 241 245 249 257 258 259 261 262 263 264 265 267 273 275 278 281 286 288 290 292 293 294 296 297 221 161 78 144 224 105 242 228 1 130 141 20 276 151 24 153 154 157 285 178 54 200 74 206 225 231 106 246 250 253 255 216 2 277 209 143 248 202 274 189 11 194 291 133 18 284 270 164 142 14 140 205 203 13 36 101 138 139 298 109 174 269 210 180 85 22 149 280 266 199 247 59 42 43 73 77 107 15 176 204 271 214 55 27 61 222 289 235 173 158 63 7 295 237 80 145 254 131 70 230 299 93 89 113 223 129 64 37 134 184 279 183 25 84 45 82 
Number of disconnected nodes: 269
Max available bandwidth: 4000 Kbps
Average throughput: 1475.67 Kbps
Throughput to bandwidth ratio: 0.368917
Packet loss percentage: 54.0841%
Average delay: 4799.34 ms
Average jitter: 702.436 ms
G_L: 0.1033

Nodes disconnected: 137 227 116 232 272 19 87 94 0 3 4 5 6 8 9 10 12 16 17 21 23 26 28 29 30 32 33 34 35 38 39 40 41 44 46 48 49 50 52 53 58 60 62 65 66 68 69 72 75 76 79 83 86 88 90 91 92 95 96 97 98 99 100 102 103 104 108 110 111 112 114 115 117 118 119 122 123 124 125 126 128 132 135 136 146 147 148 150 155 156 159 160 163 165 168 169 170 171 172 175 179 181 182 185 186 187 190 191 192 193 195 196 197 198 201 207 208 212 213 215 219 220 229 233 234 236 238 239 240 241 245 249 257 258 259 261 262 263 264 265 267 273 275 278 281 286 288 290 292 293 294 296 297 221 161 78 144 224 105 242 228 1 130 141 20 276 151 24 153 154 157 285 178 54 200 74 206 225 231 106 246 250 253 255 216 2 277 209 143 248 202 274 189 11 194 291 133 18 284 270 164 142 14 140 205 203 13 36 101 138 139 298 109 174 269 210 180 85 22 149 280 266 199 247 59 42 43 73 77 107 15 176 204 271 214 55 27 61 222 289 235 173 158 63 7 295 237 80 145 254 131 70 230 299 93 89 113 223 129 64 37 134 184 279 183 25 84 45 82 256 260 268 152 282 283 31 287 166 167 47 177 51 56 57 188 67 71 81 211 217 218 226 243 120 121 251 252 127 
Number of disconnected nodes: 298
Max available bandwidth: 100 Kbps
Average throughput: 46.2144 Kbps
Throughput to bandwidth ratio: 0.462144
Packet loss percentage: 73.6345%
Average delay: 141.522 ms
Average jitter: 273.873 ms
G_L: 0.0067

Nodes disconnected: 137 227 116 232 272 19 87 94 0 3 4 5 6 8 9 10 12 16 17 21 23 26 28 29 30 32 33 34 35 38 39 40 41 44 46 48 49 50 52 53 58 60 62 65 66 68 69 72 75 76 79 83 86 88 90 91 92 95 96 97 98 99 100 102 103 104 108 110 111 112 114 115 117 118 119 122 123 124 125 126 128 132 135 136 146 147 148 150 155 156 159 160 163 165 168 169 170 171 172 175 179 181 182 185 186 187 190 191 192 193 195 196 197 198 201 207 208 212 213 215 219 220 229 233 234 236 238 239 240 241 245 249 257 258 259 261 262 263 264 265 267 273 275 278 281 286 288 290 292 293 294 296 297 221 161 78 144 224 105 242 228 1 130 141 20 276 151 24 153 154 157 285 178 54 200 74 206 225 231 106 246 250 253 255 216 2 277 209 143 248 202 274 189 11 194 291 133 18 284 270 164 142 14 140 205 203 13 36 101 138 139 298 109 174 269 210 180 85 22 149 280 266 199 247 59 42 43 73 77 107 15 176 204 271 214 55 27 61 222 289 235 173 158 63 7 295 237 80 145 254 131 70 230 299 93 89 113 223 129 64 37 134 184 279 183 25 84 45 82 256 260 268 152 282 283 31 287 166 167 47 177 51 56 57 188 67 71 81 211 217 218 226 243 120 121 251 252 127 162 244 
Number of disconnected nodes: 300
Max available bandwidth: 0 Kbps
Average throughput: 0 Kbps
Throughput to bandwidth ratio: -nan
Packet loss percentage: -nan%
Average delay: -nan ms
Average jitter: -nan ms
G_L: 0

