Nodes disconnected: 
Number of disconnected nodes: 0
Max available bandwidth: 33400 Kbps
Average throughput: 25289.2 Kbps
Throughput to bandwidth ratio: 0.757162
Packet loss percentage: 5.68588%
Average delay: 2125.04 ms
Average jitter: 597.51 ms
G_L: 1

Nodes disconnected: 193 69 
Number of disconnected nodes: 2
Max available bandwidth: 33400 Kbps
Average throughput: 25054.7 Kbps
Throughput to bandwidth ratio: 0.75014
Packet loss percentage: 5.88723%
Average delay: 2090.49 ms
Average jitter: 598.017 ms
G_L: 0.9933

Nodes disconnected: 193 69 157 
Number of disconnected nodes: 3
Max available bandwidth: 33300 Kbps
Average throughput: 25039.1 Kbps
Throughput to bandwidth ratio: 0.751925
Packet loss percentage: 5.94643%
Average delay: 2099.51 ms
Average jitter: 593.298 ms
G_L: 0.99

Nodes disconnected: 193 69 157 34 
Number of disconnected nodes: 4
Max available bandwidth: 33200 Kbps
Average throughput: 24884.7 Kbps
Throughput to bandwidth ratio: 0.74954
Packet loss percentage: 6.10655%
Average delay: 2145.24 ms
Average jitter: 596.085 ms
G_L: 0.9867

Nodes disconnected: 193 69 157 34 228 
Number of disconnected nodes: 5
Max available bandwidth: 33200 Kbps
Average throughput: 24801.1 Kbps
Throughput to bandwidth ratio: 0.747022
Packet loss percentage: 6.17928%
Average delay: 2149.46 ms
Average jitter: 601.787 ms
G_L: 0.9833

Nodes disconnected: 193 69 157 34 228 42 
Number of disconnected nodes: 6
Max available bandwidth: 33100 Kbps
Average throughput: 24728.5 Kbps
Throughput to bandwidth ratio: 0.747086
Packet loss percentage: 6.23788%
Average delay: 2086.84 ms
Average jitter: 598.856 ms
G_L: 0.98

Nodes disconnected: 193 69 157 34 228 42 70 
Number of disconnected nodes: 7
Max available bandwidth: 33000 Kbps
Average throughput: 24626.3 Kbps
Throughput to bandwidth ratio: 0.746252
Packet loss percentage: 6.2559%
Average delay: 2045.55 ms
Average jitter: 603.232 ms
G_L: 0.9767

Nodes disconnected: 193 69 157 34 228 42 70 245 
Number of disconnected nodes: 8
Max available bandwidth: 33000 Kbps
Average throughput: 24529.3 Kbps
Throughput to bandwidth ratio: 0.743311
Packet loss percentage: 6.38812%
Average delay: 2140.88 ms
Average jitter: 597.649 ms
G_L: 0.9733

Nodes disconnected: 193 69 157 34 228 42 70 245 0 3 4 5 6 8 9 10 12 16 17 21 23 26 28 29 30 32 33 35 38 39 40 41 44 46 48 49 50 52 53 58 60 62 65 66 68 72 75 76 79 83 86 88 90 91 92 95 96 97 98 99 100 102 103 104 108 110 111 112 114 115 117 118 119 122 123 124 125 126 128 132 135 136 137 146 147 148 150 155 156 159 160 163 165 168 169 170 171 172 175 179 181 182 185 186 187 190 191 192 195 196 197 198 201 207 208 212 213 215 219 220 227 229 232 233 234 236 238 239 240 241 249 257 258 259 261 262 263 264 265 267 272 273 275 278 281 286 288 290 292 293 294 296 297 
Number of disconnected nodes: 153
Max available bandwidth: 15600 Kbps
Average throughput: 9420.37 Kbps
Throughput to bandwidth ratio: 0.60387
Packet loss percentage: 35.7294%
Average delay: 3200.15 ms
Average jitter: 689.094 ms
G_L: 0.49

Nodes disconnected: 193 69 157 34 228 42 70 245 0 3 4 5 6 8 9 10 12 16 17 21 23 26 28 29 30 32 33 35 38 39 40 41 44 46 48 49 50 52 53 58 60 62 65 66 68 72 75 76 79 83 86 88 90 91 92 95 96 97 98 99 100 102 103 104 108 110 111 112 114 115 117 118 119 122 123 124 125 126 128 132 135 136 137 146 147 148 150 155 156 159 160 163 165 168 169 170 171 172 175 179 181 182 185 186 187 190 191 192 195 196 197 198 201 207 208 212 213 215 219 220 227 229 232 233 234 236 238 239 240 241 249 257 258 259 261 262 263 264 265 267 272 273 275 278 281 286 288 290 292 293 294 296 297 161 
Number of disconnected nodes: 154
Max available bandwidth: 15500 Kbps
Average throughput: 9405.14 Kbps
Throughput to bandwidth ratio: 0.606783
Packet loss percentage: 35.8035%
Average delay: 3132.06 ms
Average jitter: 680.395 ms
G_L: 0.4867

Nodes disconnected: 193 69 157 34 228 42 70 245 0 3 4 5 6 8 9 10 12 16 17 21 23 26 28 29 30 32 33 35 38 39 40 41 44 46 48 49 50 52 53 58 60 62 65 66 68 72 75 76 79 83 86 88 90 91 92 95 96 97 98 99 100 102 103 104 108 110 111 112 114 115 117 118 119 122 123 124 125 126 128 132 135 136 137 146 147 148 150 155 156 159 160 163 165 168 169 170 171 172 175 179 181 182 185 186 187 190 191 192 195 196 197 198 201 207 208 212 213 215 219 220 227 229 232 233 234 236 238 239 240 241 249 257 258 259 261 262 263 264 265 267 272 273 275 278 281 286 288 290 292 293 294 296 297 161 248 202 
Number of disconnected nodes: 156
Max available bandwidth: 15300 Kbps
Average throughput: 9358.04 Kbps
Throughput to bandwidth ratio: 0.611637
Packet loss percentage: 35.5754%
Average delay: 3076.03 ms
Average jitter: 670.723 ms
G_L: 0.48

Nodes disconnected: 193 69 157 34 228 42 70 245 0 3 4 5 6 8 9 10 12 16 17 21 23 26 28 29 30 32 33 35 38 39 40 41 44 46 48 49 50 52 53 58 60 62 65 66 68 72 75 76 79 83 86 88 90 91 92 95 96 97 98 99 100 102 103 104 108 110 111 112 114 115 117 118 119 122 123 124 125 126 128 132 135 136 137 146 147 148 150 155 156 159 160 163 165 168 169 170 171 172 175 179 181 182 185 186 187 190 191 192 195 196 197 198 201 207 208 212 213 215 219 220 227 229 232 233 234 236 238 239 240 241 249 257 258 259 261 262 263 264 265 267 272 273 275 278 281 286 288 290 292 293 294 296 297 161 248 202 138 298 
Number of disconnected nodes: 158
Max available bandwidth: 15200 Kbps
Average throughput: 9220.38 Kbps
Throughput to bandwidth ratio: 0.606604
Packet loss percentage: 35.4412%
Average delay: 3104.88 ms
Average jitter: 668.643 ms
G_L: 0.4733

Nodes disconnected: 193 69 157 34 228 42 70 245 0 3 4 5 6 8 9 10 12 16 17 21 23 26 28 29 30 32 33 35 38 39 40 41 44 46 48 49 50 52 53 58 60 62 65 66 68 72 75 76 79 83 86 88 90 91 92 95 96 97 98 99 100 102 103 104 108 110 111 112 114 115 117 118 119 122 123 124 125 126 128 132 135 136 137 146 147 148 150 155 156 159 160 163 165 168 169 170 171 172 175 179 181 182 185 186 187 190 191 192 195 196 197 198 201 207 208 212 213 215 219 220 227 229 232 233 234 236 238 239 240 241 249 257 258 259 261 262 263 264 265 267 272 273 275 278 281 286 288 290 292 293 294 296 297 161 248 202 138 298 194 291 284 133 
Number of disconnected nodes: 162
Max available bandwidth: 14800 Kbps
Average throughput: 9008.26 Kbps
Throughput to bandwidth ratio: 0.608667
Packet loss percentage: 35.4999%
Average delay: 2927.66 ms
Average jitter: 649.532 ms
G_L: 0.46

Nodes disconnected: 193 69 157 34 228 42 70 245 0 3 4 5 6 8 9 10 12 16 17 21 23 26 28 29 30 32 33 35 38 39 40 41 44 46 48 49 50 52 53 58 60 62 65 66 68 72 75 76 79 83 86 88 90 91 92 95 96 97 98 99 100 102 103 104 108 110 111 112 114 115 117 118 119 122 123 124 125 126 128 132 135 136 137 146 147 148 150 155 156 159 160 163 165 168 169 170 171 172 175 179 181 182 185 186 187 190 191 192 195 196 197 198 201 207 208 212 213 215 219 220 227 229 232 233 234 236 238 239 240 241 249 257 258 259 261 262 263 264 265 267 272 273 275 278 281 286 288 290 292 293 294 296 297 161 248 202 138 298 194 291 284 133 178 154 
Number of disconnected nodes: 164
Max available bandwidth: 14700 Kbps
Average throughput: 8777.75 Kbps
Throughput to bandwidth ratio: 0.597126
Packet loss percentage: 36.237%
Average delay: 2978.06 ms
Average jitter: 659.808 ms
G_L: 0.4533

Nodes disconnected: 193 69 157 34 228 42 70 245 0 3 4 5 6 8 9 10 12 16 17 21 23 26 28 29 30 32 33 35 38 39 40 41 44 46 48 49 50 52 53 58 60 62 65 66 68 72 75 76 79 83 86 88 90 91 92 95 96 97 98 99 100 102 103 104 108 110 111 112 114 115 117 118 119 122 123 124 125 126 128 132 135 136 137 146 147 148 150 155 156 159 160 163 165 168 169 170 171 172 175 179 181 182 185 186 187 190 191 192 195 196 197 198 201 207 208 212 213 215 219 220 227 229 232 233 234 236 238 239 240 241 249 257 258 259 261 262 263 264 265 267 272 273 275 278 281 286 288 290 292 293 294 296 297 161 248 202 138 298 194 291 284 133 178 154 140 
Number of disconnected nodes: 165
Max available bandwidth: 14600 Kbps
Average throughput: 8710.9 Kbps
Throughput to bandwidth ratio: 0.596637
Packet loss percentage: 36.5151%
Average delay: 2814.56 ms
Average jitter: 638.985 ms
G_L: 0.45

Nodes disconnected: 193 69 157 34 228 42 70 245 0 3 4 5 6 8 9 10 12 16 17 21 23 26 28 29 30 32 33 35 38 39 40 41 44 46 48 49 50 52 53 58 60 62 65 66 68 72 75 76 79 83 86 88 90 91 92 95 96 97 98 99 100 102 103 104 108 110 111 112 114 115 117 118 119 122 123 124 125 126 128 132 135 136 137 146 147 148 150 155 156 159 160 163 165 168 169 170 171 172 175 179 181 182 185 186 187 190 191 192 195 196 197 198 201 207 208 212 213 215 219 220 227 229 232 233 234 236 238 239 240 241 249 257 258 259 261 262 263 264 265 267 272 273 275 278 281 286 288 290 292 293 294 296 297 161 248 202 138 298 194 291 284 133 178 154 140 210 
Number of disconnected nodes: 166
Max available bandwidth: 14600 Kbps
Average throughput: 8592.16 Kbps
Throughput to bandwidth ratio: 0.588504
Packet loss percentage: 36.8127%
Average delay: 2866.44 ms
Average jitter: 640.783 ms
G_L: 0.4467

Nodes disconnected: 193 69 157 34 228 42 70 245 0 3 4 5 6 8 9 10 12 16 17 21 23 26 28 29 30 32 33 35 38 39 40 41 44 46 48 49 50 52 53 58 60 62 65 66 68 72 75 76 79 83 86 88 90 91 92 95 96 97 98 99 100 102 103 104 108 110 111 112 114 115 117 118 119 122 123 124 125 126 128 132 135 136 137 146 147 148 150 155 156 159 160 163 165 168 169 170 171 172 175 179 181 182 185 186 187 190 191 192 195 196 197 198 201 207 208 212 213 215 219 220 227 229 232 233 234 236 238 239 240 241 249 257 258 259 261 262 263 264 265 267 272 273 275 278 281 286 288 290 292 293 294 296 297 161 248 202 138 298 194 291 284 133 178 154 140 210 129 
Number of disconnected nodes: 167
Max available bandwidth: 14500 Kbps
Average throughput: 8560.15 Kbps
Throughput to bandwidth ratio: 0.590355
Packet loss percentage: 37.0577%
Average delay: 2579.48 ms
Average jitter: 634.057 ms
G_L: 0.4433

Nodes disconnected: 193 69 157 34 228 42 70 245 0 3 4 5 6 8 9 10 12 16 17 21 23 26 28 29 30 32 33 35 38 39 40 41 44 46 48 49 50 52 53 58 60 62 65 66 68 72 75 76 79 83 86 88 90 91 92 95 96 97 98 99 100 102 103 104 108 110 111 112 114 115 117 118 119 122 123 124 125 126 128 132 135 136 137 146 147 148 150 155 156 159 160 163 165 168 169 170 171 172 175 179 181 182 185 186 187 190 191 192 195 196 197 198 201 207 208 212 213 215 219 220 227 229 232 233 234 236 238 239 240 241 249 257 258 259 261 262 263 264 265 267 272 273 275 278 281 286 288 290 292 293 294 296 297 161 248 202 138 298 194 291 284 133 178 154 140 210 129 274 173 189 
Number of disconnected nodes: 170
Max available bandwidth: 14400 Kbps
Average throughput: 8310.56 Kbps
Throughput to bandwidth ratio: 0.577122
Packet loss percentage: 36.9341%
Average delay: 2577.19 ms
Average jitter: 641.3 ms
G_L: 0.4333

Nodes disconnected: 193 69 157 34 228 42 70 245 0 3 4 5 6 8 9 10 12 16 17 21 23 26 28 29 30 32 33 35 38 39 40 41 44 46 48 49 50 52 53 58 60 62 65 66 68 72 75 76 79 83 86 88 90 91 92 95 96 97 98 99 100 102 103 104 108 110 111 112 114 115 117 118 119 122 123 124 125 126 128 132 135 136 137 146 147 148 150 155 156 159 160 163 165 168 169 170 171 172 175 179 181 182 185 186 187 190 191 192 195 196 197 198 201 207 208 212 213 215 219 220 227 229 232 233 234 236 238 239 240 241 249 257 258 259 261 262 263 264 265 267 272 273 275 278 281 286 288 290 292 293 294 296 297 161 248 202 138 298 194 291 284 133 178 154 140 210 129 274 173 189 1 2 7 11 13 14 15 18 19 20 22 24 27 31 36 37 43 45 47 51 54 55 56 57 59 61 63 64 73 74 77 78 80 81 82 84 85 87 89 93 94 101 105 106 107 109 113 116 120 121 127 130 131 134 139 141 142 143 144 145 149 151 152 153 158 164 166 167 174 176 177 180 183 184 188 199 200 203 204 205 206 209 211 214 216 217 218 221 222 223 224 225 226 230 231 235 237 242 243 246 247 250 251 252 253 254 255 256 260 266 268 269 270 271 276 277 279 280 282 283 285 287 289 295 299 
Number of disconnected nodes: 295
Max available bandwidth: 600 Kbps
Average throughput: 93.9539 Kbps
Throughput to bandwidth ratio: 0.15659
Packet loss percentage: 78.6366%
Average delay: -nan ms
Average jitter: -nan ms
G_L: 0.0167

Nodes disconnected: 193 69 157 34 228 42 70 245 0 3 4 5 6 8 9 10 12 16 17 21 23 26 28 29 30 32 33 35 38 39 40 41 44 46 48 49 50 52 53 58 60 62 65 66 68 72 75 76 79 83 86 88 90 91 92 95 96 97 98 99 100 102 103 104 108 110 111 112 114 115 117 118 119 122 123 124 125 126 128 132 135 136 137 146 147 148 150 155 156 159 160 163 165 168 169 170 171 172 175 179 181 182 185 186 187 190 191 192 195 196 197 198 201 207 208 212 213 215 219 220 227 229 232 233 234 236 238 239 240 241 249 257 258 259 261 262 263 264 265 267 272 273 275 278 281 286 288 290 292 293 294 296 297 161 248 202 138 298 194 291 284 133 178 154 140 210 129 274 173 189 1 2 7 11 13 14 15 18 19 20 22 24 27 31 36 37 43 45 47 51 54 55 56 57 59 61 63 64 73 74 77 78 80 81 82 84 85 87 89 93 94 101 105 106 107 109 113 116 120 121 127 130 131 134 139 141 142 143 144 145 149 151 152 153 158 164 166 167 174 176 177 180 183 184 188 199 200 203 204 205 206 209 211 214 216 217 218 221 222 223 224 225 226 230 231 235 237 242 243 246 247 250 251 252 253 254 255 256 260 266 268 269 270 271 276 277 279 280 282 283 285 287 289 295 299 67 71 
Number of disconnected nodes: 297
Max available bandwidth: 500 Kbps
Average throughput: 49.2205 Kbps
Throughput to bandwidth ratio: 0.098441
Packet loss percentage: 80.6623%
Average delay: -nan ms
Average jitter: -nan ms
G_L: 0.01

Nodes disconnected: 193 69 157 34 228 42 70 245 0 3 4 5 6 8 9 10 12 16 17 21 23 26 28 29 30 32 33 35 38 39 40 41 44 46 48 49 50 52 53 58 60 62 65 66 68 72 75 76 79 83 86 88 90 91 92 95 96 97 98 99 100 102 103 104 108 110 111 112 114 115 117 118 119 122 123 124 125 126 128 132 135 136 137 146 147 148 150 155 156 159 160 163 165 168 169 170 171 172 175 179 181 182 185 186 187 190 191 192 195 196 197 198 201 207 208 212 213 215 219 220 227 229 232 233 234 236 238 239 240 241 249 257 258 259 261 262 263 264 265 267 272 273 275 278 281 286 288 290 292 293 294 296 297 161 248 202 138 298 194 291 284 133 178 154 140 210 129 274 173 189 1 2 7 11 13 14 15 18 19 20 22 24 27 31 36 37 43 45 47 51 54 55 56 57 59 61 63 64 73 74 77 78 80 81 82 84 85 87 89 93 94 101 105 106 107 109 113 116 120 121 127 130 131 134 139 141 142 143 144 145 149 151 152 153 158 164 166 167 174 176 177 180 183 184 188 199 200 203 204 205 206 209 211 214 216 217 218 221 222 223 224 225 226 230 231 235 237 242 243 246 247 250 251 252 253 254 255 256 260 266 268 269 270 271 276 277 279 280 282 283 285 287 289 295 299 67 71 25 
Number of disconnected nodes: 298
Max available bandwidth: 100 Kbps
Average throughput: 2.24576 Kbps
Throughput to bandwidth ratio: 0.0224576
Packet loss percentage: 91.9708%
Average delay: -nan ms
Average jitter: -nan ms
G_L: 0.0067

Nodes disconnected: 193 69 157 34 228 42 70 245 0 3 4 5 6 8 9 10 12 16 17 21 23 26 28 29 30 32 33 35 38 39 40 41 44 46 48 49 50 52 53 58 60 62 65 66 68 72 75 76 79 83 86 88 90 91 92 95 96 97 98 99 100 102 103 104 108 110 111 112 114 115 117 118 119 122 123 124 125 126 128 132 135 136 137 146 147 148 150 155 156 159 160 163 165 168 169 170 171 172 175 179 181 182 185 186 187 190 191 192 195 196 197 198 201 207 208 212 213 215 219 220 227 229 232 233 234 236 238 239 240 241 249 257 258 259 261 262 263 264 265 267 272 273 275 278 281 286 288 290 292 293 294 296 297 161 248 202 138 298 194 291 284 133 178 154 140 210 129 274 173 189 1 2 7 11 13 14 15 18 19 20 22 24 27 31 36 37 43 45 47 51 54 55 56 57 59 61 63 64 73 74 77 78 80 81 82 84 85 87 89 93 94 101 105 106 107 109 113 116 120 121 127 130 131 134 139 141 142 143 144 145 149 151 152 153 158 164 166 167 174 176 177 180 183 184 188 199 200 203 204 205 206 209 211 214 216 217 218 221 222 223 224 225 226 230 231 235 237 242 243 246 247 250 251 252 253 254 255 256 260 266 268 269 270 271 276 277 279 280 282 283 285 287 289 295 299 67 71 25 162 244 
Number of disconnected nodes: 300
Max available bandwidth: 0 Kbps
Average throughput: 0 Kbps
Throughput to bandwidth ratio: -nan
Packet loss percentage: -nan%
Average delay: -nan ms
Average jitter: -nan ms
G_L: 0

