Nodes disconnected: 
Number of disconnected nodes: 0
Max available bandwidth: 33400 Kbps
Average throughput: 17055.4 Kbps
Throughput to bandwidth ratio: 0.51064
Packet loss percentage: 5.21044%
Average delay: 7821.09 ms
Average jitter: 4459.32 ms
G_L: 1

Nodes disconnected: 278 
Number of disconnected nodes: 1
Max available bandwidth: 33400 Kbps
Average throughput: 17014.1 Kbps
Throughput to bandwidth ratio: 0.509404
Packet loss percentage: 5.19039%
Average delay: 8051.15 ms
Average jitter: 4215.17 ms
G_L: 0.9967

Nodes disconnected: 278 0 3 4 5 6 8 9 10 12 16 17 21 23 26 28 29 30 32 33 34 35 38 39 40 41 44 46 48 49 50 52 53 58 60 62 65 66 68 69 72 75 76 79 83 86 88 90 91 92 95 96 97 98 99 100 102 103 104 108 110 111 112 114 115 117 118 119 122 123 124 125 126 128 132 135 136 137 146 147 148 150 155 156 159 160 163 165 168 169 170 171 172 175 179 181 182 185 186 187 190 191 192 193 195 196 197 198 201 207 208 212 213 215 219 220 227 229 232 233 234 236 238 239 240 241 245 249 257 258 259 261 262 263 264 265 267 272 273 275 281 286 288 290 292 293 294 296 297 
Number of disconnected nodes: 149
Max available bandwidth: 15900 Kbps
Average throughput: 7393.28 Kbps
Throughput to bandwidth ratio: 0.464986
Packet loss percentage: 34.6908%
Average delay: 8123.88 ms
Average jitter: 3270.44 ms
G_L: 0.5033

Nodes disconnected: 278 0 3 4 5 6 8 9 10 12 16 17 21 23 26 28 29 30 32 33 34 35 38 39 40 41 44 46 48 49 50 52 53 58 60 62 65 66 68 69 72 75 76 79 83 86 88 90 91 92 95 96 97 98 99 100 102 103 104 108 110 111 112 114 115 117 118 119 122 123 124 125 126 128 132 135 136 137 146 147 148 150 155 156 159 160 163 165 168 169 170 171 172 175 179 181 182 185 186 187 190 191 192 193 195 196 197 198 201 207 208 212 213 215 219 220 227 229 232 233 234 236 238 239 240 241 245 249 257 258 259 261 262 263 264 265 267 272 273 275 281 286 288 290 292 293 294 296 297 177 
Number of disconnected nodes: 150
Max available bandwidth: 15900 Kbps
Average throughput: 7335.69 Kbps
Throughput to bandwidth ratio: 0.461364
Packet loss percentage: 35.8163%
Average delay: 7645.21 ms
Average jitter: 2818.35 ms
G_L: 0.5

Nodes disconnected: 278 0 3 4 5 6 8 9 10 12 16 17 21 23 26 28 29 30 32 33 34 35 38 39 40 41 44 46 48 49 50 52 53 58 60 62 65 66 68 69 72 75 76 79 83 86 88 90 91 92 95 96 97 98 99 100 102 103 104 108 110 111 112 114 115 117 118 119 122 123 124 125 126 128 132 135 136 137 146 147 148 150 155 156 159 160 163 165 168 169 170 171 172 175 179 181 182 185 186 187 190 191 192 193 195 196 197 198 201 207 208 212 213 215 219 220 227 229 232 233 234 236 238 239 240 241 245 249 257 258 259 261 262 263 264 265 267 272 273 275 281 286 288 290 292 293 294 296 297 177 194 291 284 133 
Number of disconnected nodes: 154
Max available bandwidth: 15500 Kbps
Average throughput: 7191.65 Kbps
Throughput to bandwidth ratio: 0.463977
Packet loss percentage: 34.8419%
Average delay: 8389.19 ms
Average jitter: 3213.63 ms
G_L: 0.4867

Nodes disconnected: 278 0 3 4 5 6 8 9 10 12 16 17 21 23 26 28 29 30 32 33 34 35 38 39 40 41 44 46 48 49 50 52 53 58 60 62 65 66 68 69 72 75 76 79 83 86 88 90 91 92 95 96 97 98 99 100 102 103 104 108 110 111 112 114 115 117 118 119 122 123 124 125 126 128 132 135 136 137 146 147 148 150 155 156 159 160 163 165 168 169 170 171 172 175 179 181 182 185 186 187 190 191 192 193 195 196 197 198 201 207 208 212 213 215 219 220 227 229 232 233 234 236 238 239 240 241 245 249 257 258 259 261 262 263 264 265 267 272 273 275 281 286 288 290 292 293 294 296 297 177 194 291 284 133 54 
Number of disconnected nodes: 155
Max available bandwidth: 15400 Kbps
Average throughput: 7103.76 Kbps
Throughput to bandwidth ratio: 0.461283
Packet loss percentage: 34.7674%
Average delay: 6607.42 ms
Average jitter: 2542.74 ms
G_L: 0.4833

Nodes disconnected: 278 0 3 4 5 6 8 9 10 12 16 17 21 23 26 28 29 30 32 33 34 35 38 39 40 41 44 46 48 49 50 52 53 58 60 62 65 66 68 69 72 75 76 79 83 86 88 90 91 92 95 96 97 98 99 100 102 103 104 108 110 111 112 114 115 117 118 119 122 123 124 125 126 128 132 135 136 137 146 147 148 150 155 156 159 160 163 165 168 169 170 171 172 175 179 181 182 185 186 187 190 191 192 193 195 196 197 198 201 207 208 212 213 215 219 220 227 229 232 233 234 236 238 239 240 241 245 249 257 258 259 261 262 263 264 265 267 272 273 275 281 286 288 290 292 293 294 296 297 177 194 291 284 133 54 113 2 277 173 
Number of disconnected nodes: 159
Max available bandwidth: 15000 Kbps
Average throughput: 7033.61 Kbps
Throughput to bandwidth ratio: 0.468908
Packet loss percentage: 32.2723%
Average delay: 7837.12 ms
Average jitter: 3234.01 ms
G_L: 0.47

Nodes disconnected: 278 0 3 4 5 6 8 9 10 12 16 17 21 23 26 28 29 30 32 33 34 35 38 39 40 41 44 46 48 49 50 52 53 58 60 62 65 66 68 69 72 75 76 79 83 86 88 90 91 92 95 96 97 98 99 100 102 103 104 108 110 111 112 114 115 117 118 119 122 123 124 125 126 128 132 135 136 137 146 147 148 150 155 156 159 160 163 165 168 169 170 171 172 175 179 181 182 185 186 187 190 191 192 193 195 196 197 198 201 207 208 212 213 215 219 220 227 229 232 233 234 236 238 239 240 241 245 249 257 258 259 261 262 263 264 265 267 272 273 275 281 286 288 290 292 293 294 296 297 177 194 291 284 133 54 113 2 277 173 24 
Number of disconnected nodes: 160
Max available bandwidth: 14900 Kbps
Average throughput: 6922.37 Kbps
Throughput to bandwidth ratio: 0.464589
Packet loss percentage: 34.4951%
Average delay: 8095.53 ms
Average jitter: 2981.39 ms
G_L: 0.4667

Nodes disconnected: 278 0 3 4 5 6 8 9 10 12 16 17 21 23 26 28 29 30 32 33 34 35 38 39 40 41 44 46 48 49 50 52 53 58 60 62 65 66 68 69 72 75 76 79 83 86 88 90 91 92 95 96 97 98 99 100 102 103 104 108 110 111 112 114 115 117 118 119 122 123 124 125 126 128 132 135 136 137 146 147 148 150 155 156 159 160 163 165 168 169 170 171 172 175 179 181 182 185 186 187 190 191 192 193 195 196 197 198 201 207 208 212 213 215 219 220 227 229 232 233 234 236 238 239 240 241 245 249 257 258 259 261 262 263 264 265 267 272 273 275 281 286 288 290 292 293 294 296 297 177 194 291 284 133 54 113 2 277 173 24 237 
Number of disconnected nodes: 161
Max available bandwidth: 14800 Kbps
Average throughput: 6845.61 Kbps
Throughput to bandwidth ratio: 0.462541
Packet loss percentage: 35.4225%
Average delay: 7596.08 ms
Average jitter: 2675.8 ms
G_L: 0.4633

Nodes disconnected: 278 0 3 4 5 6 8 9 10 12 16 17 21 23 26 28 29 30 32 33 34 35 38 39 40 41 44 46 48 49 50 52 53 58 60 62 65 66 68 69 72 75 76 79 83 86 88 90 91 92 95 96 97 98 99 100 102 103 104 108 110 111 112 114 115 117 118 119 122 123 124 125 126 128 132 135 136 137 146 147 148 150 155 156 159 160 163 165 168 169 170 171 172 175 179 181 182 185 186 187 190 191 192 193 195 196 197 198 201 207 208 212 213 215 219 220 227 229 232 233 234 236 238 239 240 241 245 249 257 258 259 261 262 263 264 265 267 272 273 275 281 286 288 290 292 293 294 296 297 177 194 291 284 133 54 113 2 277 173 24 237 184 
Number of disconnected nodes: 162
Max available bandwidth: 14800 Kbps
Average throughput: 6969.3 Kbps
Throughput to bandwidth ratio: 0.470899
Packet loss percentage: 35.1779%
Average delay: 6652.61 ms
Average jitter: 2339.34 ms
G_L: 0.46

Nodes disconnected: 278 0 3 4 5 6 8 9 10 12 16 17 21 23 26 28 29 30 32 33 34 35 38 39 40 41 44 46 48 49 50 52 53 58 60 62 65 66 68 69 72 75 76 79 83 86 88 90 91 92 95 96 97 98 99 100 102 103 104 108 110 111 112 114 115 117 118 119 122 123 124 125 126 128 132 135 136 137 146 147 148 150 155 156 159 160 163 165 168 169 170 171 172 175 179 181 182 185 186 187 190 191 192 193 195 196 197 198 201 207 208 212 213 215 219 220 227 229 232 233 234 236 238 239 240 241 245 249 257 258 259 261 262 263 264 265 267 272 273 275 281 286 288 290 292 293 294 296 297 177 194 291 284 133 54 113 2 277 173 24 237 184 161 
Number of disconnected nodes: 163
Max available bandwidth: 14700 Kbps
Average throughput: 6833.94 Kbps
Throughput to bandwidth ratio: 0.464894
Packet loss percentage: 33.9893%
Average delay: 8532.23 ms
Average jitter: 3180.51 ms
G_L: 0.4567

Nodes disconnected: 278 0 3 4 5 6 8 9 10 12 16 17 21 23 26 28 29 30 32 33 34 35 38 39 40 41 44 46 48 49 50 52 53 58 60 62 65 66 68 69 72 75 76 79 83 86 88 90 91 92 95 96 97 98 99 100 102 103 104 108 110 111 112 114 115 117 118 119 122 123 124 125 126 128 132 135 136 137 146 147 148 150 155 156 159 160 163 165 168 169 170 171 172 175 179 181 182 185 186 187 190 191 192 193 195 196 197 198 201 207 208 212 213 215 219 220 227 229 232 233 234 236 238 239 240 241 245 249 257 258 259 261 262 263 264 265 267 272 273 275 281 286 288 290 292 293 294 296 297 177 194 291 284 133 54 113 2 277 173 24 237 184 161 89 295 
Number of disconnected nodes: 165
Max available bandwidth: 14700 Kbps
Average throughput: 6742.11 Kbps
Throughput to bandwidth ratio: 0.458647
Packet loss percentage: 35.0986%
Average delay: 7304.74 ms
Average jitter: 2456.11 ms
G_L: 0.45

Nodes disconnected: 278 0 3 4 5 6 8 9 10 12 16 17 21 23 26 28 29 30 32 33 34 35 38 39 40 41 44 46 48 49 50 52 53 58 60 62 65 66 68 69 72 75 76 79 83 86 88 90 91 92 95 96 97 98 99 100 102 103 104 108 110 111 112 114 115 117 118 119 122 123 124 125 126 128 132 135 136 137 146 147 148 150 155 156 159 160 163 165 168 169 170 171 172 175 179 181 182 185 186 187 190 191 192 193 195 196 197 198 201 207 208 212 213 215 219 220 227 229 232 233 234 236 238 239 240 241 245 249 257 258 259 261 262 263 264 265 267 272 273 275 281 286 288 290 292 293 294 296 297 177 194 291 284 133 54 113 2 277 173 24 237 184 161 89 295 101 139 269 78 85 22 280 
Number of disconnected nodes: 172
Max available bandwidth: 14000 Kbps
Average throughput: 6629.03 Kbps
Throughput to bandwidth ratio: 0.473502
Packet loss percentage: 33.8777%
Average delay: 7698.03 ms
Average jitter: 2347.9 ms
G_L: 0.4267

Nodes disconnected: 278 0 3 4 5 6 8 9 10 12 16 17 21 23 26 28 29 30 32 33 34 35 38 39 40 41 44 46 48 49 50 52 53 58 60 62 65 66 68 69 72 75 76 79 83 86 88 90 91 92 95 96 97 98 99 100 102 103 104 108 110 111 112 114 115 117 118 119 122 123 124 125 126 128 132 135 136 137 146 147 148 150 155 156 159 160 163 165 168 169 170 171 172 175 179 181 182 185 186 187 190 191 192 193 195 196 197 198 201 207 208 212 213 215 219 220 227 229 232 233 234 236 238 239 240 241 245 249 257 258 259 261 262 263 264 265 267 272 273 275 281 286 288 290 292 293 294 296 297 177 194 291 284 133 54 113 2 277 173 24 237 184 161 89 295 101 139 269 78 85 22 280 42 
Number of disconnected nodes: 173
Max available bandwidth: 13900 Kbps
Average throughput: 6432.35 Kbps
Throughput to bandwidth ratio: 0.462759
Packet loss percentage: 33.5646%
Average delay: 6238.66 ms
Average jitter: 2120.23 ms
G_L: 0.4233

Nodes disconnected: 278 0 3 4 5 6 8 9 10 12 16 17 21 23 26 28 29 30 32 33 34 35 38 39 40 41 44 46 48 49 50 52 53 58 60 62 65 66 68 69 72 75 76 79 83 86 88 90 91 92 95 96 97 98 99 100 102 103 104 108 110 111 112 114 115 117 118 119 122 123 124 125 126 128 132 135 136 137 146 147 148 150 155 156 159 160 163 165 168 169 170 171 172 175 179 181 182 185 186 187 190 191 192 193 195 196 197 198 201 207 208 212 213 215 219 220 227 229 232 233 234 236 238 239 240 241 245 249 257 258 259 261 262 263 264 265 267 272 273 275 281 286 288 290 292 293 294 296 297 177 194 291 284 133 54 113 2 277 173 24 237 184 161 89 295 101 139 269 78 85 22 280 42 299 93 174 254 
Number of disconnected nodes: 177
Max available bandwidth: 13400 Kbps
Average throughput: 6341.77 Kbps
Throughput to bandwidth ratio: 0.473266
Packet loss percentage: 32.2389%
Average delay: 7688.31 ms
Average jitter: 2902.95 ms
G_L: 0.41

Nodes disconnected: 278 0 3 4 5 6 8 9 10 12 16 17 21 23 26 28 29 30 32 33 34 35 38 39 40 41 44 46 48 49 50 52 53 58 60 62 65 66 68 69 72 75 76 79 83 86 88 90 91 92 95 96 97 98 99 100 102 103 104 108 110 111 112 114 115 117 118 119 122 123 124 125 126 128 132 135 136 137 146 147 148 150 155 156 159 160 163 165 168 169 170 171 172 175 179 181 182 185 186 187 190 191 192 193 195 196 197 198 201 207 208 212 213 215 219 220 227 229 232 233 234 236 238 239 240 241 245 249 257 258 259 261 262 263 264 265 267 272 273 275 281 286 288 290 292 293 294 296 297 177 194 291 284 133 54 113 2 277 173 24 237 184 161 89 295 101 139 269 78 85 22 280 42 299 93 174 254 256 225 70 167 202 43 141 205 143 270 209 214 246 248 59 221 222 127 
Number of disconnected nodes: 195
Max available bandwidth: 12600 Kbps
Average throughput: 5483.71 Kbps
Throughput to bandwidth ratio: 0.435215
Packet loss percentage: 35.9325%
Average delay: 6883.81 ms
Average jitter: 2077.62 ms
G_L: 0.35

Nodes disconnected: 278 0 3 4 5 6 8 9 10 12 16 17 21 23 26 28 29 30 32 33 34 35 38 39 40 41 44 46 48 49 50 52 53 58 60 62 65 66 68 69 72 75 76 79 83 86 88 90 91 92 95 96 97 98 99 100 102 103 104 108 110 111 112 114 115 117 118 119 122 123 124 125 126 128 132 135 136 137 146 147 148 150 155 156 159 160 163 165 168 169 170 171 172 175 179 181 182 185 186 187 190 191 192 193 195 196 197 198 201 207 208 212 213 215 219 220 227 229 232 233 234 236 238 239 240 241 245 249 257 258 259 261 262 263 264 265 267 272 273 275 281 286 288 290 292 293 294 296 297 177 194 291 284 133 54 113 2 277 173 24 237 184 161 89 295 101 139 269 78 85 22 280 42 299 93 174 254 256 225 70 167 202 43 141 205 143 270 209 214 246 248 59 221 222 127 178 154 
Number of disconnected nodes: 197
Max available bandwidth: 12500 Kbps
Average throughput: 5388.9 Kbps
Throughput to bandwidth ratio: 0.431112
Packet loss percentage: 37.5243%
Average delay: 6328.63 ms
Average jitter: 1655.64 ms
G_L: 0.3433

Nodes disconnected: 278 0 3 4 5 6 8 9 10 12 16 17 21 23 26 28 29 30 32 33 34 35 38 39 40 41 44 46 48 49 50 52 53 58 60 62 65 66 68 69 72 75 76 79 83 86 88 90 91 92 95 96 97 98 99 100 102 103 104 108 110 111 112 114 115 117 118 119 122 123 124 125 126 128 132 135 136 137 146 147 148 150 155 156 159 160 163 165 168 169 170 171 172 175 179 181 182 185 186 187 190 191 192 193 195 196 197 198 201 207 208 212 213 215 219 220 227 229 232 233 234 236 238 239 240 241 245 249 257 258 259 261 262 263 264 265 267 272 273 275 281 286 288 290 292 293 294 296 297 177 194 291 284 133 54 113 2 277 173 24 237 184 161 89 295 101 139 269 78 85 22 280 42 299 93 174 254 256 225 70 167 202 43 141 205 143 270 209 214 246 248 59 221 222 127 178 154 13 
Number of disconnected nodes: 198
Max available bandwidth: 12400 Kbps
Average throughput: 5391.22 Kbps
Throughput to bandwidth ratio: 0.434775
Packet loss percentage: 34.1076%
Average delay: 6547.05 ms
Average jitter: 2493.49 ms
G_L: 0.34

Nodes disconnected: 278 0 3 4 5 6 8 9 10 12 16 17 21 23 26 28 29 30 32 33 34 35 38 39 40 41 44 46 48 49 50 52 53 58 60 62 65 66 68 69 72 75 76 79 83 86 88 90 91 92 95 96 97 98 99 100 102 103 104 108 110 111 112 114 115 117 118 119 122 123 124 125 126 128 132 135 136 137 146 147 148 150 155 156 159 160 163 165 168 169 170 171 172 175 179 181 182 185 186 187 190 191 192 193 195 196 197 198 201 207 208 212 213 215 219 220 227 229 232 233 234 236 238 239 240 241 245 249 257 258 259 261 262 263 264 265 267 272 273 275 281 286 288 290 292 293 294 296 297 177 194 291 284 133 54 113 2 277 173 24 237 184 161 89 295 101 139 269 78 85 22 280 42 299 93 174 254 256 225 70 167 202 43 141 205 143 270 209 214 246 248 59 221 222 127 178 154 13 131 230 
Number of disconnected nodes: 200
Max available bandwidth: 12300 Kbps
Average throughput: 5247.69 Kbps
Throughput to bandwidth ratio: 0.426641
Packet loss percentage: 37.3984%
Average delay: 7092.97 ms
Average jitter: 1828.23 ms
G_L: 0.3333

Nodes disconnected: 278 0 3 4 5 6 8 9 10 12 16 17 21 23 26 28 29 30 32 33 34 35 38 39 40 41 44 46 48 49 50 52 53 58 60 62 65 66 68 69 72 75 76 79 83 86 88 90 91 92 95 96 97 98 99 100 102 103 104 108 110 111 112 114 115 117 118 119 122 123 124 125 126 128 132 135 136 137 146 147 148 150 155 156 159 160 163 165 168 169 170 171 172 175 179 181 182 185 186 187 190 191 192 193 195 196 197 198 201 207 208 212 213 215 219 220 227 229 232 233 234 236 238 239 240 241 245 249 257 258 259 261 262 263 264 265 267 272 273 275 281 286 288 290 292 293 294 296 297 177 194 291 284 133 54 113 2 277 173 24 237 184 161 89 295 101 139 269 78 85 22 280 42 299 93 174 254 256 225 70 167 202 43 141 205 143 270 209 214 246 248 59 221 222 127 178 154 13 131 230 276 285 
Number of disconnected nodes: 202
Max available bandwidth: 12200 Kbps
Average throughput: 5069.41 Kbps
Throughput to bandwidth ratio: 0.415525
Packet loss percentage: 35.8028%
Average delay: 6885.84 ms
Average jitter: 1906.12 ms
G_L: 0.3267

Nodes disconnected: 278 0 3 4 5 6 8 9 10 12 16 17 21 23 26 28 29 30 32 33 34 35 38 39 40 41 44 46 48 49 50 52 53 58 60 62 65 66 68 69 72 75 76 79 83 86 88 90 91 92 95 96 97 98 99 100 102 103 104 108 110 111 112 114 115 117 118 119 122 123 124 125 126 128 132 135 136 137 146 147 148 150 155 156 159 160 163 165 168 169 170 171 172 175 179 181 182 185 186 187 190 191 192 193 195 196 197 198 201 207 208 212 213 215 219 220 227 229 232 233 234 236 238 239 240 241 245 249 257 258 259 261 262 263 264 265 267 272 273 275 281 286 288 290 292 293 294 296 297 177 194 291 284 133 54 113 2 277 173 24 237 184 161 89 295 101 139 269 78 85 22 280 42 299 93 174 254 256 225 70 167 202 43 141 205 143 270 209 214 246 248 59 221 222 127 178 154 13 131 230 276 285 120 
Number of disconnected nodes: 203
Max available bandwidth: 12100 Kbps
Average throughput: 5035.97 Kbps
Throughput to bandwidth ratio: 0.416196
Packet loss percentage: 35.5727%
Average delay: 5579.93 ms
Average jitter: 1713.42 ms
G_L: 0.3233

Nodes disconnected: 278 0 3 4 5 6 8 9 10 12 16 17 21 23 26 28 29 30 32 33 34 35 38 39 40 41 44 46 48 49 50 52 53 58 60 62 65 66 68 69 72 75 76 79 83 86 88 90 91 92 95 96 97 98 99 100 102 103 104 108 110 111 112 114 115 117 118 119 122 123 124 125 126 128 132 135 136 137 146 147 148 150 155 156 159 160 163 165 168 169 170 171 172 175 179 181 182 185 186 187 190 191 192 193 195 196 197 198 201 207 208 212 213 215 219 220 227 229 232 233 234 236 238 239 240 241 245 249 257 258 259 261 262 263 264 265 267 272 273 275 281 286 288 290 292 293 294 296 297 177 194 291 284 133 54 113 2 277 173 24 237 184 161 89 295 101 139 269 78 85 22 280 42 299 93 174 254 256 225 70 167 202 43 141 205 143 270 209 214 246 248 59 221 222 127 178 154 13 131 230 276 285 120 18 
Number of disconnected nodes: 204
Max available bandwidth: 12000 Kbps
Average throughput: 5085.9 Kbps
Throughput to bandwidth ratio: 0.423825
Packet loss percentage: 36.6951%
Average delay: 6502.66 ms
Average jitter: 1722.23 ms
G_L: 0.32

Nodes disconnected: 278 0 3 4 5 6 8 9 10 12 16 17 21 23 26 28 29 30 32 33 34 35 38 39 40 41 44 46 48 49 50 52 53 58 60 62 65 66 68 69 72 75 76 79 83 86 88 90 91 92 95 96 97 98 99 100 102 103 104 108 110 111 112 114 115 117 118 119 122 123 124 125 126 128 132 135 136 137 146 147 148 150 155 156 159 160 163 165 168 169 170 171 172 175 179 181 182 185 186 187 190 191 192 193 195 196 197 198 201 207 208 212 213 215 219 220 227 229 232 233 234 236 238 239 240 241 245 249 257 258 259 261 262 263 264 265 267 272 273 275 281 286 288 290 292 293 294 296 297 177 194 291 284 133 54 113 2 277 173 24 237 184 161 89 295 101 139 269 78 85 22 280 42 299 93 174 254 256 225 70 167 202 43 141 205 143 270 209 214 246 248 59 221 222 127 178 154 13 131 230 276 285 120 18 109 
Number of disconnected nodes: 205
Max available bandwidth: 11900 Kbps
Average throughput: 5056.02 Kbps
Throughput to bandwidth ratio: 0.424875
Packet loss percentage: 35.6633%
Average delay: 7245.7 ms
Average jitter: 1908.85 ms
G_L: 0.3167

Nodes disconnected: 278 0 3 4 5 6 8 9 10 12 16 17 21 23 26 28 29 30 32 33 34 35 38 39 40 41 44 46 48 49 50 52 53 58 60 62 65 66 68 69 72 75 76 79 83 86 88 90 91 92 95 96 97 98 99 100 102 103 104 108 110 111 112 114 115 117 118 119 122 123 124 125 126 128 132 135 136 137 146 147 148 150 155 156 159 160 163 165 168 169 170 171 172 175 179 181 182 185 186 187 190 191 192 193 195 196 197 198 201 207 208 212 213 215 219 220 227 229 232 233 234 236 238 239 240 241 245 249 257 258 259 261 262 263 264 265 267 272 273 275 281 286 288 290 292 293 294 296 297 177 194 291 284 133 54 113 2 277 173 24 237 184 161 89 295 101 139 269 78 85 22 280 42 299 93 174 254 256 225 70 167 202 43 141 205 143 270 209 214 246 248 59 221 222 127 178 154 13 131 230 276 285 120 18 109 260 
Number of disconnected nodes: 206
Max available bandwidth: 11900 Kbps
Average throughput: 4891.94 Kbps
Throughput to bandwidth ratio: 0.411088
Packet loss percentage: 38.7263%
Average delay: 6731.4 ms
Average jitter: 1669.58 ms
G_L: 0.3133

Nodes disconnected: 278 0 3 4 5 6 8 9 10 12 16 17 21 23 26 28 29 30 32 33 34 35 38 39 40 41 44 46 48 49 50 52 53 58 60 62 65 66 68 69 72 75 76 79 83 86 88 90 91 92 95 96 97 98 99 100 102 103 104 108 110 111 112 114 115 117 118 119 122 123 124 125 126 128 132 135 136 137 146 147 148 150 155 156 159 160 163 165 168 169 170 171 172 175 179 181 182 185 186 187 190 191 192 193 195 196 197 198 201 207 208 212 213 215 219 220 227 229 232 233 234 236 238 239 240 241 245 249 257 258 259 261 262 263 264 265 267 272 273 275 281 286 288 290 292 293 294 296 297 177 194 291 284 133 54 113 2 277 173 24 237 184 161 89 295 101 139 269 78 85 22 280 42 299 93 174 254 256 225 70 167 202 43 141 205 143 270 209 214 246 248 59 221 222 127 178 154 13 131 230 276 285 120 18 109 260 216 
Number of disconnected nodes: 207
Max available bandwidth: 11800 Kbps
Average throughput: 4949.82 Kbps
Throughput to bandwidth ratio: 0.419477
Packet loss percentage: 37.2565%
Average delay: 7523.86 ms
Average jitter: 1931.01 ms
G_L: 0.31

Nodes disconnected: 278 0 3 4 5 6 8 9 10 12 16 17 21 23 26 28 29 30 32 33 34 35 38 39 40 41 44 46 48 49 50 52 53 58 60 62 65 66 68 69 72 75 76 79 83 86 88 90 91 92 95 96 97 98 99 100 102 103 104 108 110 111 112 114 115 117 118 119 122 123 124 125 126 128 132 135 136 137 146 147 148 150 155 156 159 160 163 165 168 169 170 171 172 175 179 181 182 185 186 187 190 191 192 193 195 196 197 198 201 207 208 212 213 215 219 220 227 229 232 233 234 236 238 239 240 241 245 249 257 258 259 261 262 263 264 265 267 272 273 275 281 286 288 290 292 293 294 296 297 177 194 291 284 133 54 113 2 277 173 24 237 184 161 89 295 101 139 269 78 85 22 280 42 299 93 174 254 256 225 70 167 202 43 141 205 143 270 209 214 246 248 59 221 222 127 178 154 13 131 230 276 285 120 18 109 260 216 80 180 
Number of disconnected nodes: 209
Max available bandwidth: 11700 Kbps
Average throughput: 4699.95 Kbps
Throughput to bandwidth ratio: 0.401705
Packet loss percentage: 37.6598%
Average delay: 6508.95 ms
Average jitter: 1772.48 ms
G_L: 0.3033

Nodes disconnected: 278 0 3 4 5 6 8 9 10 12 16 17 21 23 26 28 29 30 32 33 34 35 38 39 40 41 44 46 48 49 50 52 53 58 60 62 65 66 68 69 72 75 76 79 83 86 88 90 91 92 95 96 97 98 99 100 102 103 104 108 110 111 112 114 115 117 118 119 122 123 124 125 126 128 132 135 136 137 146 147 148 150 155 156 159 160 163 165 168 169 170 171 172 175 179 181 182 185 186 187 190 191 192 193 195 196 197 198 201 207 208 212 213 215 219 220 227 229 232 233 234 236 238 239 240 241 245 249 257 258 259 261 262 263 264 265 267 272 273 275 281 286 288 290 292 293 294 296 297 177 194 291 284 133 54 113 2 277 173 24 237 184 161 89 295 101 139 269 78 85 22 280 42 299 93 174 254 256 225 70 167 202 43 141 205 143 270 209 214 246 248 59 221 222 127 178 154 13 131 230 276 285 120 18 109 260 216 80 180 1 130 271 144 274 20 279 157 31 51 189 61 199 200 73 74 77 206 223 224 231 107 235 116 253 
Number of disconnected nodes: 234
Max available bandwidth: 9400 Kbps
Average throughput: 3350.79 Kbps
Throughput to bandwidth ratio: 0.356467
Packet loss percentage: 42.8231%
Average delay: 5557.24 ms
Average jitter: 991.411 ms
G_L: 0.22

Nodes disconnected: 278 0 3 4 5 6 8 9 10 12 16 17 21 23 26 28 29 30 32 33 34 35 38 39 40 41 44 46 48 49 50 52 53 58 60 62 65 66 68 69 72 75 76 79 83 86 88 90 91 92 95 96 97 98 99 100 102 103 104 108 110 111 112 114 115 117 118 119 122 123 124 125 126 128 132 135 136 137 146 147 148 150 155 156 159 160 163 165 168 169 170 171 172 175 179 181 182 185 186 187 190 191 192 193 195 196 197 198 201 207 208 212 213 215 219 220 227 229 232 233 234 236 238 239 240 241 245 249 257 258 259 261 262 263 264 265 267 272 273 275 281 286 288 290 292 293 294 296 297 177 194 291 284 133 54 113 2 277 173 24 237 184 161 89 295 101 139 269 78 85 22 280 42 299 93 174 254 256 225 70 167 202 43 141 205 143 270 209 214 246 248 59 221 222 127 178 154 13 131 230 276 285 120 18 109 260 216 80 180 1 130 271 144 274 20 279 157 31 51 189 61 199 200 73 74 77 206 223 224 231 107 235 116 253 162 
Number of disconnected nodes: 235
Max available bandwidth: 9300 Kbps
Average throughput: 3303.5 Kbps
Throughput to bandwidth ratio: 0.355215
Packet loss percentage: 42.7822%
Average delay: 6408.08 ms
Average jitter: 1241.63 ms
G_L: 0.2167

Nodes disconnected: 278 0 3 4 5 6 8 9 10 12 16 17 21 23 26 28 29 30 32 33 34 35 38 39 40 41 44 46 48 49 50 52 53 58 60 62 65 66 68 69 72 75 76 79 83 86 88 90 91 92 95 96 97 98 99 100 102 103 104 108 110 111 112 114 115 117 118 119 122 123 124 125 126 128 132 135 136 137 146 147 148 150 155 156 159 160 163 165 168 169 170 171 172 175 179 181 182 185 186 187 190 191 192 193 195 196 197 198 201 207 208 212 213 215 219 220 227 229 232 233 234 236 238 239 240 241 245 249 257 258 259 261 262 263 264 265 267 272 273 275 281 286 288 290 292 293 294 296 297 177 194 291 284 133 54 113 2 277 173 24 237 184 161 89 295 101 139 269 78 85 22 280 42 299 93 174 254 256 225 70 167 202 43 141 205 143 270 209 214 246 248 59 221 222 127 178 154 13 131 230 276 285 120 18 109 260 216 80 180 1 130 271 144 274 20 279 157 31 51 189 61 199 200 73 74 77 206 223 224 231 107 235 116 253 162 217 84 
Number of disconnected nodes: 237
Max available bandwidth: 9300 Kbps
Average throughput: 3082.28 Kbps
Throughput to bandwidth ratio: 0.331428
Packet loss percentage: 45.2158%
Average delay: 5741.08 ms
Average jitter: 1102.63 ms
G_L: 0.21

Nodes disconnected: 278 0 3 4 5 6 8 9 10 12 16 17 21 23 26 28 29 30 32 33 34 35 38 39 40 41 44 46 48 49 50 52 53 58 60 62 65 66 68 69 72 75 76 79 83 86 88 90 91 92 95 96 97 98 99 100 102 103 104 108 110 111 112 114 115 117 118 119 122 123 124 125 126 128 132 135 136 137 146 147 148 150 155 156 159 160 163 165 168 169 170 171 172 175 179 181 182 185 186 187 190 191 192 193 195 196 197 198 201 207 208 212 213 215 219 220 227 229 232 233 234 236 238 239 240 241 245 249 257 258 259 261 262 263 264 265 267 272 273 275 281 286 288 290 292 293 294 296 297 177 194 291 284 133 54 113 2 277 173 24 237 184 161 89 295 101 139 269 78 85 22 280 42 299 93 174 254 256 225 70 167 202 43 141 205 143 270 209 214 246 248 59 221 222 127 178 154 13 131 230 276 285 120 18 109 260 216 80 180 1 130 271 144 274 20 279 157 31 51 189 61 199 200 73 74 77 206 223 224 231 107 235 116 253 162 217 84 226 
Number of disconnected nodes: 238
Max available bandwidth: 9200 Kbps
Average throughput: 3049.15 Kbps
Throughput to bandwidth ratio: 0.331429
Packet loss percentage: 44.3175%
Average delay: 5301.93 ms
Average jitter: 1130.13 ms
G_L: 0.2067

Nodes disconnected: 278 0 3 4 5 6 8 9 10 12 16 17 21 23 26 28 29 30 32 33 34 35 38 39 40 41 44 46 48 49 50 52 53 58 60 62 65 66 68 69 72 75 76 79 83 86 88 90 91 92 95 96 97 98 99 100 102 103 104 108 110 111 112 114 115 117 118 119 122 123 124 125 126 128 132 135 136 137 146 147 148 150 155 156 159 160 163 165 168 169 170 171 172 175 179 181 182 185 186 187 190 191 192 193 195 196 197 198 201 207 208 212 213 215 219 220 227 229 232 233 234 236 238 239 240 241 245 249 257 258 259 261 262 263 264 265 267 272 273 275 281 286 288 290 292 293 294 296 297 177 194 291 284 133 54 113 2 277 173 24 237 184 161 89 295 101 139 269 78 85 22 280 42 299 93 174 254 256 225 70 167 202 43 141 205 143 270 209 214 246 248 59 221 222 127 178 154 13 131 230 276 285 120 18 109 260 216 80 180 1 130 271 144 274 20 279 157 31 51 189 61 199 200 73 74 77 206 223 224 231 107 235 116 253 162 217 84 226 129 134 7 138 11 140 266 14 15 142 145 268 19 149 151 152 25 153 27 282 283 158 287 289 36 37 164 166 298 45 47 176 55 56 57 183 188 63 64 67 71 203 204 81 82 210 211 87 218 94 228 105 106 242 243 244 247 121 250 251 252 255 
Number of disconnected nodes: 300
Max available bandwidth: 0 Kbps
Average throughput: 0 Kbps
Throughput to bandwidth ratio: -nan
Packet loss percentage: -nan%
Average delay: -nan ms
Average jitter: -nan ms
G_L: 0

