Nodes disconnected: 
Number of disconnected nodes: 0
Max available bandwidth: 33400 Kbps
Average throughput: 25289.2 Kbps
Throughput to bandwidth ratio: 0.757162
Packet loss percentage: 5.68588%
Average delay: 2125.04 ms
Average jitter: 597.51 ms
G_L: 1

Nodes disconnected: 0 3 4 5 6 8 9 10 12 16 17 21 23 26 28 29 30 32 33 34 35 38 39 40 41 44 46 48 49 50 52 53 58 60 62 65 66 68 69 72 75 76 79 83 86 88 90 91 92 95 96 97 98 99 100 102 103 104 108 110 111 112 114 115 117 118 119 122 123 124 125 126 128 132 135 136 137 146 147 148 150 155 156 159 160 163 165 168 169 170 171 172 175 179 181 182 185 186 187 190 191 192 193 195 196 197 198 201 207 208 212 213 215 219 220 227 229 232 233 234 236 238 239 240 241 245 249 257 258 259 261 262 263 264 265 267 272 273 275 278 281 286 288 290 292 293 294 296 297 
Number of disconnected nodes: 149
Max available bandwidth: 15900 Kbps
Average throughput: 9680.77 Kbps
Throughput to bandwidth ratio: 0.608854
Packet loss percentage: 35.5766%
Average delay: 3408.86 ms
Average jitter: 695.584 ms
G_L: 0.5033

Nodes disconnected: 0 3 4 5 6 8 9 10 12 16 17 21 23 26 28 29 30 32 33 34 35 38 39 40 41 44 46 48 49 50 52 53 58 60 62 65 66 68 69 72 75 76 79 83 86 88 90 91 92 95 96 97 98 99 100 102 103 104 108 110 111 112 114 115 117 118 119 122 123 124 125 126 128 132 135 136 137 146 147 148 150 155 156 159 160 163 165 168 169 170 171 172 175 179 181 182 185 186 187 190 191 192 193 195 196 197 198 201 207 208 212 213 215 219 220 227 229 232 233 234 236 238 239 240 241 245 249 257 258 259 261 262 263 264 265 267 272 273 275 278 281 286 288 290 292 293 294 296 297 2 277 
Number of disconnected nodes: 151
Max available bandwidth: 15800 Kbps
Average throughput: 9523.31 Kbps
Throughput to bandwidth ratio: 0.602741
Packet loss percentage: 35.3053%
Average delay: 3245.7 ms
Average jitter: 709.768 ms
G_L: 0.4967

Nodes disconnected: 0 3 4 5 6 8 9 10 12 16 17 21 23 26 28 29 30 32 33 34 35 38 39 40 41 44 46 48 49 50 52 53 58 60 62 65 66 68 69 72 75 76 79 83 86 88 90 91 92 95 96 97 98 99 100 102 103 104 108 110 111 112 114 115 117 118 119 122 123 124 125 126 128 132 135 136 137 146 147 148 150 155 156 159 160 163 165 168 169 170 171 172 175 179 181 182 185 186 187 190 191 192 193 195 196 197 198 201 207 208 212 213 215 219 220 227 229 232 233 234 236 238 239 240 241 245 249 257 258 259 261 262 263 264 265 267 272 273 275 278 281 286 288 290 292 293 294 296 297 2 277 209 143 
Number of disconnected nodes: 153
Max available bandwidth: 15600 Kbps
Average throughput: 9410.21 Kbps
Throughput to bandwidth ratio: 0.603219
Packet loss percentage: 35.7565%
Average delay: 3174.57 ms
Average jitter: 684.416 ms
G_L: 0.49

Nodes disconnected: 0 3 4 5 6 8 9 10 12 16 17 21 23 26 28 29 30 32 33 34 35 38 39 40 41 44 46 48 49 50 52 53 58 60 62 65 66 68 69 72 75 76 79 83 86 88 90 91 92 95 96 97 98 99 100 102 103 104 108 110 111 112 114 115 117 118 119 122 123 124 125 126 128 132 135 136 137 146 147 148 150 155 156 159 160 163 165 168 169 170 171 172 175 179 181 182 185 186 187 190 191 192 193 195 196 197 198 201 207 208 212 213 215 219 220 227 229 232 233 234 236 238 239 240 241 245 249 257 258 259 261 262 263 264 265 267 272 273 275 278 281 286 288 290 292 293 294 296 297 2 277 209 143 101 139 269 78 85 22 280 
Number of disconnected nodes: 160
Max available bandwidth: 14900 Kbps
Average throughput: 8891.83 Kbps
Throughput to bandwidth ratio: 0.596767
Packet loss percentage: 36.3448%
Average delay: 3471.99 ms
Average jitter: 680.303 ms
G_L: 0.4667

Nodes disconnected: 0 3 4 5 6 8 9 10 12 16 17 21 23 26 28 29 30 32 33 34 35 38 39 40 41 44 46 48 49 50 52 53 58 60 62 65 66 68 69 72 75 76 79 83 86 88 90 91 92 95 96 97 98 99 100 102 103 104 108 110 111 112 114 115 117 118 119 122 123 124 125 126 128 132 135 136 137 146 147 148 150 155 156 159 160 163 165 168 169 170 171 172 175 179 181 182 185 186 187 190 191 192 193 195 196 197 198 201 207 208 212 213 215 219 220 227 229 232 233 234 236 238 239 240 241 245 249 257 258 259 261 262 263 264 265 267 272 273 275 278 281 286 288 290 292 293 294 296 297 2 277 209 143 101 139 269 78 85 22 280 221 
Number of disconnected nodes: 161
Max available bandwidth: 14900 Kbps
Average throughput: 8819.26 Kbps
Throughput to bandwidth ratio: 0.591896
Packet loss percentage: 36.8096%
Average delay: 3453.1 ms
Average jitter: 680.352 ms
G_L: 0.4633

Nodes disconnected: 0 3 4 5 6 8 9 10 12 16 17 21 23 26 28 29 30 32 33 34 35 38 39 40 41 44 46 48 49 50 52 53 58 60 62 65 66 68 69 72 75 76 79 83 86 88 90 91 92 95 96 97 98 99 100 102 103 104 108 110 111 112 114 115 117 118 119 122 123 124 125 126 128 132 135 136 137 146 147 148 150 155 156 159 160 163 165 168 169 170 171 172 175 179 181 182 185 186 187 190 191 192 193 195 196 197 198 201 207 208 212 213 215 219 220 227 229 232 233 234 236 238 239 240 241 245 249 257 258 259 261 262 263 264 265 267 272 273 275 278 281 286 288 290 292 293 294 296 297 2 277 209 143 101 139 269 78 85 22 280 221 116 
Number of disconnected nodes: 162
Max available bandwidth: 14900 Kbps
Average throughput: 8808.57 Kbps
Throughput to bandwidth ratio: 0.591179
Packet loss percentage: 36.6757%
Average delay: 3375.95 ms
Average jitter: 677.134 ms
G_L: 0.46

Nodes disconnected: 0 3 4 5 6 8 9 10 12 16 17 21 23 26 28 29 30 32 33 34 35 38 39 40 41 44 46 48 49 50 52 53 58 60 62 65 66 68 69 72 75 76 79 83 86 88 90 91 92 95 96 97 98 99 100 102 103 104 108 110 111 112 114 115 117 118 119 122 123 124 125 126 128 132 135 136 137 146 147 148 150 155 156 159 160 163 165 168 169 170 171 172 175 179 181 182 185 186 187 190 191 192 193 195 196 197 198 201 207 208 212 213 215 219 220 227 229 232 233 234 236 238 239 240 241 245 249 257 258 259 261 262 263 264 265 267 272 273 275 278 281 286 288 290 292 293 294 296 297 2 277 209 143 101 139 269 78 85 22 280 221 116 1 130 231 200 74 141 206 20 54 24 253 157 
Number of disconnected nodes: 174
Max available bandwidth: 13800 Kbps
Average throughput: 7787.93 Kbps
Throughput to bandwidth ratio: 0.564343
Packet loss percentage: 39.7168%
Average delay: 3159.12 ms
Average jitter: 641.477 ms
G_L: 0.42

Nodes disconnected: 0 3 4 5 6 8 9 10 12 16 17 21 23 26 28 29 30 32 33 34 35 38 39 40 41 44 46 48 49 50 52 53 58 60 62 65 66 68 69 72 75 76 79 83 86 88 90 91 92 95 96 97 98 99 100 102 103 104 108 110 111 112 114 115 117 118 119 122 123 124 125 126 128 132 135 136 137 146 147 148 150 155 156 159 160 163 165 168 169 170 171 172 175 179 181 182 185 186 187 190 191 192 193 195 196 197 198 201 207 208 212 213 215 219 220 227 229 232 233 234 236 238 239 240 241 245 249 257 258 259 261 262 263 264 265 267 272 273 275 278 281 286 288 290 292 293 294 296 297 2 277 209 143 101 139 269 78 85 22 280 221 116 1 130 231 200 74 141 206 20 54 24 253 157 248 202 274 189 
Number of disconnected nodes: 178
Max available bandwidth: 13500 Kbps
Average throughput: 7706.89 Kbps
Throughput to bandwidth ratio: 0.57088
Packet loss percentage: 39.0552%
Average delay: 2838.71 ms
Average jitter: 616.726 ms
G_L: 0.4067

Nodes disconnected: 0 3 4 5 6 8 9 10 12 16 17 21 23 26 28 29 30 32 33 34 35 38 39 40 41 44 46 48 49 50 52 53 58 60 62 65 66 68 69 72 75 76 79 83 86 88 90 91 92 95 96 97 98 99 100 102 103 104 108 110 111 112 114 115 117 118 119 122 123 124 125 126 128 132 135 136 137 146 147 148 150 155 156 159 160 163 165 168 169 170 171 172 175 179 181 182 185 186 187 190 191 192 193 195 196 197 198 201 207 208 212 213 215 219 220 227 229 232 233 234 236 238 239 240 241 245 249 257 258 259 261 262 263 264 265 267 272 273 275 278 281 286 288 290 292 293 294 296 297 2 277 209 143 101 139 269 78 85 22 280 221 116 1 130 231 200 74 141 206 20 54 24 253 157 248 202 274 189 276 
Number of disconnected nodes: 179
Max available bandwidth: 13400 Kbps
Average throughput: 7661.64 Kbps
Throughput to bandwidth ratio: 0.571764
Packet loss percentage: 38.998%
Average delay: 2972.25 ms
Average jitter: 613.365 ms
G_L: 0.4033

Nodes disconnected: 0 3 4 5 6 8 9 10 12 16 17 21 23 26 28 29 30 32 33 34 35 38 39 40 41 44 46 48 49 50 52 53 58 60 62 65 66 68 69 72 75 76 79 83 86 88 90 91 92 95 96 97 98 99 100 102 103 104 108 110 111 112 114 115 117 118 119 122 123 124 125 126 128 132 135 136 137 146 147 148 150 155 156 159 160 163 165 168 169 170 171 172 175 179 181 182 185 186 187 190 191 192 193 195 196 197 198 201 207 208 212 213 215 219 220 227 229 232 233 234 236 238 239 240 241 245 249 257 258 259 261 262 263 264 265 267 272 273 275 278 281 286 288 290 292 293 294 296 297 2 277 209 143 101 139 269 78 85 22 280 221 116 1 130 231 200 74 141 206 20 54 24 253 157 248 202 274 189 276 13 
Number of disconnected nodes: 180
Max available bandwidth: 13300 Kbps
Average throughput: 7575.9 Kbps
Throughput to bandwidth ratio: 0.569616
Packet loss percentage: 39.2367%
Average delay: 2906.08 ms
Average jitter: 627.826 ms
G_L: 0.4

Nodes disconnected: 0 3 4 5 6 8 9 10 12 16 17 21 23 26 28 29 30 32 33 34 35 38 39 40 41 44 46 48 49 50 52 53 58 60 62 65 66 68 69 72 75 76 79 83 86 88 90 91 92 95 96 97 98 99 100 102 103 104 108 110 111 112 114 115 117 118 119 122 123 124 125 126 128 132 135 136 137 146 147 148 150 155 156 159 160 163 165 168 169 170 171 172 175 179 181 182 185 186 187 190 191 192 193 195 196 197 198 201 207 208 212 213 215 219 220 227 229 232 233 234 236 238 239 240 241 245 249 257 258 259 261 262 263 264 265 267 272 273 275 278 281 286 288 290 292 293 294 296 297 2 277 209 143 101 139 269 78 85 22 280 221 116 1 130 231 200 74 141 206 20 54 24 253 157 248 202 274 189 276 13 173 
Number of disconnected nodes: 181
Max available bandwidth: 13300 Kbps
Average throughput: 7436.94 Kbps
Throughput to bandwidth ratio: 0.559169
Packet loss percentage: 39.5478%
Average delay: 2835.78 ms
Average jitter: 621.312 ms
G_L: 0.3967

Nodes disconnected: 0 3 4 5 6 8 9 10 12 16 17 21 23 26 28 29 30 32 33 34 35 38 39 40 41 44 46 48 49 50 52 53 58 60 62 65 66 68 69 72 75 76 79 83 86 88 90 91 92 95 96 97 98 99 100 102 103 104 108 110 111 112 114 115 117 118 119 122 123 124 125 126 128 132 135 136 137 146 147 148 150 155 156 159 160 163 165 168 169 170 171 172 175 179 181 182 185 186 187 190 191 192 193 195 196 197 198 201 207 208 212 213 215 219 220 227 229 232 233 234 236 238 239 240 241 245 249 257 258 259 261 262 263 264 265 267 272 273 275 278 281 286 288 290 292 293 294 296 297 2 277 209 143 101 139 269 78 85 22 280 221 116 1 130 231 200 74 141 206 20 54 24 253 157 248 202 274 189 276 13 173 105 
Number of disconnected nodes: 182
Max available bandwidth: 13300 Kbps
Average throughput: 7455.52 Kbps
Throughput to bandwidth ratio: 0.560565
Packet loss percentage: 39.529%
Average delay: 2896.72 ms
Average jitter: 600.522 ms
G_L: 0.3933

Nodes disconnected: 0 3 4 5 6 8 9 10 12 16 17 21 23 26 28 29 30 32 33 34 35 38 39 40 41 44 46 48 49 50 52 53 58 60 62 65 66 68 69 72 75 76 79 83 86 88 90 91 92 95 96 97 98 99 100 102 103 104 108 110 111 112 114 115 117 118 119 122 123 124 125 126 128 132 135 136 137 146 147 148 150 155 156 159 160 163 165 168 169 170 171 172 175 179 181 182 185 186 187 190 191 192 193 195 196 197 198 201 207 208 212 213 215 219 220 227 229 232 233 234 236 238 239 240 241 245 249 257 258 259 261 262 263 264 265 267 272 273 275 278 281 286 288 290 292 293 294 296 297 2 277 209 143 101 139 269 78 85 22 280 221 116 1 130 231 200 74 141 206 20 54 24 253 157 248 202 274 189 276 13 173 105 138 298 
Number of disconnected nodes: 184
Max available bandwidth: 13200 Kbps
Average throughput: 7254.3 Kbps
Throughput to bandwidth ratio: 0.549568
Packet loss percentage: 39.3222%
Average delay: 2904.4 ms
Average jitter: 613.148 ms
G_L: 0.3867

Nodes disconnected: 0 3 4 5 6 8 9 10 12 16 17 21 23 26 28 29 30 32 33 34 35 38 39 40 41 44 46 48 49 50 52 53 58 60 62 65 66 68 69 72 75 76 79 83 86 88 90 91 92 95 96 97 98 99 100 102 103 104 108 110 111 112 114 115 117 118 119 122 123 124 125 126 128 132 135 136 137 146 147 148 150 155 156 159 160 163 165 168 169 170 171 172 175 179 181 182 185 186 187 190 191 192 193 195 196 197 198 201 207 208 212 213 215 219 220 227 229 232 233 234 236 238 239 240 241 245 249 257 258 259 261 262 263 264 265 267 272 273 275 278 281 286 288 290 292 293 294 296 297 2 277 209 143 101 139 269 78 85 22 280 221 116 1 130 231 200 74 141 206 20 54 24 253 157 248 202 274 189 276 13 173 105 138 298 84 
Number of disconnected nodes: 185
Max available bandwidth: 13200 Kbps
Average throughput: 7203.44 Kbps
Throughput to bandwidth ratio: 0.545715
Packet loss percentage: 39.6559%
Average delay: 2928.66 ms
Average jitter: 607.653 ms
G_L: 0.3833

Nodes disconnected: 0 3 4 5 6 8 9 10 12 16 17 21 23 26 28 29 30 32 33 34 35 38 39 40 41 44 46 48 49 50 52 53 58 60 62 65 66 68 69 72 75 76 79 83 86 88 90 91 92 95 96 97 98 99 100 102 103 104 108 110 111 112 114 115 117 118 119 122 123 124 125 126 128 132 135 136 137 146 147 148 150 155 156 159 160 163 165 168 169 170 171 172 175 179 181 182 185 186 187 190 191 192 193 195 196 197 198 201 207 208 212 213 215 219 220 227 229 232 233 234 236 238 239 240 241 245 249 257 258 259 261 262 263 264 265 267 272 273 275 278 281 286 288 290 292 293 294 296 297 2 277 209 143 101 139 269 78 85 22 280 221 116 1 130 231 200 74 141 206 20 54 24 253 157 248 202 274 189 276 13 173 105 138 298 84 260 7 266 80 283 279 120 218 251 31 
Number of disconnected nodes: 195
Max available bandwidth: 12300 Kbps
Average throughput: 6475.25 Kbps
Throughput to bandwidth ratio: 0.526443
Packet loss percentage: 40.6527%
Average delay: 3052.71 ms
Average jitter: 609.044 ms
G_L: 0.35

Nodes disconnected: 0 3 4 5 6 8 9 10 12 16 17 21 23 26 28 29 30 32 33 34 35 38 39 40 41 44 46 48 49 50 52 53 58 60 62 65 66 68 69 72 75 76 79 83 86 88 90 91 92 95 96 97 98 99 100 102 103 104 108 110 111 112 114 115 117 118 119 122 123 124 125 126 128 132 135 136 137 146 147 148 150 155 156 159 160 163 165 168 169 170 171 172 175 179 181 182 185 186 187 190 191 192 193 195 196 197 198 201 207 208 212 213 215 219 220 227 229 232 233 234 236 238 239 240 241 245 249 257 258 259 261 262 263 264 265 267 272 273 275 278 281 286 288 290 292 293 294 296 297 2 277 209 143 101 139 269 78 85 22 280 221 116 1 130 231 200 74 141 206 20 54 24 253 157 248 202 274 189 276 13 173 105 138 298 84 260 7 266 80 283 279 120 218 251 31 89 
Number of disconnected nodes: 196
Max available bandwidth: 12300 Kbps
Average throughput: 6425.17 Kbps
Throughput to bandwidth ratio: 0.522371
Packet loss percentage: 40.8114%
Average delay: 3088.01 ms
Average jitter: 607.255 ms
G_L: 0.3467

Nodes disconnected: 0 3 4 5 6 8 9 10 12 16 17 21 23 26 28 29 30 32 33 34 35 38 39 40 41 44 46 48 49 50 52 53 58 60 62 65 66 68 69 72 75 76 79 83 86 88 90 91 92 95 96 97 98 99 100 102 103 104 108 110 111 112 114 115 117 118 119 122 123 124 125 126 128 132 135 136 137 146 147 148 150 155 156 159 160 163 165 168 169 170 171 172 175 179 181 182 185 186 187 190 191 192 193 195 196 197 198 201 207 208 212 213 215 219 220 227 229 232 233 234 236 238 239 240 241 245 249 257 258 259 261 262 263 264 265 267 272 273 275 278 281 286 288 290 292 293 294 296 297 2 277 209 143 101 139 269 78 85 22 280 221 116 1 130 231 200 74 141 206 20 54 24 253 157 248 202 274 189 276 13 173 105 138 298 84 260 7 266 80 283 279 120 218 251 31 89 121 
Number of disconnected nodes: 197
Max available bandwidth: 12200 Kbps
Average throughput: 6358.31 Kbps
Throughput to bandwidth ratio: 0.521173
Packet loss percentage: 40.7589%
Average delay: 3221.52 ms
Average jitter: 607.037 ms
G_L: 0.3433

Nodes disconnected: 0 3 4 5 6 8 9 10 12 16 17 21 23 26 28 29 30 32 33 34 35 38 39 40 41 44 46 48 49 50 52 53 58 60 62 65 66 68 69 72 75 76 79 83 86 88 90 91 92 95 96 97 98 99 100 102 103 104 108 110 111 112 114 115 117 118 119 122 123 124 125 126 128 132 135 136 137 146 147 148 150 155 156 159 160 163 165 168 169 170 171 172 175 179 181 182 185 186 187 190 191 192 193 195 196 197 198 201 207 208 212 213 215 219 220 227 229 232 233 234 236 238 239 240 241 245 249 257 258 259 261 262 263 264 265 267 272 273 275 278 281 286 288 290 292 293 294 296 297 2 277 209 143 101 139 269 78 85 22 280 221 116 1 130 231 200 74 141 206 20 54 24 253 157 248 202 274 189 276 13 173 105 138 298 84 260 7 266 80 283 279 120 218 251 31 89 121 19 87 
Number of disconnected nodes: 199
Max available bandwidth: 12000 Kbps
Average throughput: 6313.47 Kbps
Throughput to bandwidth ratio: 0.526122
Packet loss percentage: 40.0585%
Average delay: 3164.28 ms
Average jitter: 602.057 ms
G_L: 0.3367

Nodes disconnected: 0 3 4 5 6 8 9 10 12 16 17 21 23 26 28 29 30 32 33 34 35 38 39 40 41 44 46 48 49 50 52 53 58 60 62 65 66 68 69 72 75 76 79 83 86 88 90 91 92 95 96 97 98 99 100 102 103 104 108 110 111 112 114 115 117 118 119 122 123 124 125 126 128 132 135 136 137 146 147 148 150 155 156 159 160 163 165 168 169 170 171 172 175 179 181 182 185 186 187 190 191 192 193 195 196 197 198 201 207 208 212 213 215 219 220 227 229 232 233 234 236 238 239 240 241 245 249 257 258 259 261 262 263 264 265 267 272 273 275 278 281 286 288 290 292 293 294 296 297 2 277 209 143 101 139 269 78 85 22 280 221 116 1 130 231 200 74 141 206 20 54 24 253 157 248 202 274 189 276 13 173 105 138 298 84 260 7 266 80 283 279 120 218 251 31 89 121 19 87 129 161 228 210 242 180 214 183 216 
Number of disconnected nodes: 208
Max available bandwidth: 11400 Kbps
Average throughput: 5841.6 Kbps
Throughput to bandwidth ratio: 0.512421
Packet loss percentage: 40.0454%
Average delay: 3270.4 ms
Average jitter: 630.944 ms
G_L: 0.3067

Nodes disconnected: 0 3 4 5 6 8 9 10 12 16 17 21 23 26 28 29 30 32 33 34 35 38 39 40 41 44 46 48 49 50 52 53 58 60 62 65 66 68 69 72 75 76 79 83 86 88 90 91 92 95 96 97 98 99 100 102 103 104 108 110 111 112 114 115 117 118 119 122 123 124 125 126 128 132 135 136 137 146 147 148 150 155 156 159 160 163 165 168 169 170 171 172 175 179 181 182 185 186 187 190 191 192 193 195 196 197 198 201 207 208 212 213 215 219 220 227 229 232 233 234 236 238 239 240 241 245 249 257 258 259 261 262 263 264 265 267 272 273 275 278 281 286 288 290 292 293 294 296 297 2 277 209 143 101 139 269 78 85 22 280 221 116 1 130 231 200 74 141 206 20 54 24 253 157 248 202 274 189 276 13 173 105 138 298 84 260 7 266 80 283 279 120 218 251 31 89 121 19 87 129 161 228 210 242 180 214 183 216 256 255 133 11 140 268 14 15 142 144 18 145 270 149 271 151 152 153 154 27 282 284 158 285 287 289 291 36 164 167 295 42 43 299 45 174 47 176 178 51 55 56 59 188 61 63 194 199 73 203 204 77 205 81 82 211 93 94 222 223 224 225 226 106 107 235 109 237 243 244 246 247 250 252 254 127 
Number of disconnected nodes: 284
Max available bandwidth: 2900 Kbps
Average throughput: 671.498 Kbps
Throughput to bandwidth ratio: 0.231551
Packet loss percentage: 60.8424%
Average delay: 4919.54 ms
Average jitter: 732.992 ms
G_L: 0.0533

Nodes disconnected: 0 3 4 5 6 8 9 10 12 16 17 21 23 26 28 29 30 32 33 34 35 38 39 40 41 44 46 48 49 50 52 53 58 60 62 65 66 68 69 72 75 76 79 83 86 88 90 91 92 95 96 97 98 99 100 102 103 104 108 110 111 112 114 115 117 118 119 122 123 124 125 126 128 132 135 136 137 146 147 148 150 155 156 159 160 163 165 168 169 170 171 172 175 179 181 182 185 186 187 190 191 192 193 195 196 197 198 201 207 208 212 213 215 219 220 227 229 232 233 234 236 238 239 240 241 245 249 257 258 259 261 262 263 264 265 267 272 273 275 278 281 286 288 290 292 293 294 296 297 2 277 209 143 101 139 269 78 85 22 280 221 116 1 130 231 200 74 141 206 20 54 24 253 157 248 202 274 189 276 13 173 105 138 298 84 260 7 266 80 283 279 120 218 251 31 89 121 19 87 129 161 228 210 242 180 214 183 216 256 255 133 11 140 268 14 15 142 144 18 145 270 149 271 151 152 153 154 27 282 284 158 285 287 289 291 36 164 167 295 42 43 299 45 174 47 176 178 51 55 56 59 188 61 63 194 199 73 203 204 77 205 81 82 211 93 94 222 223 224 225 226 106 107 235 109 237 243 244 246 247 250 252 254 127 70 
Number of disconnected nodes: 285
Max available bandwidth: 2800 Kbps
Average throughput: 576.83 Kbps
Throughput to bandwidth ratio: 0.206011
Packet loss percentage: 64.3563%
Average delay: -nan ms
Average jitter: -nan ms
G_L: 0.05

Nodes disconnected: 0 3 4 5 6 8 9 10 12 16 17 21 23 26 28 29 30 32 33 34 35 38 39 40 41 44 46 48 49 50 52 53 58 60 62 65 66 68 69 72 75 76 79 83 86 88 90 91 92 95 96 97 98 99 100 102 103 104 108 110 111 112 114 115 117 118 119 122 123 124 125 126 128 132 135 136 137 146 147 148 150 155 156 159 160 163 165 168 169 170 171 172 175 179 181 182 185 186 187 190 191 192 193 195 196 197 198 201 207 208 212 213 215 219 220 227 229 232 233 234 236 238 239 240 241 245 249 257 258 259 261 262 263 264 265 267 272 273 275 278 281 286 288 290 292 293 294 296 297 2 277 209 143 101 139 269 78 85 22 280 221 116 1 130 231 200 74 141 206 20 54 24 253 157 248 202 274 189 276 13 173 105 138 298 84 260 7 266 80 283 279 120 218 251 31 89 121 19 87 129 161 228 210 242 180 214 183 216 256 255 133 11 140 268 14 15 142 144 18 145 270 149 271 151 152 153 154 27 282 284 158 285 287 289 291 36 164 167 295 42 43 299 45 174 47 176 178 51 55 56 59 188 61 63 194 199 73 203 204 77 205 81 82 211 93 94 222 223 224 225 226 106 107 235 109 237 243 244 246 247 250 252 254 127 70 113 131 230 
Number of disconnected nodes: 288
Max available bandwidth: 2400 Kbps
Average throughput: 447.575 Kbps
Throughput to bandwidth ratio: 0.18649
Packet loss percentage: 66.1554%
Average delay: -nan ms
Average jitter: -nan ms
G_L: 0.04

Nodes disconnected: 0 3 4 5 6 8 9 10 12 16 17 21 23 26 28 29 30 32 33 34 35 38 39 40 41 44 46 48 49 50 52 53 58 60 62 65 66 68 69 72 75 76 79 83 86 88 90 91 92 95 96 97 98 99 100 102 103 104 108 110 111 112 114 115 117 118 119 122 123 124 125 126 128 132 135 136 137 146 147 148 150 155 156 159 160 163 165 168 169 170 171 172 175 179 181 182 185 186 187 190 191 192 193 195 196 197 198 201 207 208 212 213 215 219 220 227 229 232 233 234 236 238 239 240 241 245 249 257 258 259 261 262 263 264 265 267 272 273 275 278 281 286 288 290 292 293 294 296 297 2 277 209 143 101 139 269 78 85 22 280 221 116 1 130 231 200 74 141 206 20 54 24 253 157 248 202 274 189 276 13 173 105 138 298 84 260 7 266 80 283 279 120 218 251 31 89 121 19 87 129 161 228 210 242 180 214 183 216 256 255 133 11 140 268 14 15 142 144 18 145 270 149 271 151 152 153 154 27 282 284 158 285 287 289 291 36 164 167 295 42 43 299 45 174 47 176 178 51 55 56 59 188 61 63 194 199 73 203 204 77 205 81 82 211 93 94 222 223 224 225 226 106 107 235 109 237 243 244 246 247 250 252 254 127 70 113 131 230 64 37 166 134 177 184 217 
Number of disconnected nodes: 295
Max available bandwidth: 1500 Kbps
Average throughput: 91.5398 Kbps
Throughput to bandwidth ratio: 0.0610266
Packet loss percentage: 77.3801%
Average delay: -nan ms
Average jitter: -nan ms
G_L: 0.0167

Nodes disconnected: 0 3 4 5 6 8 9 10 12 16 17 21 23 26 28 29 30 32 33 34 35 38 39 40 41 44 46 48 49 50 52 53 58 60 62 65 66 68 69 72 75 76 79 83 86 88 90 91 92 95 96 97 98 99 100 102 103 104 108 110 111 112 114 115 117 118 119 122 123 124 125 126 128 132 135 136 137 146 147 148 150 155 156 159 160 163 165 168 169 170 171 172 175 179 181 182 185 186 187 190 191 192 193 195 196 197 198 201 207 208 212 213 215 219 220 227 229 232 233 234 236 238 239 240 241 245 249 257 258 259 261 262 263 264 265 267 272 273 275 278 281 286 288 290 292 293 294 296 297 2 277 209 143 101 139 269 78 85 22 280 221 116 1 130 231 200 74 141 206 20 54 24 253 157 248 202 274 189 276 13 173 105 138 298 84 260 7 266 80 283 279 120 218 251 31 89 121 19 87 129 161 228 210 242 180 214 183 216 256 255 133 11 140 268 14 15 142 144 18 145 270 149 271 151 152 153 154 27 282 284 158 285 287 289 291 36 164 167 295 42 43 299 45 174 47 176 178 51 55 56 59 188 61 63 194 199 73 203 204 77 205 81 82 211 93 94 222 223 224 225 226 106 107 235 109 237 243 244 246 247 250 252 254 127 70 113 131 230 64 37 166 134 177 184 217 162 67 71 25 57 
Number of disconnected nodes: 300
Max available bandwidth: 0 Kbps
Average throughput: 0 Kbps
Throughput to bandwidth ratio: -nan
Packet loss percentage: -nan%
Average delay: -nan ms
Average jitter: -nan ms
G_L: 0

