Nodes disconnected: 
Number of disconnected nodes: 0
Max available bandwidth: 33400 Kbps
Average throughput: 17110 Kbps
Throughput to bandwidth ratio: 0.512276
Packet loss percentage: 5.2842%
Average delay: 7156.62 ms
Average jitter: 3884.27 ms
G_L: 1

Nodes disconnected: 228 
Number of disconnected nodes: 1
Max available bandwidth: 33400 Kbps
Average throughput: 16917.8 Kbps
Throughput to bandwidth ratio: 0.506521
Packet loss percentage: 5.25576%
Average delay: 8176.94 ms
Average jitter: 4824.94 ms
G_L: 0.9967

Nodes disconnected: 228 184 
Number of disconnected nodes: 2
Max available bandwidth: 33400 Kbps
Average throughput: 16888.2 Kbps
Throughput to bandwidth ratio: 0.505634
Packet loss percentage: 5.22805%
Average delay: 7606.13 ms
Average jitter: 4482.41 ms
G_L: 0.9933

Nodes disconnected: 228 184 177 
Number of disconnected nodes: 3
Max available bandwidth: 33400 Kbps
Average throughput: 16910.2 Kbps
Throughput to bandwidth ratio: 0.506292
Packet loss percentage: 5.24084%
Average delay: 8812.06 ms
Average jitter: 4589.74 ms
G_L: 0.99

Nodes disconnected: 228 184 177 28 46 238 
Number of disconnected nodes: 6
Max available bandwidth: 33200 Kbps
Average throughput: 16711.2 Kbps
Throughput to bandwidth ratio: 0.503349
Packet loss percentage: 5.13893%
Average delay: 7825.45 ms
Average jitter: 4373.62 ms
G_L: 0.98

Nodes disconnected: 228 184 177 28 46 238 299 93 174 254 
Number of disconnected nodes: 10
Max available bandwidth: 32700 Kbps
Average throughput: 16527.2 Kbps
Throughput to bandwidth ratio: 0.505419
Packet loss percentage: 5.21301%
Average delay: 8372.85 ms
Average jitter: 4278.96 ms
G_L: 0.9667

Nodes disconnected: 228 184 177 28 46 238 299 93 174 254 210 
Number of disconnected nodes: 11
Max available bandwidth: 32700 Kbps
Average throughput: 16427.5 Kbps
Throughput to bandwidth ratio: 0.502371
Packet loss percentage: 5.23683%
Average delay: 7974.58 ms
Average jitter: 4285.63 ms
G_L: 0.9633

Nodes disconnected: 228 184 177 28 46 238 299 93 174 254 210 0 3 4 5 6 8 9 10 12 16 17 21 23 26 29 30 32 33 34 35 38 39 40 41 44 48 49 50 52 53 58 60 62 65 66 68 69 72 75 76 79 83 86 88 90 91 92 95 96 97 98 99 100 102 103 104 108 110 111 112 114 115 117 118 119 122 123 124 125 126 128 132 135 136 137 146 147 148 150 155 156 159 160 161 163 165 168 169 170 171 172 175 179 181 182 185 186 187 190 191 192 193 195 196 197 198 201 207 208 212 213 215 219 220 227 229 232 233 234 236 239 240 241 245 249 257 258 259 261 262 263 264 265 267 272 273 275 278 281 286 288 290 292 293 294 296 297 
Number of disconnected nodes: 158
Max available bandwidth: 15300 Kbps
Average throughput: 6916.6 Kbps
Throughput to bandwidth ratio: 0.452065
Packet loss percentage: 35.9961%
Average delay: 6608.39 ms
Average jitter: 2311.92 ms
G_L: 0.4733

Nodes disconnected: 228 184 177 28 46 238 299 93 174 254 210 0 3 4 5 6 8 9 10 12 16 17 21 23 26 29 30 32 33 34 35 38 39 40 41 44 48 49 50 52 53 58 60 62 65 66 68 69 72 75 76 79 83 86 88 90 91 92 95 96 97 98 99 100 102 103 104 108 110 111 112 114 115 117 118 119 122 123 124 125 126 128 132 135 136 137 146 147 148 150 155 156 159 160 161 163 165 168 169 170 171 172 175 179 181 182 185 186 187 190 191 192 193 195 196 197 198 201 207 208 212 213 215 219 220 227 229 232 233 234 236 239 240 241 245 249 257 258 259 261 262 263 264 265 267 272 273 275 278 281 286 288 290 292 293 294 296 297 89 
Number of disconnected nodes: 159
Max available bandwidth: 15300 Kbps
Average throughput: 6973.59 Kbps
Throughput to bandwidth ratio: 0.45579
Packet loss percentage: 35.4849%
Average delay: 7148.68 ms
Average jitter: 2617.83 ms
G_L: 0.47

Nodes disconnected: 228 184 177 28 46 238 299 93 174 254 210 0 3 4 5 6 8 9 10 12 16 17 21 23 26 29 30 32 33 34 35 38 39 40 41 44 48 49 50 52 53 58 60 62 65 66 68 69 72 75 76 79 83 86 88 90 91 92 95 96 97 98 99 100 102 103 104 108 110 111 112 114 115 117 118 119 122 123 124 125 126 128 132 135 136 137 146 147 148 150 155 156 159 160 161 163 165 168 169 170 171 172 175 179 181 182 185 186 187 190 191 192 193 195 196 197 198 201 207 208 212 213 215 219 220 227 229 232 233 234 236 239 240 241 245 249 257 258 259 261 262 263 264 265 267 272 273 275 278 281 286 288 290 292 293 294 296 297 89 116 
Number of disconnected nodes: 160
Max available bandwidth: 15300 Kbps
Average throughput: 6945.34 Kbps
Throughput to bandwidth ratio: 0.453944
Packet loss percentage: 35.3738%
Average delay: 7886.07 ms
Average jitter: 2955.92 ms
G_L: 0.4667

Nodes disconnected: 228 184 177 28 46 238 299 93 174 254 210 0 3 4 5 6 8 9 10 12 16 17 21 23 26 29 30 32 33 34 35 38 39 40 41 44 48 49 50 52 53 58 60 62 65 66 68 69 72 75 76 79 83 86 88 90 91 92 95 96 97 98 99 100 102 103 104 108 110 111 112 114 115 117 118 119 122 123 124 125 126 128 132 135 136 137 146 147 148 150 155 156 159 160 161 163 165 168 169 170 171 172 175 179 181 182 185 186 187 190 191 192 193 195 196 197 198 201 207 208 212 213 215 219 220 227 229 232 233 234 236 239 240 241 245 249 257 258 259 261 262 263 264 265 267 272 273 275 278 281 286 288 290 292 293 294 296 297 89 116 173 
Number of disconnected nodes: 161
Max available bandwidth: 15300 Kbps
Average throughput: 6903.5 Kbps
Throughput to bandwidth ratio: 0.451209
Packet loss percentage: 35.8038%
Average delay: 7569.03 ms
Average jitter: 2679.16 ms
G_L: 0.4633

Nodes disconnected: 228 184 177 28 46 238 299 93 174 254 210 0 3 4 5 6 8 9 10 12 16 17 21 23 26 29 30 32 33 34 35 38 39 40 41 44 48 49 50 52 53 58 60 62 65 66 68 69 72 75 76 79 83 86 88 90 91 92 95 96 97 98 99 100 102 103 104 108 110 111 112 114 115 117 118 119 122 123 124 125 126 128 132 135 136 137 146 147 148 150 155 156 159 160 161 163 165 168 169 170 171 172 175 179 181 182 185 186 187 190 191 192 193 195 196 197 198 201 207 208 212 213 215 219 220 227 229 232 233 234 236 239 240 241 245 249 257 258 259 261 262 263 264 265 267 272 273 275 278 281 286 288 290 292 293 294 296 297 89 116 173 84 
Number of disconnected nodes: 162
Max available bandwidth: 15300 Kbps
Average throughput: 6882.98 Kbps
Throughput to bandwidth ratio: 0.449868
Packet loss percentage: 34.4991%
Average delay: 7984.41 ms
Average jitter: 3093.05 ms
G_L: 0.46

Nodes disconnected: 228 184 177 28 46 238 299 93 174 254 210 0 3 4 5 6 8 9 10 12 16 17 21 23 26 29 30 32 33 34 35 38 39 40 41 44 48 49 50 52 53 58 60 62 65 66 68 69 72 75 76 79 83 86 88 90 91 92 95 96 97 98 99 100 102 103 104 108 110 111 112 114 115 117 118 119 122 123 124 125 126 128 132 135 136 137 146 147 148 150 155 156 159 160 161 163 165 168 169 170 171 172 175 179 181 182 185 186 187 190 191 192 193 195 196 197 198 201 207 208 212 213 215 219 220 227 229 232 233 234 236 239 240 241 245 249 257 258 259 261 262 263 264 265 267 272 273 275 278 281 286 288 290 292 293 294 296 297 89 116 173 84 209 143 
Number of disconnected nodes: 164
Max available bandwidth: 15100 Kbps
Average throughput: 6675.94 Kbps
Throughput to bandwidth ratio: 0.442115
Packet loss percentage: 36.7294%
Average delay: 7648.65 ms
Average jitter: 2604.21 ms
G_L: 0.4533

Nodes disconnected: 228 184 177 28 46 238 299 93 174 254 210 0 3 4 5 6 8 9 10 12 16 17 21 23 26 29 30 32 33 34 35 38 39 40 41 44 48 49 50 52 53 58 60 62 65 66 68 69 72 75 76 79 83 86 88 90 91 92 95 96 97 98 99 100 102 103 104 108 110 111 112 114 115 117 118 119 122 123 124 125 126 128 132 135 136 137 146 147 148 150 155 156 159 160 161 163 165 168 169 170 171 172 175 179 181 182 185 186 187 190 191 192 193 195 196 197 198 201 207 208 212 213 215 219 220 227 229 232 233 234 236 239 240 241 245 249 257 258 259 261 262 263 264 265 267 272 273 275 278 281 286 288 290 292 293 294 296 297 89 116 173 84 209 143 70 
Number of disconnected nodes: 165
Max available bandwidth: 15000 Kbps
Average throughput: 6631.41 Kbps
Throughput to bandwidth ratio: 0.442094
Packet loss percentage: 37.0037%
Average delay: 7110.27 ms
Average jitter: 2380.4 ms
G_L: 0.45

Nodes disconnected: 228 184 177 28 46 238 299 93 174 254 210 0 3 4 5 6 8 9 10 12 16 17 21 23 26 29 30 32 33 34 35 38 39 40 41 44 48 49 50 52 53 58 60 62 65 66 68 69 72 75 76 79 83 86 88 90 91 92 95 96 97 98 99 100 102 103 104 108 110 111 112 114 115 117 118 119 122 123 124 125 126 128 132 135 136 137 146 147 148 150 155 156 159 160 161 163 165 168 169 170 171 172 175 179 181 182 185 186 187 190 191 192 193 195 196 197 198 201 207 208 212 213 215 219 220 227 229 232 233 234 236 239 240 241 245 249 257 258 259 261 262 263 264 265 267 272 273 275 278 281 286 288 290 292 293 294 296 297 89 116 173 84 209 143 70 291 
Number of disconnected nodes: 166
Max available bandwidth: 15000 Kbps
Average throughput: 6592.13 Kbps
Throughput to bandwidth ratio: 0.439475
Packet loss percentage: 37.1186%
Average delay: 7582.1 ms
Average jitter: 2319.17 ms
G_L: 0.4467

Nodes disconnected: 228 184 177 28 46 238 299 93 174 254 210 0 3 4 5 6 8 9 10 12 16 17 21 23 26 29 30 32 33 34 35 38 39 40 41 44 48 49 50 52 53 58 60 62 65 66 68 69 72 75 76 79 83 86 88 90 91 92 95 96 97 98 99 100 102 103 104 108 110 111 112 114 115 117 118 119 122 123 124 125 126 128 132 135 136 137 146 147 148 150 155 156 159 160 161 163 165 168 169 170 171 172 175 179 181 182 185 186 187 190 191 192 193 195 196 197 198 201 207 208 212 213 215 219 220 227 229 232 233 234 236 239 240 241 245 249 257 258 259 261 262 263 264 265 267 272 273 275 278 281 286 288 290 292 293 294 296 297 89 116 173 84 209 143 70 291 235 
Number of disconnected nodes: 167
Max available bandwidth: 14900 Kbps
Average throughput: 6638.08 Kbps
Throughput to bandwidth ratio: 0.445509
Packet loss percentage: 36.5065%
Average delay: 7151.48 ms
Average jitter: 2399.94 ms
G_L: 0.4433

Nodes disconnected: 228 184 177 28 46 238 299 93 174 254 210 0 3 4 5 6 8 9 10 12 16 17 21 23 26 29 30 32 33 34 35 38 39 40 41 44 48 49 50 52 53 58 60 62 65 66 68 69 72 75 76 79 83 86 88 90 91 92 95 96 97 98 99 100 102 103 104 108 110 111 112 114 115 117 118 119 122 123 124 125 126 128 132 135 136 137 146 147 148 150 155 156 159 160 161 163 165 168 169 170 171 172 175 179 181 182 185 186 187 190 191 192 193 195 196 197 198 201 207 208 212 213 215 219 220 227 229 232 233 234 236 239 240 241 245 249 257 258 259 261 262 263 264 265 267 272 273 275 278 281 286 288 290 292 293 294 296 297 89 116 173 84 209 143 70 291 235 22 
Number of disconnected nodes: 168
Max available bandwidth: 14800 Kbps
Average throughput: 6538.87 Kbps
Throughput to bandwidth ratio: 0.441815
Packet loss percentage: 36.2186%
Average delay: 7300.34 ms
Average jitter: 2587.11 ms
G_L: 0.44

Nodes disconnected: 228 184 177 28 46 238 299 93 174 254 210 0 3 4 5 6 8 9 10 12 16 17 21 23 26 29 30 32 33 34 35 38 39 40 41 44 48 49 50 52 53 58 60 62 65 66 68 69 72 75 76 79 83 86 88 90 91 92 95 96 97 98 99 100 102 103 104 108 110 111 112 114 115 117 118 119 122 123 124 125 126 128 132 135 136 137 146 147 148 150 155 156 159 160 161 163 165 168 169 170 171 172 175 179 181 182 185 186 187 190 191 192 193 195 196 197 198 201 207 208 212 213 215 219 220 227 229 232 233 234 236 239 240 241 245 249 257 258 259 261 262 263 264 265 267 272 273 275 278 281 286 288 290 292 293 294 296 297 89 116 173 84 209 143 70 291 235 22 194 284 133 
Number of disconnected nodes: 171
Max available bandwidth: 14400 Kbps
Average throughput: 6389.75 Kbps
Throughput to bandwidth ratio: 0.443733
Packet loss percentage: 35.3242%
Average delay: 7284.95 ms
Average jitter: 2600.59 ms
G_L: 0.43

Nodes disconnected: 228 184 177 28 46 238 299 93 174 254 210 0 3 4 5 6 8 9 10 12 16 17 21 23 26 29 30 32 33 34 35 38 39 40 41 44 48 49 50 52 53 58 60 62 65 66 68 69 72 75 76 79 83 86 88 90 91 92 95 96 97 98 99 100 102 103 104 108 110 111 112 114 115 117 118 119 122 123 124 125 126 128 132 135 136 137 146 147 148 150 155 156 159 160 161 163 165 168 169 170 171 172 175 179 181 182 185 186 187 190 191 192 193 195 196 197 198 201 207 208 212 213 215 219 220 227 229 232 233 234 236 239 240 241 245 249 257 258 259 261 262 263 264 265 267 272 273 275 278 281 286 288 290 292 293 294 296 297 89 116 173 84 209 143 70 291 235 22 194 284 133 289 282 63 
Number of disconnected nodes: 174
Max available bandwidth: 14200 Kbps
Average throughput: 6146.86 Kbps
Throughput to bandwidth ratio: 0.432877
Packet loss percentage: 36.2211%
Average delay: 7212.57 ms
Average jitter: 2494.11 ms
G_L: 0.42

Nodes disconnected: 228 184 177 28 46 238 299 93 174 254 210 0 3 4 5 6 8 9 10 12 16 17 21 23 26 29 30 32 33 34 35 38 39 40 41 44 48 49 50 52 53 58 60 62 65 66 68 69 72 75 76 79 83 86 88 90 91 92 95 96 97 98 99 100 102 103 104 108 110 111 112 114 115 117 118 119 122 123 124 125 126 128 132 135 136 137 146 147 148 150 155 156 159 160 161 163 165 168 169 170 171 172 175 179 181 182 185 186 187 190 191 192 193 195 196 197 198 201 207 208 212 213 215 219 220 227 229 232 233 234 236 239 240 241 245 249 257 258 259 261 262 263 264 265 267 272 273 275 278 281 286 288 290 292 293 294 296 297 89 116 173 84 209 143 70 291 235 22 194 284 133 289 282 63 1 2 295 277 54 246 221 223 
Number of disconnected nodes: 182
Max available bandwidth: 13800 Kbps
Average throughput: 5890.7 Kbps
Throughput to bandwidth ratio: 0.426862
Packet loss percentage: 35.9838%
Average delay: 6435.72 ms
Average jitter: 2413.34 ms
G_L: 0.3933

Nodes disconnected: 228 184 177 28 46 238 299 93 174 254 210 0 3 4 5 6 8 9 10 12 16 17 21 23 26 29 30 32 33 34 35 38 39 40 41 44 48 49 50 52 53 58 60 62 65 66 68 69 72 75 76 79 83 86 88 90 91 92 95 96 97 98 99 100 102 103 104 108 110 111 112 114 115 117 118 119 122 123 124 125 126 128 132 135 136 137 146 147 148 150 155 156 159 160 161 163 165 168 169 170 171 172 175 179 181 182 185 186 187 190 191 192 193 195 196 197 198 201 207 208 212 213 215 219 220 227 229 232 233 234 236 239 240 241 245 249 257 258 259 261 262 263 264 265 267 272 273 275 278 281 286 288 290 292 293 294 296 297 89 116 173 84 209 143 70 291 235 22 194 284 133 289 282 63 1 2 295 277 54 246 221 223 164 
Number of disconnected nodes: 183
Max available bandwidth: 13600 Kbps
Average throughput: 5758.28 Kbps
Throughput to bandwidth ratio: 0.423403
Packet loss percentage: 37.5414%
Average delay: 7022.39 ms
Average jitter: 2170.95 ms
G_L: 0.39

Nodes disconnected: 228 184 177 28 46 238 299 93 174 254 210 0 3 4 5 6 8 9 10 12 16 17 21 23 26 29 30 32 33 34 35 38 39 40 41 44 48 49 50 52 53 58 60 62 65 66 68 69 72 75 76 79 83 86 88 90 91 92 95 96 97 98 99 100 102 103 104 108 110 111 112 114 115 117 118 119 122 123 124 125 126 128 132 135 136 137 146 147 148 150 155 156 159 160 161 163 165 168 169 170 171 172 175 179 181 182 185 186 187 190 191 192 193 195 196 197 198 201 207 208 212 213 215 219 220 227 229 232 233 234 236 239 240 241 245 249 257 258 259 261 262 263 264 265 267 272 273 275 278 281 286 288 290 292 293 294 296 297 89 116 173 84 209 143 70 291 235 22 194 284 133 289 282 63 1 2 295 277 54 246 221 223 164 248 202 
Number of disconnected nodes: 185
Max available bandwidth: 13400 Kbps
Average throughput: 5712.89 Kbps
Throughput to bandwidth ratio: 0.426335
Packet loss percentage: 36.4318%
Average delay: 6955.72 ms
Average jitter: 2182.18 ms
G_L: 0.3833

Nodes disconnected: 228 184 177 28 46 238 299 93 174 254 210 0 3 4 5 6 8 9 10 12 16 17 21 23 26 29 30 32 33 34 35 38 39 40 41 44 48 49 50 52 53 58 60 62 65 66 68 69 72 75 76 79 83 86 88 90 91 92 95 96 97 98 99 100 102 103 104 108 110 111 112 114 115 117 118 119 122 123 124 125 126 128 132 135 136 137 146 147 148 150 155 156 159 160 161 163 165 168 169 170 171 172 175 179 181 182 185 186 187 190 191 192 193 195 196 197 198 201 207 208 212 213 215 219 220 227 229 232 233 234 236 239 240 241 245 249 257 258 259 261 262 263 264 265 267 272 273 275 278 281 286 288 290 292 293 294 296 297 89 116 173 84 209 143 70 291 235 22 194 284 133 289 282 63 1 2 295 277 54 246 221 223 164 248 202 131 
Number of disconnected nodes: 186
Max available bandwidth: 13300 Kbps
Average throughput: 5669.61 Kbps
Throughput to bandwidth ratio: 0.426286
Packet loss percentage: 36.9907%
Average delay: 6478.47 ms
Average jitter: 2011.76 ms
G_L: 0.38

Nodes disconnected: 228 184 177 28 46 238 299 93 174 254 210 0 3 4 5 6 8 9 10 12 16 17 21 23 26 29 30 32 33 34 35 38 39 40 41 44 48 49 50 52 53 58 60 62 65 66 68 69 72 75 76 79 83 86 88 90 91 92 95 96 97 98 99 100 102 103 104 108 110 111 112 114 115 117 118 119 122 123 124 125 126 128 132 135 136 137 146 147 148 150 155 156 159 160 161 163 165 168 169 170 171 172 175 179 181 182 185 186 187 190 191 192 193 195 196 197 198 201 207 208 212 213 215 219 220 227 229 232 233 234 236 239 240 241 245 249 257 258 259 261 262 263 264 265 267 272 273 275 278 281 286 288 290 292 293 294 296 297 89 116 173 84 209 143 70 291 235 22 194 284 133 289 282 63 1 2 295 277 54 246 221 223 164 248 202 131 274 189 
Number of disconnected nodes: 188
Max available bandwidth: 13200 Kbps
Average throughput: 5597.94 Kbps
Throughput to bandwidth ratio: 0.424087
Packet loss percentage: 36.973%
Average delay: 6802.66 ms
Average jitter: 1888.84 ms
G_L: 0.3733

Nodes disconnected: 228 184 177 28 46 238 299 93 174 254 210 0 3 4 5 6 8 9 10 12 16 17 21 23 26 29 30 32 33 34 35 38 39 40 41 44 48 49 50 52 53 58 60 62 65 66 68 69 72 75 76 79 83 86 88 90 91 92 95 96 97 98 99 100 102 103 104 108 110 111 112 114 115 117 118 119 122 123 124 125 126 128 132 135 136 137 146 147 148 150 155 156 159 160 161 163 165 168 169 170 171 172 175 179 181 182 185 186 187 190 191 192 193 195 196 197 198 201 207 208 212 213 215 219 220 227 229 232 233 234 236 239 240 241 245 249 257 258 259 261 262 263 264 265 267 272 273 275 278 281 286 288 290 292 293 294 296 297 89 116 173 84 209 143 70 291 235 22 194 284 133 289 282 63 1 2 295 277 54 246 221 223 164 248 202 131 274 189 130 231 200 74 141 206 20 24 253 154 157 
Number of disconnected nodes: 199
Max available bandwidth: 12200 Kbps
Average throughput: 5137.79 Kbps
Throughput to bandwidth ratio: 0.42113
Packet loss percentage: 36.5411%
Average delay: 5520.58 ms
Average jitter: 1587.68 ms
G_L: 0.3367

Nodes disconnected: 228 184 177 28 46 238 299 93 174 254 210 0 3 4 5 6 8 9 10 12 16 17 21 23 26 29 30 32 33 34 35 38 39 40 41 44 48 49 50 52 53 58 60 62 65 66 68 69 72 75 76 79 83 86 88 90 91 92 95 96 97 98 99 100 102 103 104 108 110 111 112 114 115 117 118 119 122 123 124 125 126 128 132 135 136 137 146 147 148 150 155 156 159 160 161 163 165 168 169 170 171 172 175 179 181 182 185 186 187 190 191 192 193 195 196 197 198 201 207 208 212 213 215 219 220 227 229 232 233 234 236 239 240 241 245 249 257 258 259 261 262 263 264 265 267 272 273 275 278 281 286 288 290 292 293 294 296 297 89 116 173 84 209 143 70 291 235 22 194 284 133 289 282 63 1 2 295 277 54 246 221 223 164 248 202 131 274 189 130 231 200 74 141 206 20 24 253 154 157 37 
Number of disconnected nodes: 200
Max available bandwidth: 12100 Kbps
Average throughput: 5166.03 Kbps
Throughput to bandwidth ratio: 0.426944
Packet loss percentage: 34.4088%
Average delay: 7018.54 ms
Average jitter: 2242.46 ms
G_L: 0.3333

Nodes disconnected: 228 184 177 28 46 238 299 93 174 254 210 0 3 4 5 6 8 9 10 12 16 17 21 23 26 29 30 32 33 34 35 38 39 40 41 44 48 49 50 52 53 58 60 62 65 66 68 69 72 75 76 79 83 86 88 90 91 92 95 96 97 98 99 100 102 103 104 108 110 111 112 114 115 117 118 119 122 123 124 125 126 128 132 135 136 137 146 147 148 150 155 156 159 160 161 163 165 168 169 170 171 172 175 179 181 182 185 186 187 190 191 192 193 195 196 197 198 201 207 208 212 213 215 219 220 227 229 232 233 234 236 239 240 241 245 249 257 258 259 261 262 263 264 265 267 272 273 275 278 281 286 288 290 292 293 294 296 297 89 116 173 84 209 143 70 291 235 22 194 284 133 289 282 63 1 2 295 277 54 246 221 223 164 248 202 131 274 189 130 231 200 74 141 206 20 24 253 154 157 37 285 188 276 
Number of disconnected nodes: 203
Max available bandwidth: 11900 Kbps
Average throughput: 4915 Kbps
Throughput to bandwidth ratio: 0.413026
Packet loss percentage: 36.5172%
Average delay: 6470.68 ms
Average jitter: 1997.89 ms
G_L: 0.3233

Nodes disconnected: 228 184 177 28 46 238 299 93 174 254 210 0 3 4 5 6 8 9 10 12 16 17 21 23 26 29 30 32 33 34 35 38 39 40 41 44 48 49 50 52 53 58 60 62 65 66 68 69 72 75 76 79 83 86 88 90 91 92 95 96 97 98 99 100 102 103 104 108 110 111 112 114 115 117 118 119 122 123 124 125 126 128 132 135 136 137 146 147 148 150 155 156 159 160 161 163 165 168 169 170 171 172 175 179 181 182 185 186 187 190 191 192 193 195 196 197 198 201 207 208 212 213 215 219 220 227 229 232 233 234 236 239 240 241 245 249 257 258 259 261 262 263 264 265 267 272 273 275 278 281 286 288 290 292 293 294 296 297 89 116 173 84 209 143 70 291 235 22 194 284 133 289 282 63 1 2 295 277 54 246 221 223 164 248 202 131 274 189 130 231 200 74 141 206 20 24 253 154 157 37 285 188 276 224 42 203 140 77 13 204 144 214 250 27 61 
Number of disconnected nodes: 215
Max available bandwidth: 10900 Kbps
Average throughput: 4399.52 Kbps
Throughput to bandwidth ratio: 0.403626
Packet loss percentage: 37.113%
Average delay: 6245.54 ms
Average jitter: 1733.8 ms
G_L: 0.2833

Nodes disconnected: 228 184 177 28 46 238 299 93 174 254 210 0 3 4 5 6 8 9 10 12 16 17 21 23 26 29 30 32 33 34 35 38 39 40 41 44 48 49 50 52 53 58 60 62 65 66 68 69 72 75 76 79 83 86 88 90 91 92 95 96 97 98 99 100 102 103 104 108 110 111 112 114 115 117 118 119 122 123 124 125 126 128 132 135 136 137 146 147 148 150 155 156 159 160 161 163 165 168 169 170 171 172 175 179 181 182 185 186 187 190 191 192 193 195 196 197 198 201 207 208 212 213 215 219 220 227 229 232 233 234 236 239 240 241 245 249 257 258 259 261 262 263 264 265 267 272 273 275 278 281 286 288 290 292 293 294 296 297 89 116 173 84 209 143 70 291 235 22 194 284 133 289 282 63 1 2 295 277 54 246 221 223 164 248 202 131 274 189 130 231 200 74 141 206 20 24 253 154 157 37 285 188 276 224 42 203 140 77 13 204 144 214 250 27 61 199 178 51 180 127 
Number of disconnected nodes: 220
Max available bandwidth: 10600 Kbps
Average throughput: 4154.76 Kbps
Throughput to bandwidth ratio: 0.391958
Packet loss percentage: 37.7341%
Average delay: 5906.32 ms
Average jitter: 1470.33 ms
G_L: 0.2667

Nodes disconnected: 228 184 177 28 46 238 299 93 174 254 210 0 3 4 5 6 8 9 10 12 16 17 21 23 26 29 30 32 33 34 35 38 39 40 41 44 48 49 50 52 53 58 60 62 65 66 68 69 72 75 76 79 83 86 88 90 91 92 95 96 97 98 99 100 102 103 104 108 110 111 112 114 115 117 118 119 122 123 124 125 126 128 132 135 136 137 146 147 148 150 155 156 159 160 161 163 165 168 169 170 171 172 175 179 181 182 185 186 187 190 191 192 193 195 196 197 198 201 207 208 212 213 215 219 220 227 229 232 233 234 236 239 240 241 245 249 257 258 259 261 262 263 264 265 267 272 273 275 278 281 286 288 290 292 293 294 296 297 89 116 173 84 209 143 70 291 235 22 194 284 133 289 282 63 1 2 295 277 54 246 221 223 164 248 202 131 274 189 130 231 200 74 141 206 20 24 253 154 157 37 285 188 276 224 42 203 140 77 13 204 144 214 250 27 61 199 178 51 180 127 19 87 
Number of disconnected nodes: 222
Max available bandwidth: 10400 Kbps
Average throughput: 3839.75 Kbps
Throughput to bandwidth ratio: 0.369207
Packet loss percentage: 44.2395%
Average delay: 6025.23 ms
Average jitter: 1417.92 ms
G_L: 0.26

Nodes disconnected: 228 184 177 28 46 238 299 93 174 254 210 0 3 4 5 6 8 9 10 12 16 17 21 23 26 29 30 32 33 34 35 38 39 40 41 44 48 49 50 52 53 58 60 62 65 66 68 69 72 75 76 79 83 86 88 90 91 92 95 96 97 98 99 100 102 103 104 108 110 111 112 114 115 117 118 119 122 123 124 125 126 128 132 135 136 137 146 147 148 150 155 156 159 160 161 163 165 168 169 170 171 172 175 179 181 182 185 186 187 190 191 192 193 195 196 197 198 201 207 208 212 213 215 219 220 227 229 232 233 234 236 239 240 241 245 249 257 258 259 261 262 263 264 265 267 272 273 275 278 281 286 288 290 292 293 294 296 297 89 116 173 84 209 143 70 291 235 22 194 284 133 289 282 63 1 2 295 277 54 246 221 223 164 248 202 131 274 189 130 231 200 74 141 206 20 24 253 154 157 37 285 188 276 224 42 203 140 77 13 204 144 214 250 27 61 199 178 51 180 127 19 87 260 
Number of disconnected nodes: 223
Max available bandwidth: 10400 Kbps
Average throughput: 3810.03 Kbps
Throughput to bandwidth ratio: 0.366349
Packet loss percentage: 47.733%
Average delay: 6084.19 ms
Average jitter: 1146.3 ms
G_L: 0.2567

Nodes disconnected: 228 184 177 28 46 238 299 93 174 254 210 0 3 4 5 6 8 9 10 12 16 17 21 23 26 29 30 32 33 34 35 38 39 40 41 44 48 49 50 52 53 58 60 62 65 66 68 69 72 75 76 79 83 86 88 90 91 92 95 96 97 98 99 100 102 103 104 108 110 111 112 114 115 117 118 119 122 123 124 125 126 128 132 135 136 137 146 147 148 150 155 156 159 160 161 163 165 168 169 170 171 172 175 179 181 182 185 186 187 190 191 192 193 195 196 197 198 201 207 208 212 213 215 219 220 227 229 232 233 234 236 239 240 241 245 249 257 258 259 261 262 263 264 265 267 272 273 275 278 281 286 288 290 292 293 294 296 297 89 116 173 84 209 143 70 291 235 22 194 284 133 289 282 63 1 2 295 277 54 246 221 223 164 248 202 131 274 189 130 231 200 74 141 206 20 24 253 154 157 37 285 188 276 224 42 203 140 77 13 204 144 214 250 27 61 199 178 51 180 127 19 87 260 7 11 14 15 18 25 31 36 43 45 47 55 56 57 59 64 67 71 73 78 80 81 82 85 94 101 105 106 107 109 113 120 121 129 134 138 139 142 145 149 151 152 153 158 162 166 167 176 183 205 211 216 217 218 222 225 226 230 237 242 243 244 247 251 252 255 256 266 268 269 270 271 279 280 283 287 298 
Number of disconnected nodes: 300
Max available bandwidth: 0 Kbps
Average throughput: 0 Kbps
Throughput to bandwidth ratio: -nan
Packet loss percentage: -nan%
Average delay: -nan ms
Average jitter: -nan ms
G_L: 0

