Nodes disconnected: 
Number of disconnected nodes: 0
Max available bandwidth: 33400 Kbps
Average throughput: 17051.3 Kbps
Throughput to bandwidth ratio: 0.510517
Packet loss percentage: 5.27645%
Average delay: 7451.84 ms
Average jitter: 4073.94 ms
G_L: 1

Nodes disconnected: 0 3 4 5 6 8 9 10 12 16 17 21 23 26 28 29 30 32 33 34 35 38 39 40 41 44 46 48 49 50 52 53 58 60 62 65 66 68 69 72 75 76 79 83 86 88 90 91 92 95 96 97 98 99 100 102 103 104 108 110 111 112 114 115 117 118 119 122 123 124 125 126 128 132 135 136 137 146 147 148 150 155 156 159 160 163 165 168 169 170 171 172 175 179 181 182 185 186 187 190 191 192 193 195 196 197 198 201 207 208 212 213 215 219 220 227 229 232 233 234 236 238 239 240 241 245 249 257 258 259 261 262 263 264 265 267 272 273 275 278 281 286 288 290 292 293 294 296 297 
Number of disconnected nodes: 149
Max available bandwidth: 15900 Kbps
Average throughput: 7459.74 Kbps
Throughput to bandwidth ratio: 0.469166
Packet loss percentage: 35.3459%
Average delay: 7802.51 ms
Average jitter: 2754.59 ms
G_L: 0.5033

Nodes disconnected: 0 3 4 5 6 8 9 10 12 16 17 21 23 26 28 29 30 32 33 34 35 38 39 40 41 44 46 48 49 50 52 53 58 60 62 65 66 68 69 72 75 76 79 83 86 88 90 91 92 95 96 97 98 99 100 102 103 104 108 110 111 112 114 115 117 118 119 122 123 124 125 126 128 132 135 136 137 146 147 148 150 155 156 159 160 163 165 168 169 170 171 172 175 179 181 182 185 186 187 190 191 192 193 195 196 197 198 201 207 208 212 213 215 219 220 227 229 232 233 234 236 238 239 240 241 245 249 257 258 259 261 262 263 264 265 267 272 273 275 278 281 286 288 290 292 293 294 296 297 116 
Number of disconnected nodes: 150
Max available bandwidth: 15900 Kbps
Average throughput: 7369.93 Kbps
Throughput to bandwidth ratio: 0.463517
Packet loss percentage: 35.6877%
Average delay: 7675.87 ms
Average jitter: 2635.01 ms
G_L: 0.5

Nodes disconnected: 0 3 4 5 6 8 9 10 12 16 17 21 23 26 28 29 30 32 33 34 35 38 39 40 41 44 46 48 49 50 52 53 58 60 62 65 66 68 69 72 75 76 79 83 86 88 90 91 92 95 96 97 98 99 100 102 103 104 108 110 111 112 114 115 117 118 119 122 123 124 125 126 128 132 135 136 137 146 147 148 150 155 156 159 160 163 165 168 169 170 171 172 175 179 181 182 185 186 187 190 191 192 193 195 196 197 198 201 207 208 212 213 215 219 220 227 229 232 233 234 236 238 239 240 241 245 249 257 258 259 261 262 263 264 265 267 272 273 275 278 281 286 288 290 292 293 294 296 297 116 200 130 20 
Number of disconnected nodes: 153
Max available bandwidth: 15600 Kbps
Average throughput: 7177.96 Kbps
Throughput to bandwidth ratio: 0.460126
Packet loss percentage: 35.7886%
Average delay: 7931.57 ms
Average jitter: 2779.97 ms
G_L: 0.49

Nodes disconnected: 0 3 4 5 6 8 9 10 12 16 17 21 23 26 28 29 30 32 33 34 35 38 39 40 41 44 46 48 49 50 52 53 58 60 62 65 66 68 69 72 75 76 79 83 86 88 90 91 92 95 96 97 98 99 100 102 103 104 108 110 111 112 114 115 117 118 119 122 123 124 125 126 128 132 135 136 137 146 147 148 150 155 156 159 160 163 165 168 169 170 171 172 175 179 181 182 185 186 187 190 191 192 193 195 196 197 198 201 207 208 212 213 215 219 220 227 229 232 233 234 236 238 239 240 241 245 249 257 258 259 261 262 263 264 265 267 272 273 275 278 281 286 288 290 292 293 294 296 297 116 200 130 20 221 
Number of disconnected nodes: 154
Max available bandwidth: 15600 Kbps
Average throughput: 7147.52 Kbps
Throughput to bandwidth ratio: 0.458174
Packet loss percentage: 35.3151%
Average delay: 8228.69 ms
Average jitter: 3328.12 ms
G_L: 0.4867

Nodes disconnected: 0 3 4 5 6 8 9 10 12 16 17 21 23 26 28 29 30 32 33 34 35 38 39 40 41 44 46 48 49 50 52 53 58 60 62 65 66 68 69 72 75 76 79 83 86 88 90 91 92 95 96 97 98 99 100 102 103 104 108 110 111 112 114 115 117 118 119 122 123 124 125 126 128 132 135 136 137 146 147 148 150 155 156 159 160 163 165 168 169 170 171 172 175 179 181 182 185 186 187 190 191 192 193 195 196 197 198 201 207 208 212 213 215 219 220 227 229 232 233 234 236 238 239 240 241 245 249 257 258 259 261 262 263 264 265 267 272 273 275 278 281 286 288 290 292 293 294 296 297 116 200 130 20 221 260 
Number of disconnected nodes: 155
Max available bandwidth: 15600 Kbps
Average throughput: 6940.35 Kbps
Throughput to bandwidth ratio: 0.444894
Packet loss percentage: 37.2166%
Average delay: 6302.53 ms
Average jitter: 2505.29 ms
G_L: 0.4833

Nodes disconnected: 0 3 4 5 6 8 9 10 12 16 17 21 23 26 28 29 30 32 33 34 35 38 39 40 41 44 46 48 49 50 52 53 58 60 62 65 66 68 69 72 75 76 79 83 86 88 90 91 92 95 96 97 98 99 100 102 103 104 108 110 111 112 114 115 117 118 119 122 123 124 125 126 128 132 135 136 137 146 147 148 150 155 156 159 160 163 165 168 169 170 171 172 175 179 181 182 185 186 187 190 191 192 193 195 196 197 198 201 207 208 212 213 215 219 220 227 229 232 233 234 236 238 239 240 241 245 249 257 258 259 261 262 263 264 265 267 272 273 275 278 281 286 288 290 292 293 294 296 297 116 200 130 20 221 260 1 231 74 141 206 54 24 253 157 
Number of disconnected nodes: 164
Max available bandwidth: 14800 Kbps
Average throughput: 6630.89 Kbps
Throughput to bandwidth ratio: 0.448033
Packet loss percentage: 36.5397%
Average delay: 8114.77 ms
Average jitter: 2600.82 ms
G_L: 0.4533

Nodes disconnected: 0 3 4 5 6 8 9 10 12 16 17 21 23 26 28 29 30 32 33 34 35 38 39 40 41 44 46 48 49 50 52 53 58 60 62 65 66 68 69 72 75 76 79 83 86 88 90 91 92 95 96 97 98 99 100 102 103 104 108 110 111 112 114 115 117 118 119 122 123 124 125 126 128 132 135 136 137 146 147 148 150 155 156 159 160 163 165 168 169 170 171 172 175 179 181 182 185 186 187 190 191 192 193 195 196 197 198 201 207 208 212 213 215 219 220 227 229 232 233 234 236 238 239 240 241 245 249 257 258 259 261 262 263 264 265 267 272 273 275 278 281 286 288 290 292 293 294 296 297 116 200 130 20 221 260 1 231 74 141 206 54 24 253 157 144 224 
Number of disconnected nodes: 166
Max available bandwidth: 14700 Kbps
Average throughput: 6506.22 Kbps
Throughput to bandwidth ratio: 0.4426
Packet loss percentage: 36.384%
Average delay: 6108.71 ms
Average jitter: 2372.12 ms
G_L: 0.4467

Nodes disconnected: 0 3 4 5 6 8 9 10 12 16 17 21 23 26 28 29 30 32 33 34 35 38 39 40 41 44 46 48 49 50 52 53 58 60 62 65 66 68 69 72 75 76 79 83 86 88 90 91 92 95 96 97 98 99 100 102 103 104 108 110 111 112 114 115 117 118 119 122 123 124 125 126 128 132 135 136 137 146 147 148 150 155 156 159 160 163 165 168 169 170 171 172 175 179 181 182 185 186 187 190 191 192 193 195 196 197 198 201 207 208 212 213 215 219 220 227 229 232 233 234 236 238 239 240 241 245 249 257 258 259 261 262 263 264 265 267 272 273 275 278 281 286 288 290 292 293 294 296 297 116 200 130 20 221 260 1 231 74 141 206 54 24 253 157 144 224 256 
Number of disconnected nodes: 167
Max available bandwidth: 14700 Kbps
Average throughput: 6463.69 Kbps
Throughput to bandwidth ratio: 0.439707
Packet loss percentage: 35.7244%
Average delay: 7900.97 ms
Average jitter: 3426.2 ms
G_L: 0.4433

Nodes disconnected: 0 3 4 5 6 8 9 10 12 16 17 21 23 26 28 29 30 32 33 34 35 38 39 40 41 44 46 48 49 50 52 53 58 60 62 65 66 68 69 72 75 76 79 83 86 88 90 91 92 95 96 97 98 99 100 102 103 104 108 110 111 112 114 115 117 118 119 122 123 124 125 126 128 132 135 136 137 146 147 148 150 155 156 159 160 163 165 168 169 170 171 172 175 179 181 182 185 186 187 190 191 192 193 195 196 197 198 201 207 208 212 213 215 219 220 227 229 232 233 234 236 238 239 240 241 245 249 257 258 259 261 262 263 264 265 267 272 273 275 278 281 286 288 290 292 293 294 296 297 116 200 130 20 221 260 1 231 74 141 206 54 24 253 157 144 224 256 183 
Number of disconnected nodes: 168
Max available bandwidth: 14600 Kbps
Average throughput: 6445.25 Kbps
Throughput to bandwidth ratio: 0.441455
Packet loss percentage: 36.9183%
Average delay: 6603.6 ms
Average jitter: 2446.24 ms
G_L: 0.44

Nodes disconnected: 0 3 4 5 6 8 9 10 12 16 17 21 23 26 28 29 30 32 33 34 35 38 39 40 41 44 46 48 49 50 52 53 58 60 62 65 66 68 69 72 75 76 79 83 86 88 90 91 92 95 96 97 98 99 100 102 103 104 108 110 111 112 114 115 117 118 119 122 123 124 125 126 128 132 135 136 137 146 147 148 150 155 156 159 160 163 165 168 169 170 171 172 175 179 181 182 185 186 187 190 191 192 193 195 196 197 198 201 207 208 212 213 215 219 220 227 229 232 233 234 236 238 239 240 241 245 249 257 258 259 261 262 263 264 265 267 272 273 275 278 281 286 288 290 292 293 294 296 297 116 200 130 20 221 260 1 231 74 141 206 54 24 253 157 144 224 256 183 299 93 174 254 
Number of disconnected nodes: 172
Max available bandwidth: 14100 Kbps
Average throughput: 6253.7 Kbps
Throughput to bandwidth ratio: 0.443525
Packet loss percentage: 36.4993%
Average delay: 7489.84 ms
Average jitter: 3077.05 ms
G_L: 0.4267

Nodes disconnected: 0 3 4 5 6 8 9 10 12 16 17 21 23 26 28 29 30 32 33 34 35 38 39 40 41 44 46 48 49 50 52 53 58 60 62 65 66 68 69 72 75 76 79 83 86 88 90 91 92 95 96 97 98 99 100 102 103 104 108 110 111 112 114 115 117 118 119 122 123 124 125 126 128 132 135 136 137 146 147 148 150 155 156 159 160 163 165 168 169 170 171 172 175 179 181 182 185 186 187 190 191 192 193 195 196 197 198 201 207 208 212 213 215 219 220 227 229 232 233 234 236 238 239 240 241 245 249 257 258 259 261 262 263 264 265 267 272 273 275 278 281 286 288 290 292 293 294 296 297 116 200 130 20 221 260 1 231 74 141 206 54 24 253 157 144 224 256 183 299 93 174 254 269 
Number of disconnected nodes: 173
Max available bandwidth: 14100 Kbps
Average throughput: 6266.89 Kbps
Throughput to bandwidth ratio: 0.44446
Packet loss percentage: 37.8667%
Average delay: 6405.7 ms
Average jitter: 2022.17 ms
G_L: 0.4233

Nodes disconnected: 0 3 4 5 6 8 9 10 12 16 17 21 23 26 28 29 30 32 33 34 35 38 39 40 41 44 46 48 49 50 52 53 58 60 62 65 66 68 69 72 75 76 79 83 86 88 90 91 92 95 96 97 98 99 100 102 103 104 108 110 111 112 114 115 117 118 119 122 123 124 125 126 128 132 135 136 137 146 147 148 150 155 156 159 160 163 165 168 169 170 171 172 175 179 181 182 185 186 187 190 191 192 193 195 196 197 198 201 207 208 212 213 215 219 220 227 229 232 233 234 236 238 239 240 241 245 249 257 258 259 261 262 263 264 265 267 272 273 275 278 281 286 288 290 292 293 294 296 297 116 200 130 20 221 260 1 231 74 141 206 54 24 253 157 144 224 256 183 299 93 174 254 269 145 
Number of disconnected nodes: 174
Max available bandwidth: 14000 Kbps
Average throughput: 6086.82 Kbps
Throughput to bandwidth ratio: 0.434773
Packet loss percentage: 36.8712%
Average delay: 7435.82 ms
Average jitter: 2690.97 ms
G_L: 0.42

Nodes disconnected: 0 3 4 5 6 8 9 10 12 16 17 21 23 26 28 29 30 32 33 34 35 38 39 40 41 44 46 48 49 50 52 53 58 60 62 65 66 68 69 72 75 76 79 83 86 88 90 91 92 95 96 97 98 99 100 102 103 104 108 110 111 112 114 115 117 118 119 122 123 124 125 126 128 132 135 136 137 146 147 148 150 155 156 159 160 163 165 168 169 170 171 172 175 179 181 182 185 186 187 190 191 192 193 195 196 197 198 201 207 208 212 213 215 219 220 227 229 232 233 234 236 238 239 240 241 245 249 257 258 259 261 262 263 264 265 267 272 273 275 278 281 286 288 290 292 293 294 296 297 116 200 130 20 221 260 1 231 74 141 206 54 24 253 157 144 224 256 183 299 93 174 254 269 145 248 202 274 189 
Number of disconnected nodes: 178
Max available bandwidth: 13700 Kbps
Average throughput: 6015.16 Kbps
Throughput to bandwidth ratio: 0.439063
Packet loss percentage: 37.7155%
Average delay: 7092.95 ms
Average jitter: 2311.18 ms
G_L: 0.4067

Nodes disconnected: 0 3 4 5 6 8 9 10 12 16 17 21 23 26 28 29 30 32 33 34 35 38 39 40 41 44 46 48 49 50 52 53 58 60 62 65 66 68 69 72 75 76 79 83 86 88 90 91 92 95 96 97 98 99 100 102 103 104 108 110 111 112 114 115 117 118 119 122 123 124 125 126 128 132 135 136 137 146 147 148 150 155 156 159 160 163 165 168 169 170 171 172 175 179 181 182 185 186 187 190 191 192 193 195 196 197 198 201 207 208 212 213 215 219 220 227 229 232 233 234 236 238 239 240 241 245 249 257 258 259 261 262 263 264 265 267 272 273 275 278 281 286 288 290 292 293 294 296 297 116 200 130 20 221 260 1 231 74 141 206 54 24 253 157 144 224 256 183 299 93 174 254 269 145 248 202 274 189 271 
Number of disconnected nodes: 179
Max available bandwidth: 13700 Kbps
Average throughput: 6090.26 Kbps
Throughput to bandwidth ratio: 0.444544
Packet loss percentage: 37.5425%
Average delay: 7937.94 ms
Average jitter: 2331.91 ms
G_L: 0.4033

Nodes disconnected: 0 3 4 5 6 8 9 10 12 16 17 21 23 26 28 29 30 32 33 34 35 38 39 40 41 44 46 48 49 50 52 53 58 60 62 65 66 68 69 72 75 76 79 83 86 88 90 91 92 95 96 97 98 99 100 102 103 104 108 110 111 112 114 115 117 118 119 122 123 124 125 126 128 132 135 136 137 146 147 148 150 155 156 159 160 163 165 168 169 170 171 172 175 179 181 182 185 186 187 190 191 192 193 195 196 197 198 201 207 208 212 213 215 219 220 227 229 232 233 234 236 238 239 240 241 245 249 257 258 259 261 262 263 264 265 267 272 273 275 278 281 286 288 290 292 293 294 296 297 116 200 130 20 221 260 1 231 74 141 206 54 24 253 157 144 224 256 183 299 93 174 254 269 145 248 202 274 189 271 59 43 
Number of disconnected nodes: 181
Max available bandwidth: 13600 Kbps
Average throughput: 5997.87 Kbps
Throughput to bandwidth ratio: 0.44102
Packet loss percentage: 34.573%
Average delay: 8070.02 ms
Average jitter: 2706.23 ms
G_L: 0.3967

Nodes disconnected: 0 3 4 5 6 8 9 10 12 16 17 21 23 26 28 29 30 32 33 34 35 38 39 40 41 44 46 48 49 50 52 53 58 60 62 65 66 68 69 72 75 76 79 83 86 88 90 91 92 95 96 97 98 99 100 102 103 104 108 110 111 112 114 115 117 118 119 122 123 124 125 126 128 132 135 136 137 146 147 148 150 155 156 159 160 163 165 168 169 170 171 172 175 179 181 182 185 186 187 190 191 192 193 195 196 197 198 201 207 208 212 213 215 219 220 227 229 232 233 234 236 238 239 240 241 245 249 257 258 259 261 262 263 264 265 267 272 273 275 278 281 286 288 290 292 293 294 296 297 116 200 130 20 221 260 1 231 74 141 206 54 24 253 157 144 224 256 183 299 93 174 254 269 145 248 202 274 189 271 59 43 78 
Number of disconnected nodes: 182
Max available bandwidth: 13500 Kbps
Average throughput: 5925.61 Kbps
Throughput to bandwidth ratio: 0.438934
Packet loss percentage: 36.4678%
Average delay: 7944.7 ms
Average jitter: 2397.73 ms
G_L: 0.3933

Nodes disconnected: 0 3 4 5 6 8 9 10 12 16 17 21 23 26 28 29 30 32 33 34 35 38 39 40 41 44 46 48 49 50 52 53 58 60 62 65 66 68 69 72 75 76 79 83 86 88 90 91 92 95 96 97 98 99 100 102 103 104 108 110 111 112 114 115 117 118 119 122 123 124 125 126 128 132 135 136 137 146 147 148 150 155 156 159 160 163 165 168 169 170 171 172 175 179 181 182 185 186 187 190 191 192 193 195 196 197 198 201 207 208 212 213 215 219 220 227 229 232 233 234 236 238 239 240 241 245 249 257 258 259 261 262 263 264 265 267 272 273 275 278 281 286 288 290 292 293 294 296 297 116 200 130 20 221 260 1 231 74 141 206 54 24 253 157 144 224 256 183 299 93 174 254 269 145 248 202 274 189 271 59 43 78 289 63 
Number of disconnected nodes: 184
Max available bandwidth: 13300 Kbps
Average throughput: 5693.87 Kbps
Throughput to bandwidth ratio: 0.42811
Packet loss percentage: 38.6556%
Average delay: 5932.16 ms
Average jitter: 1803.28 ms
G_L: 0.3867

Nodes disconnected: 0 3 4 5 6 8 9 10 12 16 17 21 23 26 28 29 30 32 33 34 35 38 39 40 41 44 46 48 49 50 52 53 58 60 62 65 66 68 69 72 75 76 79 83 86 88 90 91 92 95 96 97 98 99 100 102 103 104 108 110 111 112 114 115 117 118 119 122 123 124 125 126 128 132 135 136 137 146 147 148 150 155 156 159 160 163 165 168 169 170 171 172 175 179 181 182 185 186 187 190 191 192 193 195 196 197 198 201 207 208 212 213 215 219 220 227 229 232 233 234 236 238 239 240 241 245 249 257 258 259 261 262 263 264 265 267 272 273 275 278 281 286 288 290 292 293 294 296 297 116 200 130 20 221 260 1 231 74 141 206 54 24 253 157 144 224 256 183 299 93 174 254 269 145 248 202 274 189 271 59 43 78 289 63 2 277 
Number of disconnected nodes: 186
Max available bandwidth: 13200 Kbps
Average throughput: 5687.35 Kbps
Throughput to bandwidth ratio: 0.43086
Packet loss percentage: 35.6255%
Average delay: 7396.81 ms
Average jitter: 2453.6 ms
G_L: 0.38

Nodes disconnected: 0 3 4 5 6 8 9 10 12 16 17 21 23 26 28 29 30 32 33 34 35 38 39 40 41 44 46 48 49 50 52 53 58 60 62 65 66 68 69 72 75 76 79 83 86 88 90 91 92 95 96 97 98 99 100 102 103 104 108 110 111 112 114 115 117 118 119 122 123 124 125 126 128 132 135 136 137 146 147 148 150 155 156 159 160 163 165 168 169 170 171 172 175 179 181 182 185 186 187 190 191 192 193 195 196 197 198 201 207 208 212 213 215 219 220 227 229 232 233 234 236 238 239 240 241 245 249 257 258 259 261 262 263 264 265 267 272 273 275 278 281 286 288 290 292 293 294 296 297 116 200 130 20 221 260 1 231 74 141 206 54 24 253 157 144 224 256 183 299 93 174 254 269 145 248 202 274 189 271 59 43 78 289 63 2 277 203 
Number of disconnected nodes: 187
Max available bandwidth: 13100 Kbps
Average throughput: 5573.78 Kbps
Throughput to bandwidth ratio: 0.425479
Packet loss percentage: 38.7029%
Average delay: 7275.33 ms
Average jitter: 2004.32 ms
G_L: 0.3767

Nodes disconnected: 0 3 4 5 6 8 9 10 12 16 17 21 23 26 28 29 30 32 33 34 35 38 39 40 41 44 46 48 49 50 52 53 58 60 62 65 66 68 69 72 75 76 79 83 86 88 90 91 92 95 96 97 98 99 100 102 103 104 108 110 111 112 114 115 117 118 119 122 123 124 125 126 128 132 135 136 137 146 147 148 150 155 156 159 160 163 165 168 169 170 171 172 175 179 181 182 185 186 187 190 191 192 193 195 196 197 198 201 207 208 212 213 215 219 220 227 229 232 233 234 236 238 239 240 241 245 249 257 258 259 261 262 263 264 265 267 272 273 275 278 281 286 288 290 292 293 294 296 297 116 200 130 20 221 260 1 231 74 141 206 54 24 253 157 144 224 256 183 299 93 174 254 269 145 248 202 274 189 271 59 43 78 289 63 2 277 203 211 
Number of disconnected nodes: 188
Max available bandwidth: 13100 Kbps
Average throughput: 5556.16 Kbps
Throughput to bandwidth ratio: 0.424134
Packet loss percentage: 37.8601%
Average delay: 6942.39 ms
Average jitter: 1949.86 ms
G_L: 0.3733

Nodes disconnected: 0 3 4 5 6 8 9 10 12 16 17 21 23 26 28 29 30 32 33 34 35 38 39 40 41 44 46 48 49 50 52 53 58 60 62 65 66 68 69 72 75 76 79 83 86 88 90 91 92 95 96 97 98 99 100 102 103 104 108 110 111 112 114 115 117 118 119 122 123 124 125 126 128 132 135 136 137 146 147 148 150 155 156 159 160 163 165 168 169 170 171 172 175 179 181 182 185 186 187 190 191 192 193 195 196 197 198 201 207 208 212 213 215 219 220 227 229 232 233 234 236 238 239 240 241 245 249 257 258 259 261 262 263 264 265 267 272 273 275 278 281 286 288 290 292 293 294 296 297 116 200 130 20 221 260 1 231 74 141 206 54 24 253 157 144 224 256 183 299 93 174 254 269 145 248 202 274 189 271 59 43 78 289 63 2 277 203 211 101 
Number of disconnected nodes: 189
Max available bandwidth: 13100 Kbps
Average throughput: 5508.09 Kbps
Throughput to bandwidth ratio: 0.420465
Packet loss percentage: 38.1413%
Average delay: 7336.81 ms
Average jitter: 1965.45 ms
G_L: 0.37

Nodes disconnected: 0 3 4 5 6 8 9 10 12 16 17 21 23 26 28 29 30 32 33 34 35 38 39 40 41 44 46 48 49 50 52 53 58 60 62 65 66 68 69 72 75 76 79 83 86 88 90 91 92 95 96 97 98 99 100 102 103 104 108 110 111 112 114 115 117 118 119 122 123 124 125 126 128 132 135 136 137 146 147 148 150 155 156 159 160 163 165 168 169 170 171 172 175 179 181 182 185 186 187 190 191 192 193 195 196 197 198 201 207 208 212 213 215 219 220 227 229 232 233 234 236 238 239 240 241 245 249 257 258 259 261 262 263 264 265 267 272 273 275 278 281 286 288 290 292 293 294 296 297 116 200 130 20 221 260 1 231 74 141 206 54 24 253 157 144 224 256 183 299 93 174 254 269 145 248 202 274 189 271 59 43 78 289 63 2 277 203 211 101 244 
Number of disconnected nodes: 190
Max available bandwidth: 13100 Kbps
Average throughput: 5526.02 Kbps
Throughput to bandwidth ratio: 0.421834
Packet loss percentage: 37.0905%
Average delay: 7564.61 ms
Average jitter: 2128.85 ms
G_L: 0.3667

Nodes disconnected: 0 3 4 5 6 8 9 10 12 16 17 21 23 26 28 29 30 32 33 34 35 38 39 40 41 44 46 48 49 50 52 53 58 60 62 65 66 68 69 72 75 76 79 83 86 88 90 91 92 95 96 97 98 99 100 102 103 104 108 110 111 112 114 115 117 118 119 122 123 124 125 126 128 132 135 136 137 146 147 148 150 155 156 159 160 163 165 168 169 170 171 172 175 179 181 182 185 186 187 190 191 192 193 195 196 197 198 201 207 208 212 213 215 219 220 227 229 232 233 234 236 238 239 240 241 245 249 257 258 259 261 262 263 264 265 267 272 273 275 278 281 286 288 290 292 293 294 296 297 116 200 130 20 221 260 1 231 74 141 206 54 24 253 157 144 224 256 183 299 93 174 254 269 145 248 202 274 189 271 59 43 78 289 63 2 277 203 211 101 244 194 291 284 133 
Number of disconnected nodes: 194
Max available bandwidth: 12700 Kbps
Average throughput: 5351.9 Kbps
Throughput to bandwidth ratio: 0.421409
Packet loss percentage: 36.792%
Average delay: 7669.55 ms
Average jitter: 2010.38 ms
G_L: 0.3533

Nodes disconnected: 0 3 4 5 6 8 9 10 12 16 17 21 23 26 28 29 30 32 33 34 35 38 39 40 41 44 46 48 49 50 52 53 58 60 62 65 66 68 69 72 75 76 79 83 86 88 90 91 92 95 96 97 98 99 100 102 103 104 108 110 111 112 114 115 117 118 119 122 123 124 125 126 128 132 135 136 137 146 147 148 150 155 156 159 160 163 165 168 169 170 171 172 175 179 181 182 185 186 187 190 191 192 193 195 196 197 198 201 207 208 212 213 215 219 220 227 229 232 233 234 236 238 239 240 241 245 249 257 258 259 261 262 263 264 265 267 272 273 275 278 281 286 288 290 292 293 294 296 297 116 200 130 20 221 260 1 231 74 141 206 54 24 253 157 144 224 256 183 299 93 174 254 269 145 248 202 274 189 271 59 43 78 289 63 2 277 203 211 101 244 194 291 284 133 7 266 80 279 120 121 218 283 31 
Number of disconnected nodes: 203
Max available bandwidth: 11700 Kbps
Average throughput: 4874.61 Kbps
Throughput to bandwidth ratio: 0.416633
Packet loss percentage: 36.7387%
Average delay: 7295.37 ms
Average jitter: 1584.12 ms
G_L: 0.3233

Nodes disconnected: 0 3 4 5 6 8 9 10 12 16 17 21 23 26 28 29 30 32 33 34 35 38 39 40 41 44 46 48 49 50 52 53 58 60 62 65 66 68 69 72 75 76 79 83 86 88 90 91 92 95 96 97 98 99 100 102 103 104 108 110 111 112 114 115 117 118 119 122 123 124 125 126 128 132 135 136 137 146 147 148 150 155 156 159 160 163 165 168 169 170 171 172 175 179 181 182 185 186 187 190 191 192 193 195 196 197 198 201 207 208 212 213 215 219 220 227 229 232 233 234 236 238 239 240 241 245 249 257 258 259 261 262 263 264 265 267 272 273 275 278 281 286 288 290 292 293 294 296 297 116 200 130 20 221 260 1 231 74 141 206 54 24 253 157 144 224 256 183 299 93 174 254 269 145 248 202 274 189 271 59 43 78 289 63 2 277 203 211 101 244 194 291 284 133 7 266 80 279 120 121 218 283 31 138 298 
Number of disconnected nodes: 205
Max available bandwidth: 11600 Kbps
Average throughput: 4832.17 Kbps
Throughput to bandwidth ratio: 0.416567
Packet loss percentage: 37.6012%
Average delay: 6506.49 ms
Average jitter: 1410.11 ms
G_L: 0.3167

Nodes disconnected: 0 3 4 5 6 8 9 10 12 16 17 21 23 26 28 29 30 32 33 34 35 38 39 40 41 44 46 48 49 50 52 53 58 60 62 65 66 68 69 72 75 76 79 83 86 88 90 91 92 95 96 97 98 99 100 102 103 104 108 110 111 112 114 115 117 118 119 122 123 124 125 126 128 132 135 136 137 146 147 148 150 155 156 159 160 163 165 168 169 170 171 172 175 179 181 182 185 186 187 190 191 192 193 195 196 197 198 201 207 208 212 213 215 219 220 227 229 232 233 234 236 238 239 240 241 245 249 257 258 259 261 262 263 264 265 267 272 273 275 278 281 286 288 290 292 293 294 296 297 116 200 130 20 221 260 1 231 74 141 206 54 24 253 157 144 224 256 183 299 93 174 254 269 145 248 202 274 189 271 59 43 78 289 63 2 277 203 211 101 244 194 291 284 133 7 266 80 279 120 121 218 283 31 138 298 154 
Number of disconnected nodes: 206
Max available bandwidth: 11500 Kbps
Average throughput: 4713.82 Kbps
Throughput to bandwidth ratio: 0.409897
Packet loss percentage: 34.9676%
Average delay: 6743.46 ms
Average jitter: 1972.79 ms
G_L: 0.3133

Nodes disconnected: 0 3 4 5 6 8 9 10 12 16 17 21 23 26 28 29 30 32 33 34 35 38 39 40 41 44 46 48 49 50 52 53 58 60 62 65 66 68 69 72 75 76 79 83 86 88 90 91 92 95 96 97 98 99 100 102 103 104 108 110 111 112 114 115 117 118 119 122 123 124 125 126 128 132 135 136 137 146 147 148 150 155 156 159 160 163 165 168 169 170 171 172 175 179 181 182 185 186 187 190 191 192 193 195 196 197 198 201 207 208 212 213 215 219 220 227 229 232 233 234 236 238 239 240 241 245 249 257 258 259 261 262 263 264 265 267 272 273 275 278 281 286 288 290 292 293 294 296 297 116 200 130 20 221 260 1 231 74 141 206 54 24 253 157 144 224 256 183 299 93 174 254 269 145 248 202 274 189 271 59 43 78 289 63 2 277 203 211 101 244 194 291 284 133 7 266 80 279 120 121 218 283 31 138 298 154 127 
Number of disconnected nodes: 207
Max available bandwidth: 11500 Kbps
Average throughput: 4667.34 Kbps
Throughput to bandwidth ratio: 0.405855
Packet loss percentage: 37.1794%
Average delay: 7039.84 ms
Average jitter: 1713.46 ms
G_L: 0.31

Nodes disconnected: 0 3 4 5 6 8 9 10 12 16 17 21 23 26 28 29 30 32 33 34 35 38 39 40 41 44 46 48 49 50 52 53 58 60 62 65 66 68 69 72 75 76 79 83 86 88 90 91 92 95 96 97 98 99 100 102 103 104 108 110 111 112 114 115 117 118 119 122 123 124 125 126 128 132 135 136 137 146 147 148 150 155 156 159 160 163 165 168 169 170 171 172 175 179 181 182 185 186 187 190 191 192 193 195 196 197 198 201 207 208 212 213 215 219 220 227 229 232 233 234 236 238 239 240 241 245 249 257 258 259 261 262 263 264 265 267 272 273 275 278 281 286 288 290 292 293 294 296 297 116 200 130 20 221 260 1 231 74 141 206 54 24 253 157 144 224 256 183 299 93 174 254 269 145 248 202 274 189 271 59 43 78 289 63 2 277 203 211 101 244 194 291 284 133 7 266 80 279 120 121 218 283 31 138 298 154 127 246 
Number of disconnected nodes: 208
Max available bandwidth: 11500 Kbps
Average throughput: 4613.62 Kbps
Throughput to bandwidth ratio: 0.401184
Packet loss percentage: 34.9164%
Average delay: 7098.47 ms
Average jitter: 2002.91 ms
G_L: 0.3067

Nodes disconnected: 0 3 4 5 6 8 9 10 12 16 17 21 23 26 28 29 30 32 33 34 35 38 39 40 41 44 46 48 49 50 52 53 58 60 62 65 66 68 69 72 75 76 79 83 86 88 90 91 92 95 96 97 98 99 100 102 103 104 108 110 111 112 114 115 117 118 119 122 123 124 125 126 128 132 135 136 137 146 147 148 150 155 156 159 160 163 165 168 169 170 171 172 175 179 181 182 185 186 187 190 191 192 193 195 196 197 198 201 207 208 212 213 215 219 220 227 229 232 233 234 236 238 239 240 241 245 249 257 258 259 261 262 263 264 265 267 272 273 275 278 281 286 288 290 292 293 294 296 297 116 200 130 20 221 260 1 231 74 141 206 54 24 253 157 144 224 256 183 299 93 174 254 269 145 248 202 274 189 271 59 43 78 289 63 2 277 203 211 101 244 194 291 284 133 7 266 80 279 120 121 218 283 31 138 298 154 127 246 129 
Number of disconnected nodes: 209
Max available bandwidth: 11400 Kbps
Average throughput: 4665.2 Kbps
Throughput to bandwidth ratio: 0.409228
Packet loss percentage: 36.7301%
Average delay: 6961.27 ms
Average jitter: 1816.87 ms
G_L: 0.3033

Nodes disconnected: 0 3 4 5 6 8 9 10 12 16 17 21 23 26 28 29 30 32 33 34 35 38 39 40 41 44 46 48 49 50 52 53 58 60 62 65 66 68 69 72 75 76 79 83 86 88 90 91 92 95 96 97 98 99 100 102 103 104 108 110 111 112 114 115 117 118 119 122 123 124 125 126 128 132 135 136 137 146 147 148 150 155 156 159 160 163 165 168 169 170 171 172 175 179 181 182 185 186 187 190 191 192 193 195 196 197 198 201 207 208 212 213 215 219 220 227 229 232 233 234 236 238 239 240 241 245 249 257 258 259 261 262 263 264 265 267 272 273 275 278 281 286 288 290 292 293 294 296 297 116 200 130 20 221 260 1 231 74 141 206 54 24 253 157 144 224 256 183 299 93 174 254 269 145 248 202 274 189 271 59 43 78 289 63 2 277 203 211 101 244 194 291 284 133 7 266 80 279 120 121 218 283 31 138 298 154 127 246 129 131 70 230 
Number of disconnected nodes: 212
Max available bandwidth: 11200 Kbps
Average throughput: 4419.03 Kbps
Throughput to bandwidth ratio: 0.394557
Packet loss percentage: 36.9364%
Average delay: 6079.27 ms
Average jitter: 1660.51 ms
G_L: 0.2933

Nodes disconnected: 0 3 4 5 6 8 9 10 12 16 17 21 23 26 28 29 30 32 33 34 35 38 39 40 41 44 46 48 49 50 52 53 58 60 62 65 66 68 69 72 75 76 79 83 86 88 90 91 92 95 96 97 98 99 100 102 103 104 108 110 111 112 114 115 117 118 119 122 123 124 125 126 128 132 135 136 137 146 147 148 150 155 156 159 160 163 165 168 169 170 171 172 175 179 181 182 185 186 187 190 191 192 193 195 196 197 198 201 207 208 212 213 215 219 220 227 229 232 233 234 236 238 239 240 241 245 249 257 258 259 261 262 263 264 265 267 272 273 275 278 281 286 288 290 292 293 294 296 297 116 200 130 20 221 260 1 231 74 141 206 54 24 253 157 144 224 256 183 299 93 174 254 269 145 248 202 274 189 271 59 43 78 289 63 2 277 203 211 101 244 194 291 284 133 7 266 80 279 120 121 218 283 31 138 298 154 127 246 129 131 70 230 225 106 178 51 276 151 153 250 285 94 255 
Number of disconnected nodes: 223
Max available bandwidth: 9800 Kbps
Average throughput: 3949.73 Kbps
Throughput to bandwidth ratio: 0.403034
Packet loss percentage: 37.0345%
Average delay: 6605.48 ms
Average jitter: 1566.69 ms
G_L: 0.2567

Nodes disconnected: 0 3 4 5 6 8 9 10 12 16 17 21 23 26 28 29 30 32 33 34 35 38 39 40 41 44 46 48 49 50 52 53 58 60 62 65 66 68 69 72 75 76 79 83 86 88 90 91 92 95 96 97 98 99 100 102 103 104 108 110 111 112 114 115 117 118 119 122 123 124 125 126 128 132 135 136 137 146 147 148 150 155 156 159 160 163 165 168 169 170 171 172 175 179 181 182 185 186 187 190 191 192 193 195 196 197 198 201 207 208 212 213 215 219 220 227 229 232 233 234 236 238 239 240 241 245 249 257 258 259 261 262 263 264 265 267 272 273 275 278 281 286 288 290 292 293 294 296 297 116 200 130 20 221 260 1 231 74 141 206 54 24 253 157 144 224 256 183 299 93 174 254 269 145 248 202 274 189 271 59 43 78 289 63 2 277 203 211 101 244 194 291 284 133 7 266 80 279 120 121 218 283 31 138 298 154 127 246 129 131 70 230 225 106 178 51 276 151 153 250 285 94 255 89 
Number of disconnected nodes: 224
Max available bandwidth: 9800 Kbps
Average throughput: 3748.7 Kbps
Throughput to bandwidth ratio: 0.382521
Packet loss percentage: 38.7339%
Average delay: 5058.51 ms
Average jitter: 1537.88 ms
G_L: 0.2533

Nodes disconnected: 0 3 4 5 6 8 9 10 12 16 17 21 23 26 28 29 30 32 33 34 35 38 39 40 41 44 46 48 49 50 52 53 58 60 62 65 66 68 69 72 75 76 79 83 86 88 90 91 92 95 96 97 98 99 100 102 103 104 108 110 111 112 114 115 117 118 119 122 123 124 125 126 128 132 135 136 137 146 147 148 150 155 156 159 160 163 165 168 169 170 171 172 175 179 181 182 185 186 187 190 191 192 193 195 196 197 198 201 207 208 212 213 215 219 220 227 229 232 233 234 236 238 239 240 241 245 249 257 258 259 261 262 263 264 265 267 272 273 275 278 281 286 288 290 292 293 294 296 297 116 200 130 20 221 260 1 231 74 141 206 54 24 253 157 144 224 256 183 299 93 174 254 269 145 248 202 274 189 271 59 43 78 289 63 2 277 203 211 101 244 194 291 284 133 7 266 80 279 120 121 218 283 31 138 298 154 127 246 129 131 70 230 225 106 178 51 276 151 153 250 285 94 255 89 134 11 139 13 14 15 140 142 18 143 268 149 22 270 152 280 282 27 158 287 161 36 37 164 166 167 295 42 45 173 47 176 177 180 55 56 57 184 188 61 64 199 73 204 77 205 81 82 209 84 85 210 214 216 217 222 223 226 228 105 107 235 109 237 113 242 243 247 251 252 
Number of disconnected nodes: 294
Max available bandwidth: 800 Kbps
Average throughput: 319.791 Kbps
Throughput to bandwidth ratio: 0.399738
Packet loss percentage: 51.311%
Average delay: 3020.25 ms
Average jitter: 516.837 ms
G_L: 0.02

Nodes disconnected: 0 3 4 5 6 8 9 10 12 16 17 21 23 26 28 29 30 32 33 34 35 38 39 40 41 44 46 48 49 50 52 53 58 60 62 65 66 68 69 72 75 76 79 83 86 88 90 91 92 95 96 97 98 99 100 102 103 104 108 110 111 112 114 115 117 118 119 122 123 124 125 126 128 132 135 136 137 146 147 148 150 155 156 159 160 163 165 168 169 170 171 172 175 179 181 182 185 186 187 190 191 192 193 195 196 197 198 201 207 208 212 213 215 219 220 227 229 232 233 234 236 238 239 240 241 245 249 257 258 259 261 262 263 264 265 267 272 273 275 278 281 286 288 290 292 293 294 296 297 116 200 130 20 221 260 1 231 74 141 206 54 24 253 157 144 224 256 183 299 93 174 254 269 145 248 202 274 189 271 59 43 78 289 63 2 277 203 211 101 244 194 291 284 133 7 266 80 279 120 121 218 283 31 138 298 154 127 246 129 131 70 230 225 106 178 51 276 151 153 250 285 94 255 89 134 11 139 13 14 15 140 142 18 143 268 149 22 270 152 280 282 27 158 287 161 36 37 164 166 167 295 42 45 173 47 176 177 180 55 56 57 184 188 61 64 199 73 204 77 205 81 82 209 84 85 210 214 216 217 222 223 226 228 105 107 235 109 237 113 242 243 247 251 252 25 162 
Number of disconnected nodes: 296
Max available bandwidth: 300 Kbps
Average throughput: 215.05 Kbps
Throughput to bandwidth ratio: 0.716832
Packet loss percentage: 51.2534%
Average delay: 467.889 ms
Average jitter: 364.457 ms
G_L: 0.0133

Nodes disconnected: 0 3 4 5 6 8 9 10 12 16 17 21 23 26 28 29 30 32 33 34 35 38 39 40 41 44 46 48 49 50 52 53 58 60 62 65 66 68 69 72 75 76 79 83 86 88 90 91 92 95 96 97 98 99 100 102 103 104 108 110 111 112 114 115 117 118 119 122 123 124 125 126 128 132 135 136 137 146 147 148 150 155 156 159 160 163 165 168 169 170 171 172 175 179 181 182 185 186 187 190 191 192 193 195 196 197 198 201 207 208 212 213 215 219 220 227 229 232 233 234 236 238 239 240 241 245 249 257 258 259 261 262 263 264 265 267 272 273 275 278 281 286 288 290 292 293 294 296 297 116 200 130 20 221 260 1 231 74 141 206 54 24 253 157 144 224 256 183 299 93 174 254 269 145 248 202 274 189 271 59 43 78 289 63 2 277 203 211 101 244 194 291 284 133 7 266 80 279 120 121 218 283 31 138 298 154 127 246 129 131 70 230 225 106 178 51 276 151 153 250 285 94 255 89 134 11 139 13 14 15 140 142 18 143 268 149 22 270 152 280 282 27 158 287 161 36 37 164 166 167 295 42 45 173 47 176 177 180 55 56 57 184 188 61 64 199 73 204 77 205 81 82 209 84 85 210 214 216 217 222 223 226 228 105 107 235 109 237 113 242 243 247 251 252 25 162 19 87 
Number of disconnected nodes: 298
Max available bandwidth: 100 Kbps
Average throughput: 46.3254 Kbps
Throughput to bandwidth ratio: 0.463254
Packet loss percentage: 64.702%
Average delay: 141.067 ms
Average jitter: 272.343 ms
G_L: 0.0067

Nodes disconnected: 0 3 4 5 6 8 9 10 12 16 17 21 23 26 28 29 30 32 33 34 35 38 39 40 41 44 46 48 49 50 52 53 58 60 62 65 66 68 69 72 75 76 79 83 86 88 90 91 92 95 96 97 98 99 100 102 103 104 108 110 111 112 114 115 117 118 119 122 123 124 125 126 128 132 135 136 137 146 147 148 150 155 156 159 160 163 165 168 169 170 171 172 175 179 181 182 185 186 187 190 191 192 193 195 196 197 198 201 207 208 212 213 215 219 220 227 229 232 233 234 236 238 239 240 241 245 249 257 258 259 261 262 263 264 265 267 272 273 275 278 281 286 288 290 292 293 294 296 297 116 200 130 20 221 260 1 231 74 141 206 54 24 253 157 144 224 256 183 299 93 174 254 269 145 248 202 274 189 271 59 43 78 289 63 2 277 203 211 101 244 194 291 284 133 7 266 80 279 120 121 218 283 31 138 298 154 127 246 129 131 70 230 225 106 178 51 276 151 153 250 285 94 255 89 134 11 139 13 14 15 140 142 18 143 268 149 22 270 152 280 282 27 158 287 161 36 37 164 166 167 295 42 45 173 47 176 177 180 55 56 57 184 188 61 64 199 73 204 77 205 81 82 209 84 85 210 214 216 217 222 223 226 228 105 107 235 109 237 113 242 243 247 251 252 25 162 19 87 67 71 
Number of disconnected nodes: 300
Max available bandwidth: 0 Kbps
Average throughput: 0 Kbps
Throughput to bandwidth ratio: -nan
Packet loss percentage: -nan%
Average delay: -nan ms
Average jitter: -nan ms
G_L: 0

