Nodes disconnected: 
Number of disconnected nodes: 0
Max available bandwidth: 33400 Kbps
Average throughput: 25289.2 Kbps
Throughput to bandwidth ratio: 0.757162
Packet loss percentage: 5.68588%
Average delay: 2125.04 ms
Average jitter: 597.51 ms
G_L: 1

Nodes disconnected: 174 
Number of disconnected nodes: 1
Max available bandwidth: 33400 Kbps
Average throughput: 25094.1 Kbps
Throughput to bandwidth ratio: 0.751322
Packet loss percentage: 5.78961%
Average delay: 2141.69 ms
Average jitter: 604.56 ms
G_L: 0.9967

Nodes disconnected: 174 9 
Number of disconnected nodes: 2
Max available bandwidth: 33300 Kbps
Average throughput: 25016.6 Kbps
Throughput to bandwidth ratio: 0.751249
Packet loss percentage: 5.86462%
Average delay: 2115.37 ms
Average jitter: 603.893 ms
G_L: 0.9933

Nodes disconnected: 174 9 178 154 
Number of disconnected nodes: 4
Max available bandwidth: 33200 Kbps
Average throughput: 24792 Kbps
Throughput to bandwidth ratio: 0.746748
Packet loss percentage: 6.22474%
Average delay: 2138.75 ms
Average jitter: 602.898 ms
G_L: 0.9867

Nodes disconnected: 174 9 178 154 295 
Number of disconnected nodes: 5
Max available bandwidth: 33200 Kbps
Average throughput: 24801.1 Kbps
Throughput to bandwidth ratio: 0.747021
Packet loss percentage: 6.30371%
Average delay: 2101.12 ms
Average jitter: 594.499 ms
G_L: 0.9833

Nodes disconnected: 174 9 178 154 295 222 
Number of disconnected nodes: 6
Max available bandwidth: 33200 Kbps
Average throughput: 24636.5 Kbps
Throughput to bandwidth ratio: 0.742064
Packet loss percentage: 6.41013%
Average delay: 2106.93 ms
Average jitter: 597.811 ms
G_L: 0.98

Nodes disconnected: 174 9 178 154 295 222 289 63 
Number of disconnected nodes: 8
Max available bandwidth: 33000 Kbps
Average throughput: 24460.8 Kbps
Throughput to bandwidth ratio: 0.741236
Packet loss percentage: 6.66145%
Average delay: 2059.38 ms
Average jitter: 589.957 ms
G_L: 0.9733

Nodes disconnected: 174 9 178 154 295 222 289 63 33 118 
Number of disconnected nodes: 10
Max available bandwidth: 32800 Kbps
Average throughput: 24187.7 Kbps
Throughput to bandwidth ratio: 0.737429
Packet loss percentage: 7.0105%
Average delay: 2074.45 ms
Average jitter: 587.767 ms
G_L: 0.9667

Nodes disconnected: 174 9 178 154 295 222 289 63 33 118 256 270 143 145 152 27 158 167 45 47 183 209 223 235 237 242 243 121 251 
Number of disconnected nodes: 29
Max available bandwidth: 30800 Kbps
Average throughput: 22058 Kbps
Throughput to bandwidth ratio: 0.716169
Packet loss percentage: 13.2021%
Average delay: 1986.41 ms
Average jitter: 549.226 ms
G_L: 0.9033

Nodes disconnected: 174 9 178 154 295 222 289 63 33 118 256 270 143 145 152 27 158 167 45 47 183 209 223 235 237 242 243 121 251 0 3 4 5 6 7 8 10 11 12 16 17 18 21 22 23 26 28 29 30 31 32 34 35 36 38 39 40 41 44 46 48 49 50 51 52 53 56 58 60 62 65 66 68 69 72 75 76 78 79 80 81 82 83 85 86 88 90 91 92 93 94 95 96 97 98 99 100 101 102 103 104 106 108 110 111 112 114 115 117 119 120 122 123 124 125 126 127 128 129 132 133 135 136 137 139 140 146 147 148 150 151 153 155 156 159 160 161 163 164 165 168 169 170 171 172 175 179 181 182 185 186 187 188 190 191 192 193 194 195 196 197 198 201 203 204 207 208 212 213 214 215 218 219 220 225 226 227 229 232 233 234 236 238 239 240 241 245 246 249 250 252 254 255 257 258 259 260 261 262 263 264 265 266 267 268 269 272 273 275 276 278 279 280 281 282 283 284 285 286 287 288 290 291 292 293 294 296 297 299 
Number of disconnected nodes: 229
Max available bandwidth: 7600 Kbps
Average throughput: 3624.59 Kbps
Throughput to bandwidth ratio: 0.476919
Packet loss percentage: 51.2059%
Average delay: 2685.74 ms
Average jitter: 712.589 ms
G_L: 0.2367

Nodes disconnected: 174 9 178 154 295 222 289 63 33 118 256 270 143 145 152 27 158 167 45 47 183 209 223 235 237 242 243 121 251 0 3 4 5 6 7 8 10 11 12 16 17 18 21 22 23 26 28 29 30 31 32 34 35 36 38 39 40 41 44 46 48 49 50 51 52 53 56 58 60 62 65 66 68 69 72 75 76 78 79 80 81 82 83 85 86 88 90 91 92 93 94 95 96 97 98 99 100 101 102 103 104 106 108 110 111 112 114 115 117 119 120 122 123 124 125 126 127 128 129 132 133 135 136 137 139 140 146 147 148 150 151 153 155 156 159 160 161 163 164 165 168 169 170 171 172 175 179 181 182 185 186 187 188 190 191 192 193 194 195 196 197 198 201 203 204 207 208 212 213 214 215 218 219 220 225 226 227 229 232 233 234 236 238 239 240 241 245 246 249 250 252 254 255 257 258 259 260 261 262 263 264 265 266 267 268 269 272 273 275 276 278 279 280 281 282 283 284 285 286 287 288 290 291 292 293 294 296 297 299 142 14 
Number of disconnected nodes: 231
Max available bandwidth: 7500 Kbps
Average throughput: 3468.98 Kbps
Throughput to bandwidth ratio: 0.462531
Packet loss percentage: 52.5224%
Average delay: 2568.88 ms
Average jitter: 665.001 ms
G_L: 0.23

Nodes disconnected: 174 9 178 154 295 222 289 63 33 118 256 270 143 145 152 27 158 167 45 47 183 209 223 235 237 242 243 121 251 0 3 4 5 6 7 8 10 11 12 16 17 18 21 22 23 26 28 29 30 31 32 34 35 36 38 39 40 41 44 46 48 49 50 51 52 53 56 58 60 62 65 66 68 69 72 75 76 78 79 80 81 82 83 85 86 88 90 91 92 93 94 95 96 97 98 99 100 101 102 103 104 106 108 110 111 112 114 115 117 119 120 122 123 124 125 126 127 128 129 132 133 135 136 137 139 140 146 147 148 150 151 153 155 156 159 160 161 163 164 165 168 169 170 171 172 175 179 181 182 185 186 187 188 190 191 192 193 194 195 196 197 198 201 203 204 207 208 212 213 214 215 218 219 220 225 226 227 229 232 233 234 236 238 239 240 241 245 246 249 250 252 254 255 257 258 259 260 261 262 263 264 265 266 267 268 269 272 273 275 276 278 279 280 281 282 283 284 285 286 287 288 290 291 292 293 294 296 297 299 142 14 180 
Number of disconnected nodes: 232
Max available bandwidth: 7400 Kbps
Average throughput: 3393.06 Kbps
Throughput to bandwidth ratio: 0.458522
Packet loss percentage: 52.6774%
Average delay: 2583.74 ms
Average jitter: 661.852 ms
G_L: 0.2267

Nodes disconnected: 174 9 178 154 295 222 289 63 33 118 256 270 143 145 152 27 158 167 45 47 183 209 223 235 237 242 243 121 251 0 3 4 5 6 7 8 10 11 12 16 17 18 21 22 23 26 28 29 30 31 32 34 35 36 38 39 40 41 44 46 48 49 50 51 52 53 56 58 60 62 65 66 68 69 72 75 76 78 79 80 81 82 83 85 86 88 90 91 92 93 94 95 96 97 98 99 100 101 102 103 104 106 108 110 111 112 114 115 117 119 120 122 123 124 125 126 127 128 129 132 133 135 136 137 139 140 146 147 148 150 151 153 155 156 159 160 161 163 164 165 168 169 170 171 172 175 179 181 182 185 186 187 188 190 191 192 193 194 195 196 197 198 201 203 204 207 208 212 213 214 215 218 219 220 225 226 227 229 232 233 234 236 238 239 240 241 245 246 249 250 252 254 255 257 258 259 260 261 262 263 264 265 266 267 268 269 272 273 275 276 278 279 280 281 282 283 284 285 286 287 288 290 291 292 293 294 296 297 299 142 14 180 177 210 205 
Number of disconnected nodes: 235
Max available bandwidth: 7400 Kbps
Average throughput: 3140.87 Kbps
Throughput to bandwidth ratio: 0.424441
Packet loss percentage: 53.511%
Average delay: 2760.18 ms
Average jitter: 661.067 ms
G_L: 0.2167

Nodes disconnected: 174 9 178 154 295 222 289 63 33 118 256 270 143 145 152 27 158 167 45 47 183 209 223 235 237 242 243 121 251 0 3 4 5 6 7 8 10 11 12 16 17 18 21 22 23 26 28 29 30 31 32 34 35 36 38 39 40 41 44 46 48 49 50 51 52 53 56 58 60 62 65 66 68 69 72 75 76 78 79 80 81 82 83 85 86 88 90 91 92 93 94 95 96 97 98 99 100 101 102 103 104 106 108 110 111 112 114 115 117 119 120 122 123 124 125 126 127 128 129 132 133 135 136 137 139 140 146 147 148 150 151 153 155 156 159 160 161 163 164 165 168 169 170 171 172 175 179 181 182 185 186 187 188 190 191 192 193 194 195 196 197 198 201 203 204 207 208 212 213 214 215 218 219 220 225 226 227 229 232 233 234 236 238 239 240 241 245 246 249 250 252 254 255 257 258 259 260 261 262 263 264 265 266 267 268 269 272 273 275 276 278 279 280 281 282 283 284 285 286 287 288 290 291 292 293 294 296 297 299 142 14 180 177 210 205 244 
Number of disconnected nodes: 236
Max available bandwidth: 7400 Kbps
Average throughput: 3076.69 Kbps
Throughput to bandwidth ratio: 0.415769
Packet loss percentage: 53.2853%
Average delay: 2491.29 ms
Average jitter: 711.607 ms
G_L: 0.2133

Nodes disconnected: 174 9 178 154 295 222 289 63 33 118 256 270 143 145 152 27 158 167 45 47 183 209 223 235 237 242 243 121 251 0 3 4 5 6 7 8 10 11 12 16 17 18 21 22 23 26 28 29 30 31 32 34 35 36 38 39 40 41 44 46 48 49 50 51 52 53 56 58 60 62 65 66 68 69 72 75 76 78 79 80 81 82 83 85 86 88 90 91 92 93 94 95 96 97 98 99 100 101 102 103 104 106 108 110 111 112 114 115 117 119 120 122 123 124 125 126 127 128 129 132 133 135 136 137 139 140 146 147 148 150 151 153 155 156 159 160 161 163 164 165 168 169 170 171 172 175 179 181 182 185 186 187 188 190 191 192 193 194 195 196 197 198 201 203 204 207 208 212 213 214 215 218 219 220 225 226 227 229 232 233 234 236 238 239 240 241 245 246 249 250 252 254 255 257 258 259 260 261 262 263 264 265 266 267 268 269 272 273 275 276 278 279 280 281 282 283 284 285 286 287 288 290 291 292 293 294 296 297 299 142 14 180 177 210 205 244 211 
Number of disconnected nodes: 237
Max available bandwidth: 7400 Kbps
Average throughput: 3048.03 Kbps
Throughput to bandwidth ratio: 0.411896
Packet loss percentage: 53.7275%
Average delay: 2763.52 ms
Average jitter: 674.823 ms
G_L: 0.21

Nodes disconnected: 174 9 178 154 295 222 289 63 33 118 256 270 143 145 152 27 158 167 45 47 183 209 223 235 237 242 243 121 251 0 3 4 5 6 7 8 10 11 12 16 17 18 21 22 23 26 28 29 30 31 32 34 35 36 38 39 40 41 44 46 48 49 50 51 52 53 56 58 60 62 65 66 68 69 72 75 76 78 79 80 81 82 83 85 86 88 90 91 92 93 94 95 96 97 98 99 100 101 102 103 104 106 108 110 111 112 114 115 117 119 120 122 123 124 125 126 127 128 129 132 133 135 136 137 139 140 146 147 148 150 151 153 155 156 159 160 161 163 164 165 168 169 170 171 172 175 179 181 182 185 186 187 188 190 191 192 193 194 195 196 197 198 201 203 204 207 208 212 213 214 215 218 219 220 225 226 227 229 232 233 234 236 238 239 240 241 245 246 249 250 252 254 255 257 258 259 260 261 262 263 264 265 266 267 268 269 272 273 275 276 278 279 280 281 282 283 284 285 286 287 288 290 291 292 293 294 296 297 299 142 14 180 177 210 205 244 211 231 74 157 54 253 
Number of disconnected nodes: 242
Max available bandwidth: 7000 Kbps
Average throughput: 2722.81 Kbps
Throughput to bandwidth ratio: 0.388973
Packet loss percentage: 54.3563%
Average delay: 2459.66 ms
Average jitter: 683.641 ms
G_L: 0.1933

Nodes disconnected: 174 9 178 154 295 222 289 63 33 118 256 270 143 145 152 27 158 167 45 47 183 209 223 235 237 242 243 121 251 0 3 4 5 6 7 8 10 11 12 16 17 18 21 22 23 26 28 29 30 31 32 34 35 36 38 39 40 41 44 46 48 49 50 51 52 53 56 58 60 62 65 66 68 69 72 75 76 78 79 80 81 82 83 85 86 88 90 91 92 93 94 95 96 97 98 99 100 101 102 103 104 106 108 110 111 112 114 115 117 119 120 122 123 124 125 126 127 128 129 132 133 135 136 137 139 140 146 147 148 150 151 153 155 156 159 160 161 163 164 165 168 169 170 171 172 175 179 181 182 185 186 187 188 190 191 192 193 194 195 196 197 198 201 203 204 207 208 212 213 214 215 218 219 220 225 226 227 229 232 233 234 236 238 239 240 241 245 246 249 250 252 254 255 257 258 259 260 261 262 263 264 265 266 267 268 269 272 273 275 276 278 279 280 281 282 283 284 285 286 287 288 290 291 292 293 294 296 297 299 142 14 180 177 210 205 244 211 231 74 157 54 253 64 37 134 184 221 
Number of disconnected nodes: 247
Max available bandwidth: 6500 Kbps
Average throughput: 2422.59 Kbps
Throughput to bandwidth ratio: 0.372707
Packet loss percentage: 55.5112%
Average delay: 2547.61 ms
Average jitter: 694.013 ms
G_L: 0.1767

Nodes disconnected: 174 9 178 154 295 222 289 63 33 118 256 270 143 145 152 27 158 167 45 47 183 209 223 235 237 242 243 121 251 0 3 4 5 6 7 8 10 11 12 16 17 18 21 22 23 26 28 29 30 31 32 34 35 36 38 39 40 41 44 46 48 49 50 51 52 53 56 58 60 62 65 66 68 69 72 75 76 78 79 80 81 82 83 85 86 88 90 91 92 93 94 95 96 97 98 99 100 101 102 103 104 106 108 110 111 112 114 115 117 119 120 122 123 124 125 126 127 128 129 132 133 135 136 137 139 140 146 147 148 150 151 153 155 156 159 160 161 163 164 165 168 169 170 171 172 175 179 181 182 185 186 187 188 190 191 192 193 194 195 196 197 198 201 203 204 207 208 212 213 214 215 218 219 220 225 226 227 229 232 233 234 236 238 239 240 241 245 246 249 250 252 254 255 257 258 259 260 261 262 263 264 265 266 267 268 269 272 273 275 276 278 279 280 281 282 283 284 285 286 287 288 290 291 292 293 294 296 297 299 142 14 180 177 210 205 244 211 231 74 157 54 253 64 37 134 184 221 109 
Number of disconnected nodes: 248
Max available bandwidth: 6400 Kbps
Average throughput: 2374.6 Kbps
Throughput to bandwidth ratio: 0.371031
Packet loss percentage: 55.0184%
Average delay: 2486.61 ms
Average jitter: 655.866 ms
G_L: 0.1733

Nodes disconnected: 174 9 178 154 295 222 289 63 33 118 256 270 143 145 152 27 158 167 45 47 183 209 223 235 237 242 243 121 251 0 3 4 5 6 7 8 10 11 12 16 17 18 21 22 23 26 28 29 30 31 32 34 35 36 38 39 40 41 44 46 48 49 50 51 52 53 56 58 60 62 65 66 68 69 72 75 76 78 79 80 81 82 83 85 86 88 90 91 92 93 94 95 96 97 98 99 100 101 102 103 104 106 108 110 111 112 114 115 117 119 120 122 123 124 125 126 127 128 129 132 133 135 136 137 139 140 146 147 148 150 151 153 155 156 159 160 161 163 164 165 168 169 170 171 172 175 179 181 182 185 186 187 188 190 191 192 193 194 195 196 197 198 201 203 204 207 208 212 213 214 215 218 219 220 225 226 227 229 232 233 234 236 238 239 240 241 245 246 249 250 252 254 255 257 258 259 260 261 262 263 264 265 266 267 268 269 272 273 275 276 278 279 280 281 282 283 284 285 286 287 288 290 291 292 293 294 296 297 299 142 14 180 177 210 205 244 211 231 74 157 54 253 64 37 134 184 221 109 70 
Number of disconnected nodes: 249
Max available bandwidth: 6300 Kbps
Average throughput: 2286.12 Kbps
Throughput to bandwidth ratio: 0.362876
Packet loss percentage: 55.9069%
Average delay: 2324.43 ms
Average jitter: 685.352 ms
G_L: 0.17

Nodes disconnected: 174 9 178 154 295 222 289 63 33 118 256 270 143 145 152 27 158 167 45 47 183 209 223 235 237 242 243 121 251 0 3 4 5 6 7 8 10 11 12 16 17 18 21 22 23 26 28 29 30 31 32 34 35 36 38 39 40 41 44 46 48 49 50 51 52 53 56 58 60 62 65 66 68 69 72 75 76 78 79 80 81 82 83 85 86 88 90 91 92 93 94 95 96 97 98 99 100 101 102 103 104 106 108 110 111 112 114 115 117 119 120 122 123 124 125 126 127 128 129 132 133 135 136 137 139 140 146 147 148 150 151 153 155 156 159 160 161 163 164 165 168 169 170 171 172 175 179 181 182 185 186 187 188 190 191 192 193 194 195 196 197 198 201 203 204 207 208 212 213 214 215 218 219 220 225 226 227 229 232 233 234 236 238 239 240 241 245 246 249 250 252 254 255 257 258 259 260 261 262 263 264 265 266 267 268 269 272 273 275 276 278 279 280 281 282 283 284 285 286 287 288 290 291 292 293 294 296 297 299 142 14 180 177 210 205 244 211 231 74 157 54 253 64 37 134 184 221 109 70 59 43 
Number of disconnected nodes: 251
Max available bandwidth: 6200 Kbps
Average throughput: 2169.16 Kbps
Throughput to bandwidth ratio: 0.349865
Packet loss percentage: 56.6583%
Average delay: 2126.92 ms
Average jitter: 653.862 ms
G_L: 0.1633

Nodes disconnected: 174 9 178 154 295 222 289 63 33 118 256 270 143 145 152 27 158 167 45 47 183 209 223 235 237 242 243 121 251 0 3 4 5 6 7 8 10 11 12 16 17 18 21 22 23 26 28 29 30 31 32 34 35 36 38 39 40 41 44 46 48 49 50 51 52 53 56 58 60 62 65 66 68 69 72 75 76 78 79 80 81 82 83 85 86 88 90 91 92 93 94 95 96 97 98 99 100 101 102 103 104 106 108 110 111 112 114 115 117 119 120 122 123 124 125 126 127 128 129 132 133 135 136 137 139 140 146 147 148 150 151 153 155 156 159 160 161 163 164 165 168 169 170 171 172 175 179 181 182 185 186 187 188 190 191 192 193 194 195 196 197 198 201 203 204 207 208 212 213 214 215 218 219 220 225 226 227 229 232 233 234 236 238 239 240 241 245 246 249 250 252 254 255 257 258 259 260 261 262 263 264 265 266 267 268 269 272 273 275 276 278 279 280 281 282 283 284 285 286 287 288 290 291 292 293 294 296 297 299 142 14 180 177 210 205 244 211 231 74 157 54 253 64 37 134 184 221 109 70 59 43 84 
Number of disconnected nodes: 252
Max available bandwidth: 6200 Kbps
Average throughput: 2093.09 Kbps
Throughput to bandwidth ratio: 0.337596
Packet loss percentage: 57.1693%
Average delay: 1746.86 ms
Average jitter: 646.598 ms
G_L: 0.16

Nodes disconnected: 174 9 178 154 295 222 289 63 33 118 256 270 143 145 152 27 158 167 45 47 183 209 223 235 237 242 243 121 251 0 3 4 5 6 7 8 10 11 12 16 17 18 21 22 23 26 28 29 30 31 32 34 35 36 38 39 40 41 44 46 48 49 50 51 52 53 56 58 60 62 65 66 68 69 72 75 76 78 79 80 81 82 83 85 86 88 90 91 92 93 94 95 96 97 98 99 100 101 102 103 104 106 108 110 111 112 114 115 117 119 120 122 123 124 125 126 127 128 129 132 133 135 136 137 139 140 146 147 148 150 151 153 155 156 159 160 161 163 164 165 168 169 170 171 172 175 179 181 182 185 186 187 188 190 191 192 193 194 195 196 197 198 201 203 204 207 208 212 213 214 215 218 219 220 225 226 227 229 232 233 234 236 238 239 240 241 245 246 249 250 252 254 255 257 258 259 260 261 262 263 264 265 266 267 268 269 272 273 275 276 278 279 280 281 282 283 284 285 286 287 288 290 291 292 293 294 296 297 299 142 14 180 177 210 205 244 211 231 74 157 54 253 64 37 134 184 221 109 70 59 43 84 199 
Number of disconnected nodes: 253
Max available bandwidth: 6200 Kbps
Average throughput: 1981.18 Kbps
Throughput to bandwidth ratio: 0.319546
Packet loss percentage: 58.1452%
Average delay: 2644.2 ms
Average jitter: 670.122 ms
G_L: 0.1567

Nodes disconnected: 174 9 178 154 295 222 289 63 33 118 256 270 143 145 152 27 158 167 45 47 183 209 223 235 237 242 243 121 251 0 3 4 5 6 7 8 10 11 12 16 17 18 21 22 23 26 28 29 30 31 32 34 35 36 38 39 40 41 44 46 48 49 50 51 52 53 56 58 60 62 65 66 68 69 72 75 76 78 79 80 81 82 83 85 86 88 90 91 92 93 94 95 96 97 98 99 100 101 102 103 104 106 108 110 111 112 114 115 117 119 120 122 123 124 125 126 127 128 129 132 133 135 136 137 139 140 146 147 148 150 151 153 155 156 159 160 161 163 164 165 168 169 170 171 172 175 179 181 182 185 186 187 188 190 191 192 193 194 195 196 197 198 201 203 204 207 208 212 213 214 215 218 219 220 225 226 227 229 232 233 234 236 238 239 240 241 245 246 249 250 252 254 255 257 258 259 260 261 262 263 264 265 266 267 268 269 272 273 275 276 278 279 280 281 282 283 284 285 286 287 288 290 291 292 293 294 296 297 299 142 14 180 177 210 205 244 211 231 74 157 54 253 64 37 134 184 221 109 70 59 43 84 199 247 
Number of disconnected nodes: 254
Max available bandwidth: 6200 Kbps
Average throughput: 1925.75 Kbps
Throughput to bandwidth ratio: 0.310606
Packet loss percentage: 58.3571%
Average delay: 1701.2 ms
Average jitter: 615.364 ms
G_L: 0.1533

Nodes disconnected: 174 9 178 154 295 222 289 63 33 118 256 270 143 145 152 27 158 167 45 47 183 209 223 235 237 242 243 121 251 0 3 4 5 6 7 8 10 11 12 16 17 18 21 22 23 26 28 29 30 31 32 34 35 36 38 39 40 41 44 46 48 49 50 51 52 53 56 58 60 62 65 66 68 69 72 75 76 78 79 80 81 82 83 85 86 88 90 91 92 93 94 95 96 97 98 99 100 101 102 103 104 106 108 110 111 112 114 115 117 119 120 122 123 124 125 126 127 128 129 132 133 135 136 137 139 140 146 147 148 150 151 153 155 156 159 160 161 163 164 165 168 169 170 171 172 175 179 181 182 185 186 187 188 190 191 192 193 194 195 196 197 198 201 203 204 207 208 212 213 214 215 218 219 220 225 226 227 229 232 233 234 236 238 239 240 241 245 246 249 250 252 254 255 257 258 259 260 261 262 263 264 265 266 267 268 269 272 273 275 276 278 279 280 281 282 283 284 285 286 287 288 290 291 292 293 294 296 297 299 142 14 180 177 210 205 244 211 231 74 157 54 253 64 37 134 184 221 109 70 59 43 84 199 247 144 224 
Number of disconnected nodes: 256
Max available bandwidth: 6100 Kbps
Average throughput: 1782.32 Kbps
Throughput to bandwidth ratio: 0.292184
Packet loss percentage: 59.678%
Average delay: 2012.87 ms
Average jitter: 650.636 ms
G_L: 0.1467

Nodes disconnected: 174 9 178 154 295 222 289 63 33 118 256 270 143 145 152 27 158 167 45 47 183 209 223 235 237 242 243 121 251 0 3 4 5 6 7 8 10 11 12 16 17 18 21 22 23 26 28 29 30 31 32 34 35 36 38 39 40 41 44 46 48 49 50 51 52 53 56 58 60 62 65 66 68 69 72 75 76 78 79 80 81 82 83 85 86 88 90 91 92 93 94 95 96 97 98 99 100 101 102 103 104 106 108 110 111 112 114 115 117 119 120 122 123 124 125 126 127 128 129 132 133 135 136 137 139 140 146 147 148 150 151 153 155 156 159 160 161 163 164 165 168 169 170 171 172 175 179 181 182 185 186 187 188 190 191 192 193 194 195 196 197 198 201 203 204 207 208 212 213 214 215 218 219 220 225 226 227 229 232 233 234 236 238 239 240 241 245 246 249 250 252 254 255 257 258 259 260 261 262 263 264 265 266 267 268 269 272 273 275 276 278 279 280 281 282 283 284 285 286 287 288 290 291 292 293 294 296 297 299 142 14 180 177 210 205 244 211 231 74 157 54 253 64 37 134 184 221 109 70 59 43 84 199 247 144 224 131 
Number of disconnected nodes: 257
Max available bandwidth: 6000 Kbps
Average throughput: 1685.77 Kbps
Throughput to bandwidth ratio: 0.280962
Packet loss percentage: 60.5808%
Average delay: 1889.82 ms
Average jitter: 511.091 ms
G_L: 0.1433

Nodes disconnected: 174 9 178 154 295 222 289 63 33 118 256 270 143 145 152 27 158 167 45 47 183 209 223 235 237 242 243 121 251 0 3 4 5 6 7 8 10 11 12 16 17 18 21 22 23 26 28 29 30 31 32 34 35 36 38 39 40 41 44 46 48 49 50 51 52 53 56 58 60 62 65 66 68 69 72 75 76 78 79 80 81 82 83 85 86 88 90 91 92 93 94 95 96 97 98 99 100 101 102 103 104 106 108 110 111 112 114 115 117 119 120 122 123 124 125 126 127 128 129 132 133 135 136 137 139 140 146 147 148 150 151 153 155 156 159 160 161 163 164 165 168 169 170 171 172 175 179 181 182 185 186 187 188 190 191 192 193 194 195 196 197 198 201 203 204 207 208 212 213 214 215 218 219 220 225 226 227 229 232 233 234 236 238 239 240 241 245 246 249 250 252 254 255 257 258 259 260 261 262 263 264 265 266 267 268 269 272 273 275 276 278 279 280 281 282 283 284 285 286 287 288 290 291 292 293 294 296 297 299 142 14 180 177 210 205 244 211 231 74 157 54 253 64 37 134 184 221 109 70 59 43 84 199 247 144 224 131 248 202 274 189 
Number of disconnected nodes: 261
Max available bandwidth: 5700 Kbps
Average throughput: 1633.94 Kbps
Throughput to bandwidth ratio: 0.286656
Packet loss percentage: 58.9251%
Average delay: 1406.31 ms
Average jitter: 547.005 ms
G_L: 0.13

Nodes disconnected: 174 9 178 154 295 222 289 63 33 118 256 270 143 145 152 27 158 167 45 47 183 209 223 235 237 242 243 121 251 0 3 4 5 6 7 8 10 11 12 16 17 18 21 22 23 26 28 29 30 31 32 34 35 36 38 39 40 41 44 46 48 49 50 51 52 53 56 58 60 62 65 66 68 69 72 75 76 78 79 80 81 82 83 85 86 88 90 91 92 93 94 95 96 97 98 99 100 101 102 103 104 106 108 110 111 112 114 115 117 119 120 122 123 124 125 126 127 128 129 132 133 135 136 137 139 140 146 147 148 150 151 153 155 156 159 160 161 163 164 165 168 169 170 171 172 175 179 181 182 185 186 187 188 190 191 192 193 194 195 196 197 198 201 203 204 207 208 212 213 214 215 218 219 220 225 226 227 229 232 233 234 236 238 239 240 241 245 246 249 250 252 254 255 257 258 259 260 261 262 263 264 265 266 267 268 269 272 273 275 276 278 279 280 281 282 283 284 285 286 287 288 290 291 292 293 294 296 297 299 142 14 180 177 210 205 244 211 231 74 157 54 253 64 37 134 184 221 109 70 59 43 84 199 247 144 224 131 248 202 274 189 200 
Number of disconnected nodes: 262
Max available bandwidth: 5700 Kbps
Average throughput: 1598.27 Kbps
Throughput to bandwidth ratio: 0.280399
Packet loss percentage: 59.212%
Average delay: 1643.21 ms
Average jitter: 503.161 ms
G_L: 0.1267

Nodes disconnected: 174 9 178 154 295 222 289 63 33 118 256 270 143 145 152 27 158 167 45 47 183 209 223 235 237 242 243 121 251 0 3 4 5 6 7 8 10 11 12 16 17 18 21 22 23 26 28 29 30 31 32 34 35 36 38 39 40 41 44 46 48 49 50 51 52 53 56 58 60 62 65 66 68 69 72 75 76 78 79 80 81 82 83 85 86 88 90 91 92 93 94 95 96 97 98 99 100 101 102 103 104 106 108 110 111 112 114 115 117 119 120 122 123 124 125 126 127 128 129 132 133 135 136 137 139 140 146 147 148 150 151 153 155 156 159 160 161 163 164 165 168 169 170 171 172 175 179 181 182 185 186 187 188 190 191 192 193 194 195 196 197 198 201 203 204 207 208 212 213 214 215 218 219 220 225 226 227 229 232 233 234 236 238 239 240 241 245 246 249 250 252 254 255 257 258 259 260 261 262 263 264 265 266 267 268 269 272 273 275 276 278 279 280 281 282 283 284 285 286 287 288 290 291 292 293 294 296 297 299 142 14 180 177 210 205 244 211 231 74 157 54 253 64 37 134 184 221 109 70 59 43 84 199 247 144 224 131 248 202 274 189 200 13 149 
Number of disconnected nodes: 264
Max available bandwidth: 5600 Kbps
Average throughput: 1479.03 Kbps
Throughput to bandwidth ratio: 0.264112
Packet loss percentage: 60.1876%
Average delay: 1868.65 ms
Average jitter: 536.697 ms
G_L: 0.12

Nodes disconnected: 174 9 178 154 295 222 289 63 33 118 256 270 143 145 152 27 158 167 45 47 183 209 223 235 237 242 243 121 251 0 3 4 5 6 7 8 10 11 12 16 17 18 21 22 23 26 28 29 30 31 32 34 35 36 38 39 40 41 44 46 48 49 50 51 52 53 56 58 60 62 65 66 68 69 72 75 76 78 79 80 81 82 83 85 86 88 90 91 92 93 94 95 96 97 98 99 100 101 102 103 104 106 108 110 111 112 114 115 117 119 120 122 123 124 125 126 127 128 129 132 133 135 136 137 139 140 146 147 148 150 151 153 155 156 159 160 161 163 164 165 168 169 170 171 172 175 179 181 182 185 186 187 188 190 191 192 193 194 195 196 197 198 201 203 204 207 208 212 213 214 215 218 219 220 225 226 227 229 232 233 234 236 238 239 240 241 245 246 249 250 252 254 255 257 258 259 260 261 262 263 264 265 266 267 268 269 272 273 275 276 278 279 280 281 282 283 284 285 286 287 288 290 291 292 293 294 296 297 299 142 14 180 177 210 205 244 211 231 74 157 54 253 64 37 134 184 221 109 70 59 43 84 199 247 144 224 131 248 202 274 189 200 13 149 20 
Number of disconnected nodes: 265
Max available bandwidth: 5500 Kbps
Average throughput: 1381.55 Kbps
Throughput to bandwidth ratio: 0.251192
Packet loss percentage: 61.2849%
Average delay: 1636.44 ms
Average jitter: 524.858 ms
G_L: 0.1167

Nodes disconnected: 174 9 178 154 295 222 289 63 33 118 256 270 143 145 152 27 158 167 45 47 183 209 223 235 237 242 243 121 251 0 3 4 5 6 7 8 10 11 12 16 17 18 21 22 23 26 28 29 30 31 32 34 35 36 38 39 40 41 44 46 48 49 50 51 52 53 56 58 60 62 65 66 68 69 72 75 76 78 79 80 81 82 83 85 86 88 90 91 92 93 94 95 96 97 98 99 100 101 102 103 104 106 108 110 111 112 114 115 117 119 120 122 123 124 125 126 127 128 129 132 133 135 136 137 139 140 146 147 148 150 151 153 155 156 159 160 161 163 164 165 168 169 170 171 172 175 179 181 182 185 186 187 188 190 191 192 193 194 195 196 197 198 201 203 204 207 208 212 213 214 215 218 219 220 225 226 227 229 232 233 234 236 238 239 240 241 245 246 249 250 252 254 255 257 258 259 260 261 262 263 264 265 266 267 268 269 272 273 275 276 278 279 280 281 282 283 284 285 286 287 288 290 291 292 293 294 296 297 299 142 14 180 177 210 205 244 211 231 74 157 54 253 64 37 134 184 221 109 70 59 43 84 199 247 144 224 131 248 202 274 189 200 13 149 20 162 105 216 89 61 25 
Number of disconnected nodes: 271
Max available bandwidth: 4800 Kbps
Average throughput: 1133.39 Kbps
Throughput to bandwidth ratio: 0.236123
Packet loss percentage: 62.1481%
Average delay: 4443.37 ms
Average jitter: 1044.46 ms
G_L: 0.0967

Nodes disconnected: 174 9 178 154 295 222 289 63 33 118 256 270 143 145 152 27 158 167 45 47 183 209 223 235 237 242 243 121 251 0 3 4 5 6 7 8 10 11 12 16 17 18 21 22 23 26 28 29 30 31 32 34 35 36 38 39 40 41 44 46 48 49 50 51 52 53 56 58 60 62 65 66 68 69 72 75 76 78 79 80 81 82 83 85 86 88 90 91 92 93 94 95 96 97 98 99 100 101 102 103 104 106 108 110 111 112 114 115 117 119 120 122 123 124 125 126 127 128 129 132 133 135 136 137 139 140 146 147 148 150 151 153 155 156 159 160 161 163 164 165 168 169 170 171 172 175 179 181 182 185 186 187 188 190 191 192 193 194 195 196 197 198 201 203 204 207 208 212 213 214 215 218 219 220 225 226 227 229 232 233 234 236 238 239 240 241 245 246 249 250 252 254 255 257 258 259 260 261 262 263 264 265 266 267 268 269 272 273 275 276 278 279 280 281 282 283 284 285 286 287 288 290 291 292 293 294 296 297 299 142 14 180 177 210 205 244 211 231 74 157 54 253 64 37 134 184 221 109 70 59 43 84 199 247 144 224 131 248 202 274 189 200 13 149 20 162 105 216 89 61 25 176 138 298 
Number of disconnected nodes: 274
Max available bandwidth: 4700 Kbps
Average throughput: 1023.29 Kbps
Throughput to bandwidth ratio: 0.217722
Packet loss percentage: 61.3652%
Average delay: 5683.36 ms
Average jitter: 953.391 ms
G_L: 0.0867

Nodes disconnected: 174 9 178 154 295 222 289 63 33 118 256 270 143 145 152 27 158 167 45 47 183 209 223 235 237 242 243 121 251 0 3 4 5 6 7 8 10 11 12 16 17 18 21 22 23 26 28 29 30 31 32 34 35 36 38 39 40 41 44 46 48 49 50 51 52 53 56 58 60 62 65 66 68 69 72 75 76 78 79 80 81 82 83 85 86 88 90 91 92 93 94 95 96 97 98 99 100 101 102 103 104 106 108 110 111 112 114 115 117 119 120 122 123 124 125 126 127 128 129 132 133 135 136 137 139 140 146 147 148 150 151 153 155 156 159 160 161 163 164 165 168 169 170 171 172 175 179 181 182 185 186 187 188 190 191 192 193 194 195 196 197 198 201 203 204 207 208 212 213 214 215 218 219 220 225 226 227 229 232 233 234 236 238 239 240 241 245 246 249 250 252 254 255 257 258 259 260 261 262 263 264 265 266 267 268 269 272 273 275 276 278 279 280 281 282 283 284 285 286 287 288 290 291 292 293 294 296 297 299 142 14 180 177 210 205 244 211 231 74 157 54 253 64 37 134 184 221 109 70 59 43 84 199 247 144 224 131 248 202 274 189 200 13 149 20 162 105 216 89 61 25 176 138 298 1 2 130 141 15 271 19 277 24 166 42 173 55 57 67 71 73 77 206 87 217 228 230 107 113 116 
Number of disconnected nodes: 300
Max available bandwidth: 0 Kbps
Average throughput: 0 Kbps
Throughput to bandwidth ratio: -nan
Packet loss percentage: -nan%
Average delay: -nan ms
Average jitter: -nan ms
G_L: 0

