Nodes disconnected: 
Number of disconnected nodes: 0
Max available bandwidth: 33400 Kbps
Average throughput: 17782.7 Kbps
Throughput to bandwidth ratio: 0.532416
Packet loss percentage: 4.98918%
Average delay: 9501.92 ms
Average jitter: 4425.26 ms
G_L: 1

Nodes disconnected: 128 
Number of disconnected nodes: 1
Max available bandwidth: 33400 Kbps
Average throughput: 17576.2 Kbps
Throughput to bandwidth ratio: 0.526234
Packet loss percentage: 5.05314%
Average delay: 7917.18 ms
Average jitter: 3679.28 ms
G_L: 0.9967

Nodes disconnected: 128 4 
Number of disconnected nodes: 2
Max available bandwidth: 33300 Kbps
Average throughput: 17518.8 Kbps
Throughput to bandwidth ratio: 0.526091
Packet loss percentage: 4.95406%
Average delay: 10893.8 ms
Average jitter: 5502.41 ms
G_L: 0.9933

Nodes disconnected: 128 4 0 3 5 6 8 9 10 12 16 17 19 21 23 26 28 29 30 32 33 34 35 38 39 40 41 44 46 48 49 50 52 53 58 60 62 65 66 68 69 72 75 76 79 83 86 87 88 90 91 92 95 96 97 98 99 100 102 103 104 108 110 111 112 114 115 116 117 118 119 122 123 124 125 126 132 133 135 136 137 146 147 148 150 155 156 159 160 163 165 168 169 170 171 172 175 179 181 182 185 186 187 190 191 192 193 195 196 197 198 201 207 208 212 213 215 219 220 227 229 232 233 234 236 238 239 240 241 245 249 257 258 259 261 262 263 264 265 267 272 273 275 278 281 286 288 290 292 293 294 296 297 
Number of disconnected nodes: 153
Max available bandwidth: 15500 Kbps
Average throughput: 8412.36 Kbps
Throughput to bandwidth ratio: 0.542733
Packet loss percentage: 22.1834%
Average delay: 6927.34 ms
Average jitter: 2602.42 ms
G_L: 0.49

Nodes disconnected: 128 4 0 3 5 6 8 9 10 12 16 17 19 21 23 26 28 29 30 32 33 34 35 38 39 40 41 44 46 48 49 50 52 53 58 60 62 65 66 68 69 72 75 76 79 83 86 87 88 90 91 92 95 96 97 98 99 100 102 103 104 108 110 111 112 114 115 116 117 118 119 122 123 124 125 126 132 133 135 136 137 146 147 148 150 155 156 159 160 163 165 168 169 170 171 172 175 179 181 182 185 186 187 190 191 192 193 195 196 197 198 201 207 208 212 213 215 219 220 227 229 232 233 234 236 238 239 240 241 245 249 257 258 259 261 262 263 264 265 267 272 273 275 278 281 286 288 290 292 293 294 296 297 203 204 214 
Number of disconnected nodes: 156
Max available bandwidth: 15200 Kbps
Average throughput: 8186.48 Kbps
Throughput to bandwidth ratio: 0.538584
Packet loss percentage: 22.4533%
Average delay: 6631.21 ms
Average jitter: 2621.07 ms
G_L: 0.48

Nodes disconnected: 128 4 0 3 5 6 8 9 10 12 16 17 19 21 23 26 28 29 30 32 33 34 35 38 39 40 41 44 46 48 49 50 52 53 58 60 62 65 66 68 69 72 75 76 79 83 86 87 88 90 91 92 95 96 97 98 99 100 102 103 104 108 110 111 112 114 115 116 117 118 119 122 123 124 125 126 132 133 135 136 137 146 147 148 150 155 156 159 160 163 165 168 169 170 171 172 175 179 181 182 185 186 187 190 191 192 193 195 196 197 198 201 207 208 212 213 215 219 220 227 229 232 233 234 236 238 239 240 241 245 249 257 258 259 261 262 263 264 265 267 272 273 275 278 281 286 288 290 292 293 294 296 297 203 204 214 161 225 250 178 151 153 154 94 
Number of disconnected nodes: 164
Max available bandwidth: 14500 Kbps
Average throughput: 7744.55 Kbps
Throughput to bandwidth ratio: 0.534107
Packet loss percentage: 21.9761%
Average delay: 7767.58 ms
Average jitter: 3481.78 ms
G_L: 0.4533

Nodes disconnected: 128 4 0 3 5 6 8 9 10 12 16 17 19 21 23 26 28 29 30 32 33 34 35 38 39 40 41 44 46 48 49 50 52 53 58 60 62 65 66 68 69 72 75 76 79 83 86 87 88 90 91 92 95 96 97 98 99 100 102 103 104 108 110 111 112 114 115 116 117 118 119 122 123 124 125 126 132 133 135 136 137 146 147 148 150 155 156 159 160 163 165 168 169 170 171 172 175 179 181 182 185 186 187 190 191 192 193 195 196 197 198 201 207 208 212 213 215 219 220 227 229 232 233 234 236 238 239 240 241 245 249 257 258 259 261 262 263 264 265 267 272 273 275 278 281 286 288 290 292 293 294 296 297 203 204 214 161 225 250 178 151 153 154 94 2 277 
Number of disconnected nodes: 166
Max available bandwidth: 14400 Kbps
Average throughput: 7568.66 Kbps
Throughput to bandwidth ratio: 0.525601
Packet loss percentage: 23.6165%
Average delay: 8448.57 ms
Average jitter: 3151.2 ms
G_L: 0.4467

Nodes disconnected: 128 4 0 3 5 6 8 9 10 12 16 17 19 21 23 26 28 29 30 32 33 34 35 38 39 40 41 44 46 48 49 50 52 53 58 60 62 65 66 68 69 72 75 76 79 83 86 87 88 90 91 92 95 96 97 98 99 100 102 103 104 108 110 111 112 114 115 116 117 118 119 122 123 124 125 126 132 133 135 136 137 146 147 148 150 155 156 159 160 163 165 168 169 170 171 172 175 179 181 182 185 186 187 190 191 192 193 195 196 197 198 201 207 208 212 213 215 219 220 227 229 232 233 234 236 238 239 240 241 245 249 257 258 259 261 262 263 264 265 267 272 273 275 278 281 286 288 290 292 293 294 296 297 203 204 214 161 225 250 178 151 153 154 94 2 277 180 237 
Number of disconnected nodes: 168
Max available bandwidth: 14200 Kbps
Average throughput: 7527.04 Kbps
Throughput to bandwidth ratio: 0.530073
Packet loss percentage: 21.523%
Average delay: 7580.16 ms
Average jitter: 2832.44 ms
G_L: 0.44

Nodes disconnected: 128 4 0 3 5 6 8 9 10 12 16 17 19 21 23 26 28 29 30 32 33 34 35 38 39 40 41 44 46 48 49 50 52 53 58 60 62 65 66 68 69 72 75 76 79 83 86 87 88 90 91 92 95 96 97 98 99 100 102 103 104 108 110 111 112 114 115 116 117 118 119 122 123 124 125 126 132 133 135 136 137 146 147 148 150 155 156 159 160 163 165 168 169 170 171 172 175 179 181 182 185 186 187 190 191 192 193 195 196 197 198 201 207 208 212 213 215 219 220 227 229 232 233 234 236 238 239 240 241 245 249 257 258 259 261 262 263 264 265 267 272 273 275 278 281 286 288 290 292 293 294 296 297 203 204 214 161 225 250 178 151 153 154 94 2 277 180 237 289 63 
Number of disconnected nodes: 170
Max available bandwidth: 14000 Kbps
Average throughput: 7270.58 Kbps
Throughput to bandwidth ratio: 0.519327
Packet loss percentage: 20.9474%
Average delay: 7552.9 ms
Average jitter: 3213.34 ms
G_L: 0.4333

Nodes disconnected: 128 4 0 3 5 6 8 9 10 12 16 17 19 21 23 26 28 29 30 32 33 34 35 38 39 40 41 44 46 48 49 50 52 53 58 60 62 65 66 68 69 72 75 76 79 83 86 87 88 90 91 92 95 96 97 98 99 100 102 103 104 108 110 111 112 114 115 116 117 118 119 122 123 124 125 126 132 133 135 136 137 146 147 148 150 155 156 159 160 163 165 168 169 170 171 172 175 179 181 182 185 186 187 190 191 192 193 195 196 197 198 201 207 208 212 213 215 219 220 227 229 232 233 234 236 238 239 240 241 245 249 257 258 259 261 262 263 264 265 267 272 273 275 278 281 286 288 290 292 293 294 296 297 203 204 214 161 225 250 178 151 153 154 94 2 277 180 237 289 63 51 127 
Number of disconnected nodes: 172
Max available bandwidth: 13800 Kbps
Average throughput: 7003.45 Kbps
Throughput to bandwidth ratio: 0.507496
Packet loss percentage: 23.5463%
Average delay: 8149 ms
Average jitter: 3079.08 ms
G_L: 0.4267

Nodes disconnected: 128 4 0 3 5 6 8 9 10 12 16 17 19 21 23 26 28 29 30 32 33 34 35 38 39 40 41 44 46 48 49 50 52 53 58 60 62 65 66 68 69 72 75 76 79 83 86 87 88 90 91 92 95 96 97 98 99 100 102 103 104 108 110 111 112 114 115 116 117 118 119 122 123 124 125 126 132 133 135 136 137 146 147 148 150 155 156 159 160 163 165 168 169 170 171 172 175 179 181 182 185 186 187 190 191 192 193 195 196 197 198 201 207 208 212 213 215 219 220 227 229 232 233 234 236 238 239 240 241 245 249 257 258 259 261 262 263 264 265 267 272 273 275 278 281 286 288 290 292 293 294 296 297 203 204 214 161 225 250 178 151 153 154 94 2 277 180 237 289 63 51 127 129 
Number of disconnected nodes: 173
Max available bandwidth: 13700 Kbps
Average throughput: 7320.82 Kbps
Throughput to bandwidth ratio: 0.534366
Packet loss percentage: 23.0053%
Average delay: 6473.25 ms
Average jitter: 2103 ms
G_L: 0.4233

Nodes disconnected: 128 4 0 3 5 6 8 9 10 12 16 17 19 21 23 26 28 29 30 32 33 34 35 38 39 40 41 44 46 48 49 50 52 53 58 60 62 65 66 68 69 72 75 76 79 83 86 87 88 90 91 92 95 96 97 98 99 100 102 103 104 108 110 111 112 114 115 116 117 118 119 122 123 124 125 126 132 133 135 136 137 146 147 148 150 155 156 159 160 163 165 168 169 170 171 172 175 179 181 182 185 186 187 190 191 192 193 195 196 197 198 201 207 208 212 213 215 219 220 227 229 232 233 234 236 238 239 240 241 245 249 257 258 259 261 262 263 264 265 267 272 273 275 278 281 286 288 290 292 293 294 296 297 203 204 214 161 225 250 178 151 153 154 94 2 277 180 237 289 63 51 127 129 64 184 
Number of disconnected nodes: 175
Max available bandwidth: 13500 Kbps
Average throughput: 6989.39 Kbps
Throughput to bandwidth ratio: 0.517733
Packet loss percentage: 23.0317%
Average delay: 7075.73 ms
Average jitter: 2907.45 ms
G_L: 0.4167

Nodes disconnected: 128 4 0 3 5 6 8 9 10 12 16 17 19 21 23 26 28 29 30 32 33 34 35 38 39 40 41 44 46 48 49 50 52 53 58 60 62 65 66 68 69 72 75 76 79 83 86 87 88 90 91 92 95 96 97 98 99 100 102 103 104 108 110 111 112 114 115 116 117 118 119 122 123 124 125 126 132 133 135 136 137 146 147 148 150 155 156 159 160 163 165 168 169 170 171 172 175 179 181 182 185 186 187 190 191 192 193 195 196 197 198 201 207 208 212 213 215 219 220 227 229 232 233 234 236 238 239 240 241 245 249 257 258 259 261 262 263 264 265 267 272 273 275 278 281 286 288 290 292 293 294 296 297 203 204 214 161 225 250 178 151 153 154 94 2 277 180 237 289 63 51 127 129 64 184 56 18 
Number of disconnected nodes: 177
Max available bandwidth: 13300 Kbps
Average throughput: 6897.88 Kbps
Throughput to bandwidth ratio: 0.518638
Packet loss percentage: 23.6435%
Average delay: 7344.97 ms
Average jitter: 2787.23 ms
G_L: 0.41

Nodes disconnected: 128 4 0 3 5 6 8 9 10 12 16 17 19 21 23 26 28 29 30 32 33 34 35 38 39 40 41 44 46 48 49 50 52 53 58 60 62 65 66 68 69 72 75 76 79 83 86 87 88 90 91 92 95 96 97 98 99 100 102 103 104 108 110 111 112 114 115 116 117 118 119 122 123 124 125 126 132 133 135 136 137 146 147 148 150 155 156 159 160 163 165 168 169 170 171 172 175 179 181 182 185 186 187 190 191 192 193 195 196 197 198 201 207 208 212 213 215 219 220 227 229 232 233 234 236 238 239 240 241 245 249 257 258 259 261 262 263 264 265 267 272 273 275 278 281 286 288 290 292 293 294 296 297 203 204 214 161 225 250 178 151 153 154 94 2 277 180 237 289 63 51 127 129 64 184 56 18 194 67 109 71 
Number of disconnected nodes: 181
Max available bandwidth: 13000 Kbps
Average throughput: 6762.9 Kbps
Throughput to bandwidth ratio: 0.520223
Packet loss percentage: 23.7973%
Average delay: 6974.19 ms
Average jitter: 2501.74 ms
G_L: 0.3967

Nodes disconnected: 128 4 0 3 5 6 8 9 10 12 16 17 19 21 23 26 28 29 30 32 33 34 35 38 39 40 41 44 46 48 49 50 52 53 58 60 62 65 66 68 69 72 75 76 79 83 86 87 88 90 91 92 95 96 97 98 99 100 102 103 104 108 110 111 112 114 115 116 117 118 119 122 123 124 125 126 132 133 135 136 137 146 147 148 150 155 156 159 160 163 165 168 169 170 171 172 175 179 181 182 185 186 187 190 191 192 193 195 196 197 198 201 207 208 212 213 215 219 220 227 229 232 233 234 236 238 239 240 241 245 249 257 258 259 261 262 263 264 265 267 272 273 275 278 281 286 288 290 292 293 294 296 297 203 204 214 161 225 250 178 151 153 154 94 2 277 180 237 289 63 51 127 129 64 184 56 18 194 67 109 71 248 202 
Number of disconnected nodes: 183
Max available bandwidth: 12800 Kbps
Average throughput: 6700.96 Kbps
Throughput to bandwidth ratio: 0.523513
Packet loss percentage: 25.9128%
Average delay: 6185.3 ms
Average jitter: 2243.73 ms
G_L: 0.39

Nodes disconnected: 128 4 0 3 5 6 8 9 10 12 16 17 19 21 23 26 28 29 30 32 33 34 35 38 39 40 41 44 46 48 49 50 52 53 58 60 62 65 66 68 69 72 75 76 79 83 86 87 88 90 91 92 95 96 97 98 99 100 102 103 104 108 110 111 112 114 115 116 117 118 119 122 123 124 125 126 132 133 135 136 137 146 147 148 150 155 156 159 160 163 165 168 169 170 171 172 175 179 181 182 185 186 187 190 191 192 193 195 196 197 198 201 207 208 212 213 215 219 220 227 229 232 233 234 236 238 239 240 241 245 249 257 258 259 261 262 263 264 265 267 272 273 275 278 281 286 288 290 292 293 294 296 297 203 204 214 161 225 250 178 151 153 154 94 2 277 180 237 289 63 51 127 129 64 184 56 18 194 67 109 71 248 202 70 
Number of disconnected nodes: 184
Max available bandwidth: 12700 Kbps
Average throughput: 6722.29 Kbps
Throughput to bandwidth ratio: 0.529314
Packet loss percentage: 24.9848%
Average delay: 8345.28 ms
Average jitter: 2991.78 ms
G_L: 0.3867

Nodes disconnected: 128 4 0 3 5 6 8 9 10 12 16 17 19 21 23 26 28 29 30 32 33 34 35 38 39 40 41 44 46 48 49 50 52 53 58 60 62 65 66 68 69 72 75 76 79 83 86 87 88 90 91 92 95 96 97 98 99 100 102 103 104 108 110 111 112 114 115 116 117 118 119 122 123 124 125 126 132 133 135 136 137 146 147 148 150 155 156 159 160 163 165 168 169 170 171 172 175 179 181 182 185 186 187 190 191 192 193 195 196 197 198 201 207 208 212 213 215 219 220 227 229 232 233 234 236 238 239 240 241 245 249 257 258 259 261 262 263 264 265 267 272 273 275 278 281 286 288 290 292 293 294 296 297 203 204 214 161 225 250 178 151 153 154 94 2 277 180 237 289 63 51 127 129 64 184 56 18 194 67 109 71 248 202 70 1 130 231 200 74 141 206 20 54 24 253 157 
Number of disconnected nodes: 196
Max available bandwidth: 11600 Kbps
Average throughput: 6204.22 Kbps
Throughput to bandwidth ratio: 0.534846
Packet loss percentage: 24.5669%
Average delay: 6634.14 ms
Average jitter: 2470.27 ms
G_L: 0.3467

Nodes disconnected: 128 4 0 3 5 6 8 9 10 12 16 17 19 21 23 26 28 29 30 32 33 34 35 38 39 40 41 44 46 48 49 50 52 53 58 60 62 65 66 68 69 72 75 76 79 83 86 87 88 90 91 92 95 96 97 98 99 100 102 103 104 108 110 111 112 114 115 116 117 118 119 122 123 124 125 126 132 133 135 136 137 146 147 148 150 155 156 159 160 163 165 168 169 170 171 172 175 179 181 182 185 186 187 190 191 192 193 195 196 197 198 201 207 208 212 213 215 219 220 227 229 232 233 234 236 238 239 240 241 245 249 257 258 259 261 262 263 264 265 267 272 273 275 278 281 286 288 290 292 293 294 296 297 203 204 214 161 225 250 178 151 153 154 94 2 277 180 237 289 63 51 127 129 64 184 56 18 194 67 109 71 248 202 70 1 130 231 200 74 141 206 20 54 24 253 157 89 25 
Number of disconnected nodes: 198
Max available bandwidth: 11200 Kbps
Average throughput: 6130.24 Kbps
Throughput to bandwidth ratio: 0.547343
Packet loss percentage: 23.6926%
Average delay: 6952.47 ms
Average jitter: 2548.62 ms
G_L: 0.34

Nodes disconnected: 128 4 0 3 5 6 8 9 10 12 16 17 19 21 23 26 28 29 30 32 33 34 35 38 39 40 41 44 46 48 49 50 52 53 58 60 62 65 66 68 69 72 75 76 79 83 86 87 88 90 91 92 95 96 97 98 99 100 102 103 104 108 110 111 112 114 115 116 117 118 119 122 123 124 125 126 132 133 135 136 137 146 147 148 150 155 156 159 160 163 165 168 169 170 171 172 175 179 181 182 185 186 187 190 191 192 193 195 196 197 198 201 207 208 212 213 215 219 220 227 229 232 233 234 236 238 239 240 241 245 249 257 258 259 261 262 263 264 265 267 272 273 275 278 281 286 288 290 292 293 294 296 297 203 204 214 161 225 250 178 151 153 154 94 2 277 180 237 289 63 51 127 129 64 184 56 18 194 67 109 71 248 202 70 1 130 231 200 74 141 206 20 54 24 253 157 89 25 37 166 134 177 210 274 221 189 
Number of disconnected nodes: 206
Max available bandwidth: 10400 Kbps
Average throughput: 5642.58 Kbps
Throughput to bandwidth ratio: 0.542556
Packet loss percentage: 22.9877%
Average delay: 6534.29 ms
Average jitter: 2145.48 ms
G_L: 0.3133

Nodes disconnected: 128 4 0 3 5 6 8 9 10 12 16 17 19 21 23 26 28 29 30 32 33 34 35 38 39 40 41 44 46 48 49 50 52 53 58 60 62 65 66 68 69 72 75 76 79 83 86 87 88 90 91 92 95 96 97 98 99 100 102 103 104 108 110 111 112 114 115 116 117 118 119 122 123 124 125 126 132 133 135 136 137 146 147 148 150 155 156 159 160 163 165 168 169 170 171 172 175 179 181 182 185 186 187 190 191 192 193 195 196 197 198 201 207 208 212 213 215 219 220 227 229 232 233 234 236 238 239 240 241 245 249 257 258 259 261 262 263 264 265 267 272 273 275 278 281 286 288 290 292 293 294 296 297 203 204 214 161 225 250 178 151 153 154 94 2 277 180 237 289 63 51 127 129 64 184 56 18 194 67 109 71 248 202 70 1 130 231 200 74 141 206 20 54 24 253 157 89 25 37 166 134 177 210 274 221 189 42 279 246 31 
Number of disconnected nodes: 210
Max available bandwidth: 10100 Kbps
Average throughput: 5267.15 Kbps
Throughput to bandwidth ratio: 0.5215
Packet loss percentage: 21.9952%
Average delay: 7347.16 ms
Average jitter: 2118.42 ms
G_L: 0.3

Nodes disconnected: 128 4 0 3 5 6 8 9 10 12 16 17 19 21 23 26 28 29 30 32 33 34 35 38 39 40 41 44 46 48 49 50 52 53 58 60 62 65 66 68 69 72 75 76 79 83 86 87 88 90 91 92 95 96 97 98 99 100 102 103 104 108 110 111 112 114 115 116 117 118 119 122 123 124 125 126 132 133 135 136 137 146 147 148 150 155 156 159 160 163 165 168 169 170 171 172 175 179 181 182 185 186 187 190 191 192 193 195 196 197 198 201 207 208 212 213 215 219 220 227 229 232 233 234 236 238 239 240 241 245 249 257 258 259 261 262 263 264 265 267 272 273 275 278 281 286 288 290 292 293 294 296 297 203 204 214 161 225 250 178 151 153 154 94 2 277 180 237 289 63 51 127 129 64 184 56 18 194 67 109 71 248 202 70 1 130 231 200 74 141 206 20 54 24 253 157 89 25 37 166 134 177 210 274 221 189 42 279 246 31 11 
Number of disconnected nodes: 211
Max available bandwidth: 9900 Kbps
Average throughput: 5304.09 Kbps
Throughput to bandwidth ratio: 0.535767
Packet loss percentage: 25.0269%
Average delay: 7188.08 ms
Average jitter: 2444 ms
G_L: 0.2967

Nodes disconnected: 128 4 0 3 5 6 8 9 10 12 16 17 19 21 23 26 28 29 30 32 33 34 35 38 39 40 41 44 46 48 49 50 52 53 58 60 62 65 66 68 69 72 75 76 79 83 86 87 88 90 91 92 95 96 97 98 99 100 102 103 104 108 110 111 112 114 115 116 117 118 119 122 123 124 125 126 132 133 135 136 137 146 147 148 150 155 156 159 160 163 165 168 169 170 171 172 175 179 181 182 185 186 187 190 191 192 193 195 196 197 198 201 207 208 212 213 215 219 220 227 229 232 233 234 236 238 239 240 241 245 249 257 258 259 261 262 263 264 265 267 272 273 275 278 281 286 288 290 292 293 294 296 297 203 204 214 161 225 250 178 151 153 154 94 2 277 180 237 289 63 51 127 129 64 184 56 18 194 67 109 71 248 202 70 1 130 231 200 74 141 206 20 54 24 253 157 89 25 37 166 134 177 210 274 221 189 42 279 246 31 11 144 224 
Number of disconnected nodes: 213
Max available bandwidth: 9800 Kbps
Average throughput: 5166.87 Kbps
Throughput to bandwidth ratio: 0.527232
Packet loss percentage: 27.7909%
Average delay: 6746.84 ms
Average jitter: 1869.11 ms
G_L: 0.29

Nodes disconnected: 128 4 0 3 5 6 8 9 10 12 16 17 19 21 23 26 28 29 30 32 33 34 35 38 39 40 41 44 46 48 49 50 52 53 58 60 62 65 66 68 69 72 75 76 79 83 86 87 88 90 91 92 95 96 97 98 99 100 102 103 104 108 110 111 112 114 115 116 117 118 119 122 123 124 125 126 132 133 135 136 137 146 147 148 150 155 156 159 160 163 165 168 169 170 171 172 175 179 181 182 185 186 187 190 191 192 193 195 196 197 198 201 207 208 212 213 215 219 220 227 229 232 233 234 236 238 239 240 241 245 249 257 258 259 261 262 263 264 265 267 272 273 275 278 281 286 288 290 292 293 294 296 297 203 204 214 161 225 250 178 151 153 154 94 2 277 180 237 289 63 51 127 129 64 184 56 18 194 67 109 71 248 202 70 1 130 231 200 74 141 206 20 54 24 253 157 89 25 37 166 134 177 210 274 221 189 42 279 246 31 11 144 224 287 
Number of disconnected nodes: 214
Max available bandwidth: 9800 Kbps
Average throughput: 5305.76 Kbps
Throughput to bandwidth ratio: 0.541404
Packet loss percentage: 25.3779%
Average delay: 6181.96 ms
Average jitter: 1888.06 ms
G_L: 0.2867

Nodes disconnected: 128 4 0 3 5 6 8 9 10 12 16 17 19 21 23 26 28 29 30 32 33 34 35 38 39 40 41 44 46 48 49 50 52 53 58 60 62 65 66 68 69 72 75 76 79 83 86 87 88 90 91 92 95 96 97 98 99 100 102 103 104 108 110 111 112 114 115 116 117 118 119 122 123 124 125 126 132 133 135 136 137 146 147 148 150 155 156 159 160 163 165 168 169 170 171 172 175 179 181 182 185 186 187 190 191 192 193 195 196 197 198 201 207 208 212 213 215 219 220 227 229 232 233 234 236 238 239 240 241 245 249 257 258 259 261 262 263 264 265 267 272 273 275 278 281 286 288 290 292 293 294 296 297 203 204 214 161 225 250 178 151 153 154 94 2 277 180 237 289 63 51 127 129 64 184 56 18 194 67 109 71 248 202 70 1 130 231 200 74 141 206 20 54 24 253 157 89 25 37 166 134 177 210 274 221 189 42 279 246 31 11 144 224 287 223 
Number of disconnected nodes: 215
Max available bandwidth: 9700 Kbps
Average throughput: 4958.22 Kbps
Throughput to bandwidth ratio: 0.511157
Packet loss percentage: 28.2374%
Average delay: 5359.53 ms
Average jitter: 1528.2 ms
G_L: 0.2833

Nodes disconnected: 128 4 0 3 5 6 8 9 10 12 16 17 19 21 23 26 28 29 30 32 33 34 35 38 39 40 41 44 46 48 49 50 52 53 58 60 62 65 66 68 69 72 75 76 79 83 86 87 88 90 91 92 95 96 97 98 99 100 102 103 104 108 110 111 112 114 115 116 117 118 119 122 123 124 125 126 132 133 135 136 137 146 147 148 150 155 156 159 160 163 165 168 169 170 171 172 175 179 181 182 185 186 187 190 191 192 193 195 196 197 198 201 207 208 212 213 215 219 220 227 229 232 233 234 236 238 239 240 241 245 249 257 258 259 261 262 263 264 265 267 272 273 275 278 281 286 288 290 292 293 294 296 297 203 204 214 161 225 250 178 151 153 154 94 2 277 180 237 289 63 51 127 129 64 184 56 18 194 67 109 71 248 202 70 1 130 231 200 74 141 206 20 54 24 253 157 89 25 37 166 134 177 210 274 221 189 42 279 246 31 11 144 224 287 223 27 
Number of disconnected nodes: 216
Max available bandwidth: 9600 Kbps
Average throughput: 4815.16 Kbps
Throughput to bandwidth ratio: 0.501579
Packet loss percentage: 27.0542%
Average delay: 6043.05 ms
Average jitter: 1748.84 ms
G_L: 0.28

Nodes disconnected: 128 4 0 3 5 6 8 9 10 12 16 17 19 21 23 26 28 29 30 32 33 34 35 38 39 40 41 44 46 48 49 50 52 53 58 60 62 65 66 68 69 72 75 76 79 83 86 87 88 90 91 92 95 96 97 98 99 100 102 103 104 108 110 111 112 114 115 116 117 118 119 122 123 124 125 126 132 133 135 136 137 146 147 148 150 155 156 159 160 163 165 168 169 170 171 172 175 179 181 182 185 186 187 190 191 192 193 195 196 197 198 201 207 208 212 213 215 219 220 227 229 232 233 234 236 238 239 240 241 245 249 257 258 259 261 262 263 264 265 267 272 273 275 278 281 286 288 290 292 293 294 296 297 203 204 214 161 225 250 178 151 153 154 94 2 277 180 237 289 63 51 127 129 64 184 56 18 194 67 109 71 248 202 70 1 130 231 200 74 141 206 20 54 24 253 157 89 25 37 166 134 177 210 274 221 189 42 279 246 31 11 144 224 287 223 27 13 
Number of disconnected nodes: 217
Max available bandwidth: 9500 Kbps
Average throughput: 4846.45 Kbps
Throughput to bandwidth ratio: 0.510152
Packet loss percentage: 24.075%
Average delay: 6133.69 ms
Average jitter: 1774.47 ms
G_L: 0.2767

Nodes disconnected: 128 4 0 3 5 6 8 9 10 12 16 17 19 21 23 26 28 29 30 32 33 34 35 38 39 40 41 44 46 48 49 50 52 53 58 60 62 65 66 68 69 72 75 76 79 83 86 87 88 90 91 92 95 96 97 98 99 100 102 103 104 108 110 111 112 114 115 116 117 118 119 122 123 124 125 126 132 133 135 136 137 146 147 148 150 155 156 159 160 163 165 168 169 170 171 172 175 179 181 182 185 186 187 190 191 192 193 195 196 197 198 201 207 208 212 213 215 219 220 227 229 232 233 234 236 238 239 240 241 245 249 257 258 259 261 262 263 264 265 267 272 273 275 278 281 286 288 290 292 293 294 296 297 203 204 214 161 225 250 178 151 153 154 94 2 277 180 237 289 63 51 127 129 64 184 56 18 194 67 109 71 248 202 70 1 130 231 200 74 141 206 20 54 24 253 157 89 25 37 166 134 177 210 274 221 189 42 279 246 31 11 144 224 287 223 27 13 276 285 
Number of disconnected nodes: 219
Max available bandwidth: 9400 Kbps
Average throughput: 5062.24 Kbps
Throughput to bandwidth ratio: 0.538537
Packet loss percentage: 21.7795%
Average delay: 5527.08 ms
Average jitter: 1700.79 ms
G_L: 0.27

Nodes disconnected: 128 4 0 3 5 6 8 9 10 12 16 17 19 21 23 26 28 29 30 32 33 34 35 38 39 40 41 44 46 48 49 50 52 53 58 60 62 65 66 68 69 72 75 76 79 83 86 87 88 90 91 92 95 96 97 98 99 100 102 103 104 108 110 111 112 114 115 116 117 118 119 122 123 124 125 126 132 133 135 136 137 146 147 148 150 155 156 159 160 163 165 168 169 170 171 172 175 179 181 182 185 186 187 190 191 192 193 195 196 197 198 201 207 208 212 213 215 219 220 227 229 232 233 234 236 238 239 240 241 245 249 257 258 259 261 262 263 264 265 267 272 273 275 278 281 286 288 290 292 293 294 296 297 203 204 214 161 225 250 178 151 153 154 94 2 277 180 237 289 63 51 127 129 64 184 56 18 194 67 109 71 248 202 70 1 130 231 200 74 141 206 20 54 24 253 157 89 25 37 166 134 177 210 274 221 189 42 279 246 31 11 144 224 287 223 27 13 276 285 280 162 173 
Number of disconnected nodes: 222
Max available bandwidth: 9300 Kbps
Average throughput: 4742.48 Kbps
Throughput to bandwidth ratio: 0.509944
Packet loss percentage: 29.0024%
Average delay: 6026.74 ms
Average jitter: 1551.8 ms
G_L: 0.26

Nodes disconnected: 128 4 0 3 5 6 8 9 10 12 16 17 19 21 23 26 28 29 30 32 33 34 35 38 39 40 41 44 46 48 49 50 52 53 58 60 62 65 66 68 69 72 75 76 79 83 86 87 88 90 91 92 95 96 97 98 99 100 102 103 104 108 110 111 112 114 115 116 117 118 119 122 123 124 125 126 132 133 135 136 137 146 147 148 150 155 156 159 160 163 165 168 169 170 171 172 175 179 181 182 185 186 187 190 191 192 193 195 196 197 198 201 207 208 212 213 215 219 220 227 229 232 233 234 236 238 239 240 241 245 249 257 258 259 261 262 263 264 265 267 272 273 275 278 281 286 288 290 292 293 294 296 297 203 204 214 161 225 250 178 151 153 154 94 2 277 180 237 289 63 51 127 129 64 184 56 18 194 67 109 71 248 202 70 1 130 231 200 74 141 206 20 54 24 253 157 89 25 37 166 134 177 210 274 221 189 42 279 246 31 11 144 224 287 223 27 13 276 285 280 162 173 105 
Number of disconnected nodes: 223
Max available bandwidth: 9300 Kbps
Average throughput: 4847.36 Kbps
Throughput to bandwidth ratio: 0.521222
Packet loss percentage: 27.3463%
Average delay: 5014.85 ms
Average jitter: 1606.64 ms
G_L: 0.2567

Nodes disconnected: 128 4 0 3 5 6 8 9 10 12 16 17 19 21 23 26 28 29 30 32 33 34 35 38 39 40 41 44 46 48 49 50 52 53 58 60 62 65 66 68 69 72 75 76 79 83 86 87 88 90 91 92 95 96 97 98 99 100 102 103 104 108 110 111 112 114 115 116 117 118 119 122 123 124 125 126 132 133 135 136 137 146 147 148 150 155 156 159 160 163 165 168 169 170 171 172 175 179 181 182 185 186 187 190 191 192 193 195 196 197 198 201 207 208 212 213 215 219 220 227 229 232 233 234 236 238 239 240 241 245 249 257 258 259 261 262 263 264 265 267 272 273 275 278 281 286 288 290 292 293 294 296 297 203 204 214 161 225 250 178 151 153 154 94 2 277 180 237 289 63 51 127 129 64 184 56 18 194 67 109 71 248 202 70 1 130 231 200 74 141 206 20 54 24 253 157 89 25 37 166 134 177 210 274 221 189 42 279 246 31 11 144 224 287 223 27 13 276 285 280 162 173 105 216 
Number of disconnected nodes: 224
Max available bandwidth: 9200 Kbps
Average throughput: 4762.8 Kbps
Throughput to bandwidth ratio: 0.517696
Packet loss percentage: 22.292%
Average delay: 5597.14 ms
Average jitter: 1563.92 ms
G_L: 0.2533

Nodes disconnected: 128 4 0 3 5 6 8 9 10 12 16 17 19 21 23 26 28 29 30 32 33 34 35 38 39 40 41 44 46 48 49 50 52 53 58 60 62 65 66 68 69 72 75 76 79 83 86 87 88 90 91 92 95 96 97 98 99 100 102 103 104 108 110 111 112 114 115 116 117 118 119 122 123 124 125 126 132 133 135 136 137 146 147 148 150 155 156 159 160 163 165 168 169 170 171 172 175 179 181 182 185 186 187 190 191 192 193 195 196 197 198 201 207 208 212 213 215 219 220 227 229 232 233 234 236 238 239 240 241 245 249 257 258 259 261 262 263 264 265 267 272 273 275 278 281 286 288 290 292 293 294 296 297 203 204 214 161 225 250 178 151 153 154 94 2 277 180 237 289 63 51 127 129 64 184 56 18 194 67 109 71 248 202 70 1 130 231 200 74 141 206 20 54 24 253 157 89 25 37 166 134 177 210 274 221 189 42 279 246 31 11 144 224 287 223 27 13 276 285 280 162 173 105 216 145 
Number of disconnected nodes: 225
Max available bandwidth: 9100 Kbps
Average throughput: 4655.11 Kbps
Throughput to bandwidth ratio: 0.51155
Packet loss percentage: 24.2597%
Average delay: 6680.71 ms
Average jitter: 1654.72 ms
G_L: 0.25

Nodes disconnected: 128 4 0 3 5 6 8 9 10 12 16 17 19 21 23 26 28 29 30 32 33 34 35 38 39 40 41 44 46 48 49 50 52 53 58 60 62 65 66 68 69 72 75 76 79 83 86 87 88 90 91 92 95 96 97 98 99 100 102 103 104 108 110 111 112 114 115 116 117 118 119 122 123 124 125 126 132 133 135 136 137 146 147 148 150 155 156 159 160 163 165 168 169 170 171 172 175 179 181 182 185 186 187 190 191 192 193 195 196 197 198 201 207 208 212 213 215 219 220 227 229 232 233 234 236 238 239 240 241 245 249 257 258 259 261 262 263 264 265 267 272 273 275 278 281 286 288 290 292 293 294 296 297 203 204 214 161 225 250 178 151 153 154 94 2 277 180 237 289 63 51 127 129 64 184 56 18 194 67 109 71 248 202 70 1 130 231 200 74 141 206 20 54 24 253 157 89 25 37 166 134 177 210 274 221 189 42 279 246 31 11 144 224 287 223 27 13 276 285 280 162 173 105 216 145 291 140 270 284 158 
Number of disconnected nodes: 230
Max available bandwidth: 8800 Kbps
Average throughput: 4319.4 Kbps
Throughput to bandwidth ratio: 0.49084
Packet loss percentage: 32.7349%
Average delay: 5500.33 ms
Average jitter: 1482.52 ms
G_L: 0.2333

Nodes disconnected: 128 4 0 3 5 6 8 9 10 12 16 17 19 21 23 26 28 29 30 32 33 34 35 38 39 40 41 44 46 48 49 50 52 53 58 60 62 65 66 68 69 72 75 76 79 83 86 87 88 90 91 92 95 96 97 98 99 100 102 103 104 108 110 111 112 114 115 116 117 118 119 122 123 124 125 126 132 133 135 136 137 146 147 148 150 155 156 159 160 163 165 168 169 170 171 172 175 179 181 182 185 186 187 190 191 192 193 195 196 197 198 201 207 208 212 213 215 219 220 227 229 232 233 234 236 238 239 240 241 245 249 257 258 259 261 262 263 264 265 267 272 273 275 278 281 286 288 290 292 293 294 296 297 203 204 214 161 225 250 178 151 153 154 94 2 277 180 237 289 63 51 127 129 64 184 56 18 194 67 109 71 248 202 70 1 130 231 200 74 141 206 20 54 24 253 157 89 25 37 166 134 177 210 274 221 189 42 279 246 31 11 144 224 287 223 27 13 276 285 280 162 173 105 216 145 291 140 270 284 158 78 101 85 22 
Number of disconnected nodes: 234
Max available bandwidth: 8400 Kbps
Average throughput: 4084 Kbps
Throughput to bandwidth ratio: 0.48619
Packet loss percentage: 29.8062%
Average delay: 6412.85 ms
Average jitter: 1538.3 ms
G_L: 0.22

Nodes disconnected: 128 4 0 3 5 6 8 9 10 12 16 17 19 21 23 26 28 29 30 32 33 34 35 38 39 40 41 44 46 48 49 50 52 53 58 60 62 65 66 68 69 72 75 76 79 83 86 87 88 90 91 92 95 96 97 98 99 100 102 103 104 108 110 111 112 114 115 116 117 118 119 122 123 124 125 126 132 133 135 136 137 146 147 148 150 155 156 159 160 163 165 168 169 170 171 172 175 179 181 182 185 186 187 190 191 192 193 195 196 197 198 201 207 208 212 213 215 219 220 227 229 232 233 234 236 238 239 240 241 245 249 257 258 259 261 262 263 264 265 267 272 273 275 278 281 286 288 290 292 293 294 296 297 203 204 214 161 225 250 178 151 153 154 94 2 277 180 237 289 63 51 127 129 64 184 56 18 194 67 109 71 248 202 70 1 130 231 200 74 141 206 20 54 24 253 157 89 25 37 166 134 177 210 274 221 189 42 279 246 31 11 144 224 287 223 27 13 276 285 280 162 173 105 216 145 291 140 270 284 158 78 101 85 22 164 199 299 45 143 81 209 282 
Number of disconnected nodes: 242
Max available bandwidth: 7700 Kbps
Average throughput: 3542.97 Kbps
Throughput to bandwidth ratio: 0.460126
Packet loss percentage: 28.5402%
Average delay: 5254.37 ms
Average jitter: 1304.18 ms
G_L: 0.1933

Nodes disconnected: 128 4 0 3 5 6 8 9 10 12 16 17 19 21 23 26 28 29 30 32 33 34 35 38 39 40 41 44 46 48 49 50 52 53 58 60 62 65 66 68 69 72 75 76 79 83 86 87 88 90 91 92 95 96 97 98 99 100 102 103 104 108 110 111 112 114 115 116 117 118 119 122 123 124 125 126 132 133 135 136 137 146 147 148 150 155 156 159 160 163 165 168 169 170 171 172 175 179 181 182 185 186 187 190 191 192 193 195 196 197 198 201 207 208 212 213 215 219 220 227 229 232 233 234 236 238 239 240 241 245 249 257 258 259 261 262 263 264 265 267 272 273 275 278 281 286 288 290 292 293 294 296 297 203 204 214 161 225 250 178 151 153 154 94 2 277 180 237 289 63 51 127 129 64 184 56 18 194 67 109 71 248 202 70 1 130 231 200 74 141 206 20 54 24 253 157 89 25 37 166 134 177 210 274 221 189 42 279 246 31 11 144 224 287 223 27 13 276 285 280 162 173 105 216 145 291 140 270 284 158 78 101 85 22 164 199 299 45 143 81 209 282 235 
Number of disconnected nodes: 243
Max available bandwidth: 7600 Kbps
Average throughput: 3558.2 Kbps
Throughput to bandwidth ratio: 0.468184
Packet loss percentage: 34.305%
Average delay: 5814.8 ms
Average jitter: 1155.18 ms
G_L: 0.19

Nodes disconnected: 128 4 0 3 5 6 8 9 10 12 16 17 19 21 23 26 28 29 30 32 33 34 35 38 39 40 41 44 46 48 49 50 52 53 58 60 62 65 66 68 69 72 75 76 79 83 86 87 88 90 91 92 95 96 97 98 99 100 102 103 104 108 110 111 112 114 115 116 117 118 119 122 123 124 125 126 132 133 135 136 137 146 147 148 150 155 156 159 160 163 165 168 169 170 171 172 175 179 181 182 185 186 187 190 191 192 193 195 196 197 198 201 207 208 212 213 215 219 220 227 229 232 233 234 236 238 239 240 241 245 249 257 258 259 261 262 263 264 265 267 272 273 275 278 281 286 288 290 292 293 294 296 297 203 204 214 161 225 250 178 151 153 154 94 2 277 180 237 289 63 51 127 129 64 184 56 18 194 67 109 71 248 202 70 1 130 231 200 74 141 206 20 54 24 253 157 89 25 37 166 134 177 210 274 221 189 42 279 246 31 11 144 224 287 223 27 13 276 285 280 162 173 105 216 145 291 140 270 284 158 78 101 85 22 164 199 299 45 143 81 209 282 235 36 271 
Number of disconnected nodes: 245
Max available bandwidth: 7400 Kbps
Average throughput: 3437.38 Kbps
Throughput to bandwidth ratio: 0.464511
Packet loss percentage: 31.517%
Average delay: 5521.82 ms
Average jitter: 1098.93 ms
G_L: 0.1833

Nodes disconnected: 128 4 0 3 5 6 8 9 10 12 16 17 19 21 23 26 28 29 30 32 33 34 35 38 39 40 41 44 46 48 49 50 52 53 58 60 62 65 66 68 69 72 75 76 79 83 86 87 88 90 91 92 95 96 97 98 99 100 102 103 104 108 110 111 112 114 115 116 117 118 119 122 123 124 125 126 132 133 135 136 137 146 147 148 150 155 156 159 160 163 165 168 169 170 171 172 175 179 181 182 185 186 187 190 191 192 193 195 196 197 198 201 207 208 212 213 215 219 220 227 229 232 233 234 236 238 239 240 241 245 249 257 258 259 261 262 263 264 265 267 272 273 275 278 281 286 288 290 292 293 294 296 297 203 204 214 161 225 250 178 151 153 154 94 2 277 180 237 289 63 51 127 129 64 184 56 18 194 67 109 71 248 202 70 1 130 231 200 74 141 206 20 54 24 253 157 89 25 37 166 134 177 210 274 221 189 42 279 246 31 11 144 224 287 223 27 13 276 285 280 162 173 105 216 145 291 140 270 284 158 78 101 85 22 164 199 299 45 143 81 209 282 235 36 271 211 
Number of disconnected nodes: 246
Max available bandwidth: 7400 Kbps
Average throughput: 3383.43 Kbps
Throughput to bandwidth ratio: 0.45722
Packet loss percentage: 29.8257%
Average delay: 4416.92 ms
Average jitter: 1144.98 ms
G_L: 0.18

Nodes disconnected: 128 4 0 3 5 6 8 9 10 12 16 17 19 21 23 26 28 29 30 32 33 34 35 38 39 40 41 44 46 48 49 50 52 53 58 60 62 65 66 68 69 72 75 76 79 83 86 87 88 90 91 92 95 96 97 98 99 100 102 103 104 108 110 111 112 114 115 116 117 118 119 122 123 124 125 126 132 133 135 136 137 146 147 148 150 155 156 159 160 163 165 168 169 170 171 172 175 179 181 182 185 186 187 190 191 192 193 195 196 197 198 201 207 208 212 213 215 219 220 227 229 232 233 234 236 238 239 240 241 245 249 257 258 259 261 262 263 264 265 267 272 273 275 278 281 286 288 290 292 293 294 296 297 203 204 214 161 225 250 178 151 153 154 94 2 277 180 237 289 63 51 127 129 64 184 56 18 194 67 109 71 248 202 70 1 130 231 200 74 141 206 20 54 24 253 157 89 25 37 166 134 177 210 274 221 189 42 279 246 31 11 144 224 287 223 27 13 276 285 280 162 173 105 216 145 291 140 270 284 158 78 101 85 22 164 199 299 45 143 81 209 282 235 36 271 211 82 
Number of disconnected nodes: 247
Max available bandwidth: 7300 Kbps
Average throughput: 3323.03 Kbps
Throughput to bandwidth ratio: 0.455209
Packet loss percentage: 31.0144%
Average delay: 6014.16 ms
Average jitter: 1244.63 ms
G_L: 0.1767

Nodes disconnected: 128 4 0 3 5 6 8 9 10 12 16 17 19 21 23 26 28 29 30 32 33 34 35 38 39 40 41 44 46 48 49 50 52 53 58 60 62 65 66 68 69 72 75 76 79 83 86 87 88 90 91 92 95 96 97 98 99 100 102 103 104 108 110 111 112 114 115 116 117 118 119 122 123 124 125 126 132 133 135 136 137 146 147 148 150 155 156 159 160 163 165 168 169 170 171 172 175 179 181 182 185 186 187 190 191 192 193 195 196 197 198 201 207 208 212 213 215 219 220 227 229 232 233 234 236 238 239 240 241 245 249 257 258 259 261 262 263 264 265 267 272 273 275 278 281 286 288 290 292 293 294 296 297 203 204 214 161 225 250 178 151 153 154 94 2 277 180 237 289 63 51 127 129 64 184 56 18 194 67 109 71 248 202 70 1 130 231 200 74 141 206 20 54 24 253 157 89 25 37 166 134 177 210 274 221 189 42 279 246 31 11 144 224 287 223 27 13 276 285 280 162 173 105 216 145 291 140 270 284 158 78 101 85 22 164 199 299 45 143 81 209 282 235 36 271 211 82 183 
Number of disconnected nodes: 248
Max available bandwidth: 7200 Kbps
Average throughput: 3382.85 Kbps
Throughput to bandwidth ratio: 0.46984
Packet loss percentage: 33.7144%
Average delay: 4724.16 ms
Average jitter: 1084.9 ms
G_L: 0.1733

Nodes disconnected: 128 4 0 3 5 6 8 9 10 12 16 17 19 21 23 26 28 29 30 32 33 34 35 38 39 40 41 44 46 48 49 50 52 53 58 60 62 65 66 68 69 72 75 76 79 83 86 87 88 90 91 92 95 96 97 98 99 100 102 103 104 108 110 111 112 114 115 116 117 118 119 122 123 124 125 126 132 133 135 136 137 146 147 148 150 155 156 159 160 163 165 168 169 170 171 172 175 179 181 182 185 186 187 190 191 192 193 195 196 197 198 201 207 208 212 213 215 219 220 227 229 232 233 234 236 238 239 240 241 245 249 257 258 259 261 262 263 264 265 267 272 273 275 278 281 286 288 290 292 293 294 296 297 203 204 214 161 225 250 178 151 153 154 94 2 277 180 237 289 63 51 127 129 64 184 56 18 194 67 109 71 248 202 70 1 130 231 200 74 141 206 20 54 24 253 157 89 25 37 166 134 177 210 274 221 189 42 279 246 31 11 144 224 287 223 27 13 276 285 280 162 173 105 216 145 291 140 270 284 158 78 101 85 22 164 199 299 45 143 81 209 282 235 36 271 211 82 183 242 
Number of disconnected nodes: 249
Max available bandwidth: 7100 Kbps
Average throughput: 3413.03 Kbps
Throughput to bandwidth ratio: 0.480708
Packet loss percentage: 27.7656%
Average delay: 3593.86 ms
Average jitter: 907.862 ms
G_L: 0.17

Nodes disconnected: 128 4 0 3 5 6 8 9 10 12 16 17 19 21 23 26 28 29 30 32 33 34 35 38 39 40 41 44 46 48 49 50 52 53 58 60 62 65 66 68 69 72 75 76 79 83 86 87 88 90 91 92 95 96 97 98 99 100 102 103 104 108 110 111 112 114 115 116 117 118 119 122 123 124 125 126 132 133 135 136 137 146 147 148 150 155 156 159 160 163 165 168 169 170 171 172 175 179 181 182 185 186 187 190 191 192 193 195 196 197 198 201 207 208 212 213 215 219 220 227 229 232 233 234 236 238 239 240 241 245 249 257 258 259 261 262 263 264 265 267 272 273 275 278 281 286 288 290 292 293 294 296 297 203 204 214 161 225 250 178 151 153 154 94 2 277 180 237 289 63 51 127 129 64 184 56 18 194 67 109 71 248 202 70 1 130 231 200 74 141 206 20 54 24 253 157 89 25 37 166 134 177 210 274 221 189 42 279 246 31 11 144 224 287 223 27 13 276 285 280 162 173 105 216 145 291 140 270 284 158 78 101 85 22 164 199 299 45 143 81 209 282 235 36 271 211 82 183 242 131 260 230 298 268 77 174 15 113 61 93 254 
Number of disconnected nodes: 261
Max available bandwidth: 5900 Kbps
Average throughput: 2635 Kbps
Throughput to bandwidth ratio: 0.446611
Packet loss percentage: 26.7227%
Average delay: 5838.05 ms
Average jitter: 1098.88 ms
G_L: 0.13

Nodes disconnected: 128 4 0 3 5 6 8 9 10 12 16 17 19 21 23 26 28 29 30 32 33 34 35 38 39 40 41 44 46 48 49 50 52 53 58 60 62 65 66 68 69 72 75 76 79 83 86 87 88 90 91 92 95 96 97 98 99 100 102 103 104 108 110 111 112 114 115 116 117 118 119 122 123 124 125 126 132 133 135 136 137 146 147 148 150 155 156 159 160 163 165 168 169 170 171 172 175 179 181 182 185 186 187 190 191 192 193 195 196 197 198 201 207 208 212 213 215 219 220 227 229 232 233 234 236 238 239 240 241 245 249 257 258 259 261 262 263 264 265 267 272 273 275 278 281 286 288 290 292 293 294 296 297 203 204 214 161 225 250 178 151 153 154 94 2 277 180 237 289 63 51 127 129 64 184 56 18 194 67 109 71 248 202 70 1 130 231 200 74 141 206 20 54 24 253 157 89 25 37 166 134 177 210 274 221 189 42 279 246 31 11 144 224 287 223 27 13 276 285 280 162 173 105 216 145 291 140 270 284 158 78 101 85 22 164 199 299 45 143 81 209 282 235 36 271 211 82 183 242 131 260 230 298 268 77 174 15 113 61 93 254 256 138 139 266 269 14 142 149 152 167 295 43 47 176 55 57 59 188 73 205 84 217 222 226 228 106 107 243 244 247 120 121 251 252 255 
Number of disconnected nodes: 296
Max available bandwidth: 600 Kbps
Average throughput: 213.38 Kbps
Throughput to bandwidth ratio: 0.355633
Packet loss percentage: 53.9377%
Average delay: 412.276 ms
Average jitter: 302.284 ms
G_L: 0.0133

Nodes disconnected: 128 4 0 3 5 6 8 9 10 12 16 17 19 21 23 26 28 29 30 32 33 34 35 38 39 40 41 44 46 48 49 50 52 53 58 60 62 65 66 68 69 72 75 76 79 83 86 87 88 90 91 92 95 96 97 98 99 100 102 103 104 108 110 111 112 114 115 116 117 118 119 122 123 124 125 126 132 133 135 136 137 146 147 148 150 155 156 159 160 163 165 168 169 170 171 172 175 179 181 182 185 186 187 190 191 192 193 195 196 197 198 201 207 208 212 213 215 219 220 227 229 232 233 234 236 238 239 240 241 245 249 257 258 259 261 262 263 264 265 267 272 273 275 278 281 286 288 290 292 293 294 296 297 203 204 214 161 225 250 178 151 153 154 94 2 277 180 237 289 63 51 127 129 64 184 56 18 194 67 109 71 248 202 70 1 130 231 200 74 141 206 20 54 24 253 157 89 25 37 166 134 177 210 274 221 189 42 279 246 31 11 144 224 287 223 27 13 276 285 280 162 173 105 216 145 291 140 270 284 158 78 101 85 22 164 199 299 45 143 81 209 282 235 36 271 211 82 183 242 131 260 230 298 268 77 174 15 113 61 93 254 256 138 139 266 269 14 142 149 152 167 295 43 47 176 55 57 59 188 73 205 84 217 222 226 228 106 107 243 244 247 120 121 251 252 255 80 7 
Number of disconnected nodes: 298
Max available bandwidth: 400 Kbps
Average throughput: 88.5936 Kbps
Throughput to bandwidth ratio: 0.221484
Packet loss percentage: 7.6087%
Average delay: 141.287 ms
Average jitter: 278.213 ms
G_L: 0.0067

Nodes disconnected: 128 4 0 3 5 6 8 9 10 12 16 17 19 21 23 26 28 29 30 32 33 34 35 38 39 40 41 44 46 48 49 50 52 53 58 60 62 65 66 68 69 72 75 76 79 83 86 87 88 90 91 92 95 96 97 98 99 100 102 103 104 108 110 111 112 114 115 116 117 118 119 122 123 124 125 126 132 133 135 136 137 146 147 148 150 155 156 159 160 163 165 168 169 170 171 172 175 179 181 182 185 186 187 190 191 192 193 195 196 197 198 201 207 208 212 213 215 219 220 227 229 232 233 234 236 238 239 240 241 245 249 257 258 259 261 262 263 264 265 267 272 273 275 278 281 286 288 290 292 293 294 296 297 203 204 214 161 225 250 178 151 153 154 94 2 277 180 237 289 63 51 127 129 64 184 56 18 194 67 109 71 248 202 70 1 130 231 200 74 141 206 20 54 24 253 157 89 25 37 166 134 177 210 274 221 189 42 279 246 31 11 144 224 287 223 27 13 276 285 280 162 173 105 216 145 291 140 270 284 158 78 101 85 22 164 199 299 45 143 81 209 282 235 36 271 211 82 183 242 131 260 230 298 268 77 174 15 113 61 93 254 256 138 139 266 269 14 142 149 152 167 295 43 47 176 55 57 59 188 73 205 84 217 222 226 228 106 107 243 244 247 120 121 251 252 255 80 7 218 283 
Number of disconnected nodes: 300
Max available bandwidth: 0 Kbps
Average throughput: 0 Kbps
Throughput to bandwidth ratio: -nan
Packet loss percentage: -nan%
Average delay: -nan ms
Average jitter: -nan ms
G_L: 0

