Nodes disconnected: 
Number of disconnected nodes: 0
Max available bandwidth: 33400 Kbps
Average throughput: 25289.2 Kbps
Throughput to bandwidth ratio: 0.757162
Packet loss percentage: 5.68588%
Average delay: 2125.04 ms
Average jitter: 597.51 ms
G_L: 1

Nodes disconnected: 193 69 
Number of disconnected nodes: 2
Max available bandwidth: 33400 Kbps
Average throughput: 25054.7 Kbps
Throughput to bandwidth ratio: 0.75014
Packet loss percentage: 5.88723%
Average delay: 2090.49 ms
Average jitter: 598.017 ms
G_L: 0.9933

Nodes disconnected: 193 69 3 
Number of disconnected nodes: 3
Max available bandwidth: 33300 Kbps
Average throughput: 24929.2 Kbps
Throughput to bandwidth ratio: 0.748626
Packet loss percentage: 5.97078%
Average delay: 2130.17 ms
Average jitter: 603.871 ms
G_L: 0.99

Nodes disconnected: 193 69 3 115 159 
Number of disconnected nodes: 5
Max available bandwidth: 33200 Kbps
Average throughput: 24764.9 Kbps
Throughput to bandwidth ratio: 0.74593
Packet loss percentage: 6.22339%
Average delay: 2121.85 ms
Average jitter: 599.676 ms
G_L: 0.9833

Nodes disconnected: 193 69 3 115 159 0 4 5 6 8 9 10 12 16 17 21 23 26 28 29 30 32 33 34 35 38 39 40 41 44 46 48 49 50 52 53 58 60 62 65 66 68 72 75 76 79 83 86 88 90 91 92 95 96 97 98 99 100 102 103 104 108 110 111 112 114 117 118 119 122 123 124 125 126 128 132 135 136 137 146 147 148 150 155 156 160 163 165 168 169 170 171 172 175 179 181 182 185 186 187 190 191 192 195 196 197 198 201 207 208 212 213 215 219 220 227 229 232 233 234 236 238 239 240 241 245 249 257 258 259 261 262 263 264 265 267 272 273 275 278 281 286 288 290 292 293 294 296 297 
Number of disconnected nodes: 149
Max available bandwidth: 15900 Kbps
Average throughput: 9680.77 Kbps
Throughput to bandwidth ratio: 0.608854
Packet loss percentage: 35.5766%
Average delay: 3408.86 ms
Average jitter: 695.584 ms
G_L: 0.5033

Nodes disconnected: 193 69 3 115 159 0 4 5 6 8 9 10 12 16 17 21 23 26 28 29 30 32 33 34 35 38 39 40 41 44 46 48 49 50 52 53 58 60 62 65 66 68 72 75 76 79 83 86 88 90 91 92 95 96 97 98 99 100 102 103 104 108 110 111 112 114 117 118 119 122 123 124 125 126 128 132 135 136 137 146 147 148 150 155 156 160 163 165 168 169 170 171 172 175 179 181 182 185 186 187 190 191 192 195 196 197 198 201 207 208 212 213 215 219 220 227 229 232 233 234 236 238 239 240 241 245 249 257 258 259 261 262 263 264 265 267 272 273 275 278 281 286 288 290 292 293 294 296 297 84 
Number of disconnected nodes: 150
Max available bandwidth: 15900 Kbps
Average throughput: 9582.8 Kbps
Throughput to bandwidth ratio: 0.602692
Packet loss percentage: 35.4942%
Average delay: 3275.62 ms
Average jitter: 703.331 ms
G_L: 0.5

Nodes disconnected: 193 69 3 115 159 0 4 5 6 8 9 10 12 16 17 21 23 26 28 29 30 32 33 34 35 38 39 40 41 44 46 48 49 50 52 53 58 60 62 65 66 68 72 75 76 79 83 86 88 90 91 92 95 96 97 98 99 100 102 103 104 108 110 111 112 114 117 118 119 122 123 124 125 126 128 132 135 136 137 146 147 148 150 155 156 160 163 165 168 169 170 171 172 175 179 181 182 185 186 187 190 191 192 195 196 197 198 201 207 208 212 213 215 219 220 227 229 232 233 234 236 238 239 240 241 245 249 257 258 259 261 262 263 264 265 267 272 273 275 278 281 286 288 290 292 293 294 296 297 84 246 
Number of disconnected nodes: 151
Max available bandwidth: 15900 Kbps
Average throughput: 9544.81 Kbps
Throughput to bandwidth ratio: 0.600302
Packet loss percentage: 35.854%
Average delay: 3316.57 ms
Average jitter: 688.977 ms
G_L: 0.4967

Nodes disconnected: 193 69 3 115 159 0 4 5 6 8 9 10 12 16 17 21 23 26 28 29 30 32 33 34 35 38 39 40 41 44 46 48 49 50 52 53 58 60 62 65 66 68 72 75 76 79 83 86 88 90 91 92 95 96 97 98 99 100 102 103 104 108 110 111 112 114 117 118 119 122 123 124 125 126 128 132 135 136 137 146 147 148 150 155 156 160 163 165 168 169 170 171 172 175 179 181 182 185 186 187 190 191 192 195 196 197 198 201 207 208 212 213 215 219 220 227 229 232 233 234 236 238 239 240 241 245 249 257 258 259 261 262 263 264 265 267 272 273 275 278 281 286 288 290 292 293 294 296 297 84 246 248 202 274 189 
Number of disconnected nodes: 155
Max available bandwidth: 15600 Kbps
Average throughput: 9507.8 Kbps
Throughput to bandwidth ratio: 0.609474
Packet loss percentage: 35.0643%
Average delay: 3194.39 ms
Average jitter: 663.257 ms
G_L: 0.4833

Nodes disconnected: 193 69 3 115 159 0 4 5 6 8 9 10 12 16 17 21 23 26 28 29 30 32 33 34 35 38 39 40 41 44 46 48 49 50 52 53 58 60 62 65 66 68 72 75 76 79 83 86 88 90 91 92 95 96 97 98 99 100 102 103 104 108 110 111 112 114 117 118 119 122 123 124 125 126 128 132 135 136 137 146 147 148 150 155 156 160 163 165 168 169 170 171 172 175 179 181 182 185 186 187 190 191 192 195 196 197 198 201 207 208 212 213 215 219 220 227 229 232 233 234 236 238 239 240 241 245 249 257 258 259 261 262 263 264 265 267 272 273 275 278 281 286 288 290 292 293 294 296 297 84 246 248 202 274 189 78 
Number of disconnected nodes: 156
Max available bandwidth: 15500 Kbps
Average throughput: 9423.23 Kbps
Throughput to bandwidth ratio: 0.60795
Packet loss percentage: 35.3424%
Average delay: 3135.05 ms
Average jitter: 665.063 ms
G_L: 0.48

Nodes disconnected: 193 69 3 115 159 0 4 5 6 8 9 10 12 16 17 21 23 26 28 29 30 32 33 34 35 38 39 40 41 44 46 48 49 50 52 53 58 60 62 65 66 68 72 75 76 79 83 86 88 90 91 92 95 96 97 98 99 100 102 103 104 108 110 111 112 114 117 118 119 122 123 124 125 126 128 132 135 136 137 146 147 148 150 155 156 160 163 165 168 169 170 171 172 175 179 181 182 185 186 187 190 191 192 195 196 197 198 201 207 208 212 213 215 219 220 227 229 232 233 234 236 238 239 240 241 245 249 257 258 259 261 262 263 264 265 267 272 273 275 278 281 286 288 290 292 293 294 296 297 84 246 248 202 274 189 78 101 139 269 85 22 280 
Number of disconnected nodes: 162
Max available bandwidth: 14900 Kbps
Average throughput: 8930.37 Kbps
Throughput to bandwidth ratio: 0.599354
Packet loss percentage: 35.6456%
Average delay: 3191.96 ms
Average jitter: 679.568 ms
G_L: 0.46

Nodes disconnected: 193 69 3 115 159 0 4 5 6 8 9 10 12 16 17 21 23 26 28 29 30 32 33 34 35 38 39 40 41 44 46 48 49 50 52 53 58 60 62 65 66 68 72 75 76 79 83 86 88 90 91 92 95 96 97 98 99 100 102 103 104 108 110 111 112 114 117 118 119 122 123 124 125 126 128 132 135 136 137 146 147 148 150 155 156 160 163 165 168 169 170 171 172 175 179 181 182 185 186 187 190 191 192 195 196 197 198 201 207 208 212 213 215 219 220 227 229 232 233 234 236 238 239 240 241 245 249 257 258 259 261 262 263 264 265 267 272 273 275 278 281 286 288 290 292 293 294 296 297 84 246 248 202 274 189 78 101 139 269 85 22 280 194 291 284 133 
Number of disconnected nodes: 166
Max available bandwidth: 14500 Kbps
Average throughput: 8749.71 Kbps
Throughput to bandwidth ratio: 0.603429
Packet loss percentage: 35.4397%
Average delay: 3094.66 ms
Average jitter: 661.868 ms
G_L: 0.4467

Nodes disconnected: 193 69 3 115 159 0 4 5 6 8 9 10 12 16 17 21 23 26 28 29 30 32 33 34 35 38 39 40 41 44 46 48 49 50 52 53 58 60 62 65 66 68 72 75 76 79 83 86 88 90 91 92 95 96 97 98 99 100 102 103 104 108 110 111 112 114 117 118 119 122 123 124 125 126 128 132 135 136 137 146 147 148 150 155 156 160 163 165 168 169 170 171 172 175 179 181 182 185 186 187 190 191 192 195 196 197 198 201 207 208 212 213 215 219 220 227 229 232 233 234 236 238 239 240 241 245 249 257 258 259 261 262 263 264 265 267 272 273 275 278 281 286 288 290 292 293 294 296 297 84 246 248 202 274 189 78 101 139 269 85 22 280 194 291 284 133 177 
Number of disconnected nodes: 167
Max available bandwidth: 14500 Kbps
Average throughput: 8639.88 Kbps
Throughput to bandwidth ratio: 0.595854
Packet loss percentage: 35.9402%
Average delay: 3005.51 ms
Average jitter: 659.598 ms
G_L: 0.4433

Nodes disconnected: 193 69 3 115 159 0 4 5 6 8 9 10 12 16 17 21 23 26 28 29 30 32 33 34 35 38 39 40 41 44 46 48 49 50 52 53 58 60 62 65 66 68 72 75 76 79 83 86 88 90 91 92 95 96 97 98 99 100 102 103 104 108 110 111 112 114 117 118 119 122 123 124 125 126 128 132 135 136 137 146 147 148 150 155 156 160 163 165 168 169 170 171 172 175 179 181 182 185 186 187 190 191 192 195 196 197 198 201 207 208 212 213 215 219 220 227 229 232 233 234 236 238 239 240 241 245 249 257 258 259 261 262 263 264 265 267 272 273 275 278 281 286 288 290 292 293 294 296 297 84 246 248 202 274 189 78 101 139 269 85 22 280 194 291 284 133 177 174 
Number of disconnected nodes: 168
Max available bandwidth: 14500 Kbps
Average throughput: 8590.89 Kbps
Throughput to bandwidth ratio: 0.592475
Packet loss percentage: 36.2139%
Average delay: 3136.71 ms
Average jitter: 647.746 ms
G_L: 0.44

Nodes disconnected: 193 69 3 115 159 0 4 5 6 8 9 10 12 16 17 21 23 26 28 29 30 32 33 34 35 38 39 40 41 44 46 48 49 50 52 53 58 60 62 65 66 68 72 75 76 79 83 86 88 90 91 92 95 96 97 98 99 100 102 103 104 108 110 111 112 114 117 118 119 122 123 124 125 126 128 132 135 136 137 146 147 148 150 155 156 160 163 165 168 169 170 171 172 175 179 181 182 185 186 187 190 191 192 195 196 197 198 201 207 208 212 213 215 219 220 227 229 232 233 234 236 238 239 240 241 245 249 257 258 259 261 262 263 264 265 267 272 273 275 278 281 286 288 290 292 293 294 296 297 84 246 248 202 274 189 78 101 139 269 85 22 280 194 291 284 133 177 174 19 87 
Number of disconnected nodes: 170
Max available bandwidth: 14300 Kbps
Average throughput: 8504.81 Kbps
Throughput to bandwidth ratio: 0.594742
Packet loss percentage: 35.9605%
Average delay: 2917.49 ms
Average jitter: 650.529 ms
G_L: 0.4333

Nodes disconnected: 193 69 3 115 159 0 4 5 6 8 9 10 12 16 17 21 23 26 28 29 30 32 33 34 35 38 39 40 41 44 46 48 49 50 52 53 58 60 62 65 66 68 72 75 76 79 83 86 88 90 91 92 95 96 97 98 99 100 102 103 104 108 110 111 112 114 117 118 119 122 123 124 125 126 128 132 135 136 137 146 147 148 150 155 156 160 163 165 168 169 170 171 172 175 179 181 182 185 186 187 190 191 192 195 196 197 198 201 207 208 212 213 215 219 220 227 229 232 233 234 236 238 239 240 241 245 249 257 258 259 261 262 263 264 265 267 272 273 275 278 281 286 288 290 292 293 294 296 297 84 246 248 202 274 189 78 101 139 269 85 22 280 194 291 284 133 177 174 19 87 154 
Number of disconnected nodes: 171
Max available bandwidth: 14200 Kbps
Average throughput: 8386.69 Kbps
Throughput to bandwidth ratio: 0.590612
Packet loss percentage: 36.329%
Average delay: 3073.68 ms
Average jitter: 652.054 ms
G_L: 0.43

Nodes disconnected: 193 69 3 115 159 0 4 5 6 8 9 10 12 16 17 21 23 26 28 29 30 32 33 34 35 38 39 40 41 44 46 48 49 50 52 53 58 60 62 65 66 68 72 75 76 79 83 86 88 90 91 92 95 96 97 98 99 100 102 103 104 108 110 111 112 114 117 118 119 122 123 124 125 126 128 132 135 136 137 146 147 148 150 155 156 160 163 165 168 169 170 171 172 175 179 181 182 185 186 187 190 191 192 195 196 197 198 201 207 208 212 213 215 219 220 227 229 232 233 234 236 238 239 240 241 245 249 257 258 259 261 262 263 264 265 267 272 273 275 278 281 286 288 290 292 293 294 296 297 84 246 248 202 274 189 78 101 139 269 85 22 280 194 291 284 133 177 174 19 87 154 127 
Number of disconnected nodes: 172
Max available bandwidth: 14200 Kbps
Average throughput: 8359.88 Kbps
Throughput to bandwidth ratio: 0.588724
Packet loss percentage: 36.0207%
Average delay: 2964.78 ms
Average jitter: 648.169 ms
G_L: 0.4267

Nodes disconnected: 193 69 3 115 159 0 4 5 6 8 9 10 12 16 17 21 23 26 28 29 30 32 33 34 35 38 39 40 41 44 46 48 49 50 52 53 58 60 62 65 66 68 72 75 76 79 83 86 88 90 91 92 95 96 97 98 99 100 102 103 104 108 110 111 112 114 117 118 119 122 123 124 125 126 128 132 135 136 137 146 147 148 150 155 156 160 163 165 168 169 170 171 172 175 179 181 182 185 186 187 190 191 192 195 196 197 198 201 207 208 212 213 215 219 220 227 229 232 233 234 236 238 239 240 241 245 249 257 258 259 261 262 263 264 265 267 272 273 275 278 281 286 288 290 292 293 294 296 297 84 246 248 202 274 189 78 101 139 269 85 22 280 194 291 284 133 177 174 19 87 154 127 200 130 20 
Number of disconnected nodes: 175
Max available bandwidth: 13900 Kbps
Average throughput: 8091.97 Kbps
Throughput to bandwidth ratio: 0.582156
Packet loss percentage: 36.7377%
Average delay: 3063.49 ms
Average jitter: 652.248 ms
G_L: 0.4167

Nodes disconnected: 193 69 3 115 159 0 4 5 6 8 9 10 12 16 17 21 23 26 28 29 30 32 33 34 35 38 39 40 41 44 46 48 49 50 52 53 58 60 62 65 66 68 72 75 76 79 83 86 88 90 91 92 95 96 97 98 99 100 102 103 104 108 110 111 112 114 117 118 119 122 123 124 125 126 128 132 135 136 137 146 147 148 150 155 156 160 163 165 168 169 170 171 172 175 179 181 182 185 186 187 190 191 192 195 196 197 198 201 207 208 212 213 215 219 220 227 229 232 233 234 236 238 239 240 241 245 249 257 258 259 261 262 263 264 265 267 272 273 275 278 281 286 288 290 292 293 294 296 297 84 246 248 202 274 189 78 101 139 269 85 22 280 194 291 284 133 177 174 19 87 154 127 200 130 20 70 
Number of disconnected nodes: 176
Max available bandwidth: 13800 Kbps
Average throughput: 7979.41 Kbps
Throughput to bandwidth ratio: 0.578218
Packet loss percentage: 37.0676%
Average delay: 2912.6 ms
Average jitter: 641.277 ms
G_L: 0.4133

Nodes disconnected: 193 69 3 115 159 0 4 5 6 8 9 10 12 16 17 21 23 26 28 29 30 32 33 34 35 38 39 40 41 44 46 48 49 50 52 53 58 60 62 65 66 68 72 75 76 79 83 86 88 90 91 92 95 96 97 98 99 100 102 103 104 108 110 111 112 114 117 118 119 122 123 124 125 126 128 132 135 136 137 146 147 148 150 155 156 160 163 165 168 169 170 171 172 175 179 181 182 185 186 187 190 191 192 195 196 197 198 201 207 208 212 213 215 219 220 227 229 232 233 234 236 238 239 240 241 245 249 257 258 259 261 262 263 264 265 267 272 273 275 278 281 286 288 290 292 293 294 296 297 84 246 248 202 274 189 78 101 139 269 85 22 280 194 291 284 133 177 174 19 87 154 127 200 130 20 70 1 231 74 141 206 54 24 253 157 
Number of disconnected nodes: 185
Max available bandwidth: 13000 Kbps
Average throughput: 7244.44 Kbps
Throughput to bandwidth ratio: 0.557265
Packet loss percentage: 39.5881%
Average delay: 2642.83 ms
Average jitter: 612.914 ms
G_L: 0.3833

Nodes disconnected: 193 69 3 115 159 0 4 5 6 8 9 10 12 16 17 21 23 26 28 29 30 32 33 34 35 38 39 40 41 44 46 48 49 50 52 53 58 60 62 65 66 68 72 75 76 79 83 86 88 90 91 92 95 96 97 98 99 100 102 103 104 108 110 111 112 114 117 118 119 122 123 124 125 126 128 132 135 136 137 146 147 148 150 155 156 160 163 165 168 169 170 171 172 175 179 181 182 185 186 187 190 191 192 195 196 197 198 201 207 208 212 213 215 219 220 227 229 232 233 234 236 238 239 240 241 245 249 257 258 259 261 262 263 264 265 267 272 273 275 278 281 286 288 290 292 293 294 296 297 84 246 248 202 274 189 78 101 139 269 85 22 280 194 291 284 133 177 174 19 87 154 127 200 130 20 70 1 231 74 141 206 54 24 253 157 144 224 77 13 
Number of disconnected nodes: 189
Max available bandwidth: 12700 Kbps
Average throughput: 6824.56 Kbps
Throughput to bandwidth ratio: 0.537367
Packet loss percentage: 41.7265%
Average delay: 2354.51 ms
Average jitter: 566.351 ms
G_L: 0.37

Nodes disconnected: 193 69 3 115 159 0 4 5 6 8 9 10 12 16 17 21 23 26 28 29 30 32 33 34 35 38 39 40 41 44 46 48 49 50 52 53 58 60 62 65 66 68 72 75 76 79 83 86 88 90 91 92 95 96 97 98 99 100 102 103 104 108 110 111 112 114 117 118 119 122 123 124 125 126 128 132 135 136 137 146 147 148 150 155 156 160 163 165 168 169 170 171 172 175 179 181 182 185 186 187 190 191 192 195 196 197 198 201 207 208 212 213 215 219 220 227 229 232 233 234 236 238 239 240 241 245 249 257 258 259 261 262 263 264 265 267 272 273 275 278 281 286 288 290 292 293 294 296 297 84 246 248 202 274 189 78 101 139 269 85 22 280 194 291 284 133 177 174 19 87 154 127 200 130 20 70 1 231 74 141 206 54 24 253 157 144 224 77 13 271 
Number of disconnected nodes: 190
Max available bandwidth: 12700 Kbps
Average throughput: 6809.73 Kbps
Throughput to bandwidth ratio: 0.536199
Packet loss percentage: 41.7232%
Average delay: 2308.66 ms
Average jitter: 560.453 ms
G_L: 0.3667

Nodes disconnected: 193 69 3 115 159 0 4 5 6 8 9 10 12 16 17 21 23 26 28 29 30 32 33 34 35 38 39 40 41 44 46 48 49 50 52 53 58 60 62 65 66 68 72 75 76 79 83 86 88 90 91 92 95 96 97 98 99 100 102 103 104 108 110 111 112 114 117 118 119 122 123 124 125 126 128 132 135 136 137 146 147 148 150 155 156 160 163 165 168 169 170 171 172 175 179 181 182 185 186 187 190 191 192 195 196 197 198 201 207 208 212 213 215 219 220 227 229 232 233 234 236 238 239 240 241 245 249 257 258 259 261 262 263 264 265 267 272 273 275 278 281 286 288 290 292 293 294 296 297 84 246 248 202 274 189 78 101 139 269 85 22 280 194 291 284 133 177 174 19 87 154 127 200 130 20 70 1 231 74 141 206 54 24 253 157 144 224 77 13 271 116 
Number of disconnected nodes: 191
Max available bandwidth: 12700 Kbps
Average throughput: 6799.17 Kbps
Throughput to bandwidth ratio: 0.535367
Packet loss percentage: 41.6535%
Average delay: 2372.33 ms
Average jitter: 543.456 ms
G_L: 0.3633

Nodes disconnected: 193 69 3 115 159 0 4 5 6 8 9 10 12 16 17 21 23 26 28 29 30 32 33 34 35 38 39 40 41 44 46 48 49 50 52 53 58 60 62 65 66 68 72 75 76 79 83 86 88 90 91 92 95 96 97 98 99 100 102 103 104 108 110 111 112 114 117 118 119 122 123 124 125 126 128 132 135 136 137 146 147 148 150 155 156 160 163 165 168 169 170 171 172 175 179 181 182 185 186 187 190 191 192 195 196 197 198 201 207 208 212 213 215 219 220 227 229 232 233 234 236 238 239 240 241 245 249 257 258 259 261 262 263 264 265 267 272 273 275 278 281 286 288 290 292 293 294 296 297 84 246 248 202 274 189 78 101 139 269 85 22 280 194 291 284 133 177 174 19 87 154 127 200 130 20 70 1 231 74 141 206 54 24 253 157 144 224 77 13 271 116 42 
Number of disconnected nodes: 192
Max available bandwidth: 12600 Kbps
Average throughput: 6668.24 Kbps
Throughput to bandwidth ratio: 0.529226
Packet loss percentage: 42.0701%
Average delay: 2212.5 ms
Average jitter: 549.173 ms
G_L: 0.36

Nodes disconnected: 193 69 3 115 159 0 4 5 6 8 9 10 12 16 17 21 23 26 28 29 30 32 33 34 35 38 39 40 41 44 46 48 49 50 52 53 58 60 62 65 66 68 72 75 76 79 83 86 88 90 91 92 95 96 97 98 99 100 102 103 104 108 110 111 112 114 117 118 119 122 123 124 125 126 128 132 135 136 137 146 147 148 150 155 156 160 163 165 168 169 170 171 172 175 179 181 182 185 186 187 190 191 192 195 196 197 198 201 207 208 212 213 215 219 220 227 229 232 233 234 236 238 239 240 241 245 249 257 258 259 261 262 263 264 265 267 272 273 275 278 281 286 288 290 292 293 294 296 297 84 246 248 202 274 189 78 101 139 269 85 22 280 194 291 284 133 177 174 19 87 154 127 200 130 20 70 1 231 74 141 206 54 24 253 157 144 224 77 13 271 116 42 167 
Number of disconnected nodes: 193
Max available bandwidth: 12500 Kbps
Average throughput: 6621.96 Kbps
Throughput to bandwidth ratio: 0.529757
Packet loss percentage: 42.2008%
Average delay: 2224.51 ms
Average jitter: 548.161 ms
G_L: 0.3567

Nodes disconnected: 193 69 3 115 159 0 4 5 6 8 9 10 12 16 17 21 23 26 28 29 30 32 33 34 35 38 39 40 41 44 46 48 49 50 52 53 58 60 62 65 66 68 72 75 76 79 83 86 88 90 91 92 95 96 97 98 99 100 102 103 104 108 110 111 112 114 117 118 119 122 123 124 125 126 128 132 135 136 137 146 147 148 150 155 156 160 163 165 168 169 170 171 172 175 179 181 182 185 186 187 190 191 192 195 196 197 198 201 207 208 212 213 215 219 220 227 229 232 233 234 236 238 239 240 241 245 249 257 258 259 261 262 263 264 265 267 272 273 275 278 281 286 288 290 292 293 294 296 297 84 246 248 202 274 189 78 101 139 269 85 22 280 194 291 284 133 177 174 19 87 154 127 200 130 20 70 1 231 74 141 206 54 24 253 157 144 224 77 13 271 116 42 167 89 25 
Number of disconnected nodes: 195
Max available bandwidth: 12100 Kbps
Average throughput: 6516.97 Kbps
Throughput to bandwidth ratio: 0.538593
Packet loss percentage: 41.8717%
Average delay: 2119.88 ms
Average jitter: 556.297 ms
G_L: 0.35

Nodes disconnected: 193 69 3 115 159 0 4 5 6 8 9 10 12 16 17 21 23 26 28 29 30 32 33 34 35 38 39 40 41 44 46 48 49 50 52 53 58 60 62 65 66 68 72 75 76 79 83 86 88 90 91 92 95 96 97 98 99 100 102 103 104 108 110 111 112 114 117 118 119 122 123 124 125 126 128 132 135 136 137 146 147 148 150 155 156 160 163 165 168 169 170 171 172 175 179 181 182 185 186 187 190 191 192 195 196 197 198 201 207 208 212 213 215 219 220 227 229 232 233 234 236 238 239 240 241 245 249 257 258 259 261 262 263 264 265 267 272 273 275 278 281 286 288 290 292 293 294 296 297 84 246 248 202 274 189 78 101 139 269 85 22 280 194 291 284 133 177 174 19 87 154 127 200 130 20 70 1 231 74 141 206 54 24 253 157 144 224 77 13 271 116 42 167 89 25 11 
Number of disconnected nodes: 196
Max available bandwidth: 11900 Kbps
Average throughput: 6503.84 Kbps
Throughput to bandwidth ratio: 0.546542
Packet loss percentage: 42.0794%
Average delay: 2217.87 ms
Average jitter: 556.513 ms
G_L: 0.3467

Nodes disconnected: 193 69 3 115 159 0 4 5 6 8 9 10 12 16 17 21 23 26 28 29 30 32 33 34 35 38 39 40 41 44 46 48 49 50 52 53 58 60 62 65 66 68 72 75 76 79 83 86 88 90 91 92 95 96 97 98 99 100 102 103 104 108 110 111 112 114 117 118 119 122 123 124 125 126 128 132 135 136 137 146 147 148 150 155 156 160 163 165 168 169 170 171 172 175 179 181 182 185 186 187 190 191 192 195 196 197 198 201 207 208 212 213 215 219 220 227 229 232 233 234 236 238 239 240 241 245 249 257 258 259 261 262 263 264 265 267 272 273 275 278 281 286 288 290 292 293 294 296 297 84 246 248 202 274 189 78 101 139 269 85 22 280 194 291 284 133 177 174 19 87 154 127 200 130 20 70 1 231 74 141 206 54 24 253 157 144 224 77 13 271 116 42 167 89 25 11 188 
Number of disconnected nodes: 197
Max available bandwidth: 11800 Kbps
Average throughput: 6451.7 Kbps
Throughput to bandwidth ratio: 0.546754
Packet loss percentage: 41.5955%
Average delay: 2183.89 ms
Average jitter: 554.987 ms
G_L: 0.3433

Nodes disconnected: 193 69 3 115 159 0 4 5 6 8 9 10 12 16 17 21 23 26 28 29 30 32 33 34 35 38 39 40 41 44 46 48 49 50 52 53 58 60 62 65 66 68 72 75 76 79 83 86 88 90 91 92 95 96 97 98 99 100 102 103 104 108 110 111 112 114 117 118 119 122 123 124 125 126 128 132 135 136 137 146 147 148 150 155 156 160 163 165 168 169 170 171 172 175 179 181 182 185 186 187 190 191 192 195 196 197 198 201 207 208 212 213 215 219 220 227 229 232 233 234 236 238 239 240 241 245 249 257 258 259 261 262 263 264 265 267 272 273 275 278 281 286 288 290 292 293 294 296 297 84 246 248 202 274 189 78 101 139 269 85 22 280 194 291 284 133 177 174 19 87 154 127 200 130 20 70 1 231 74 141 206 54 24 253 157 144 224 77 13 271 116 42 167 89 25 11 188 228 
Number of disconnected nodes: 198
Max available bandwidth: 11800 Kbps
Average throughput: 6439.62 Kbps
Throughput to bandwidth ratio: 0.54573
Packet loss percentage: 41.3299%
Average delay: 2179.25 ms
Average jitter: 551.509 ms
G_L: 0.34

Nodes disconnected: 193 69 3 115 159 0 4 5 6 8 9 10 12 16 17 21 23 26 28 29 30 32 33 34 35 38 39 40 41 44 46 48 49 50 52 53 58 60 62 65 66 68 72 75 76 79 83 86 88 90 91 92 95 96 97 98 99 100 102 103 104 108 110 111 112 114 117 118 119 122 123 124 125 126 128 132 135 136 137 146 147 148 150 155 156 160 163 165 168 169 170 171 172 175 179 181 182 185 186 187 190 191 192 195 196 197 198 201 207 208 212 213 215 219 220 227 229 232 233 234 236 238 239 240 241 245 249 257 258 259 261 262 263 264 265 267 272 273 275 278 281 286 288 290 292 293 294 296 297 84 246 248 202 274 189 78 101 139 269 85 22 280 194 291 284 133 177 174 19 87 154 127 200 130 20 70 1 231 74 141 206 54 24 253 157 144 224 77 13 271 116 42 167 89 25 11 188 228 205 
Number of disconnected nodes: 199
Max available bandwidth: 11800 Kbps
Average throughput: 6411.77 Kbps
Throughput to bandwidth ratio: 0.54337
Packet loss percentage: 41.4953%
Average delay: 2245.73 ms
Average jitter: 553.134 ms
G_L: 0.3367

Nodes disconnected: 193 69 3 115 159 0 4 5 6 8 9 10 12 16 17 21 23 26 28 29 30 32 33 34 35 38 39 40 41 44 46 48 49 50 52 53 58 60 62 65 66 68 72 75 76 79 83 86 88 90 91 92 95 96 97 98 99 100 102 103 104 108 110 111 112 114 117 118 119 122 123 124 125 126 128 132 135 136 137 146 147 148 150 155 156 160 163 165 168 169 170 171 172 175 179 181 182 185 186 187 190 191 192 195 196 197 198 201 207 208 212 213 215 219 220 227 229 232 233 234 236 238 239 240 241 245 249 257 258 259 261 262 263 264 265 267 272 273 275 278 281 286 288 290 292 293 294 296 297 84 246 248 202 274 189 78 101 139 269 85 22 280 194 291 284 133 177 174 19 87 154 127 200 130 20 70 1 231 74 141 206 54 24 253 157 144 224 77 13 271 116 42 167 89 25 11 188 228 205 209 143 
Number of disconnected nodes: 201
Max available bandwidth: 11600 Kbps
Average throughput: 6259.59 Kbps
Throughput to bandwidth ratio: 0.53962
Packet loss percentage: 42.1089%
Average delay: 2194.62 ms
Average jitter: 543.448 ms
G_L: 0.33

Nodes disconnected: 193 69 3 115 159 0 4 5 6 8 9 10 12 16 17 21 23 26 28 29 30 32 33 34 35 38 39 40 41 44 46 48 49 50 52 53 58 60 62 65 66 68 72 75 76 79 83 86 88 90 91 92 95 96 97 98 99 100 102 103 104 108 110 111 112 114 117 118 119 122 123 124 125 126 128 132 135 136 137 146 147 148 150 155 156 160 163 165 168 169 170 171 172 175 179 181 182 185 186 187 190 191 192 195 196 197 198 201 207 208 212 213 215 219 220 227 229 232 233 234 236 238 239 240 241 245 249 257 258 259 261 262 263 264 265 267 272 273 275 278 281 286 288 290 292 293 294 296 297 84 246 248 202 274 189 78 101 139 269 85 22 280 194 291 284 133 177 174 19 87 154 127 200 130 20 70 1 231 74 141 206 54 24 253 157 144 224 77 13 271 116 42 167 89 25 11 188 228 205 209 143 80 7 
Number of disconnected nodes: 203
Max available bandwidth: 11400 Kbps
Average throughput: 6123.11 Kbps
Throughput to bandwidth ratio: 0.537115
Packet loss percentage: 42.1048%
Average delay: 2080.25 ms
Average jitter: 522.448 ms
G_L: 0.3233

Nodes disconnected: 193 69 3 115 159 0 4 5 6 8 9 10 12 16 17 21 23 26 28 29 30 32 33 34 35 38 39 40 41 44 46 48 49 50 52 53 58 60 62 65 66 68 72 75 76 79 83 86 88 90 91 92 95 96 97 98 99 100 102 103 104 108 110 111 112 114 117 118 119 122 123 124 125 126 128 132 135 136 137 146 147 148 150 155 156 160 163 165 168 169 170 171 172 175 179 181 182 185 186 187 190 191 192 195 196 197 198 201 207 208 212 213 215 219 220 227 229 232 233 234 236 238 239 240 241 245 249 257 258 259 261 262 263 264 265 267 272 273 275 278 281 286 288 290 292 293 294 296 297 84 246 248 202 274 189 78 101 139 269 85 22 280 194 291 284 133 177 174 19 87 154 127 200 130 20 70 1 231 74 141 206 54 24 253 157 144 224 77 13 271 116 42 167 89 25 11 188 228 205 209 143 80 7 36 199 73 107 180 61 
Number of disconnected nodes: 209
Max available bandwidth: 10500 Kbps
Average throughput: 5643.32 Kbps
Throughput to bandwidth ratio: 0.537459
Packet loss percentage: 43.5106%
Average delay: 1864.05 ms
Average jitter: 492.877 ms
G_L: 0.3033

Nodes disconnected: 193 69 3 115 159 0 4 5 6 8 9 10 12 16 17 21 23 26 28 29 30 32 33 34 35 38 39 40 41 44 46 48 49 50 52 53 58 60 62 65 66 68 72 75 76 79 83 86 88 90 91 92 95 96 97 98 99 100 102 103 104 108 110 111 112 114 117 118 119 122 123 124 125 126 128 132 135 136 137 146 147 148 150 155 156 160 163 165 168 169 170 171 172 175 179 181 182 185 186 187 190 191 192 195 196 197 198 201 207 208 212 213 215 219 220 227 229 232 233 234 236 238 239 240 241 245 249 257 258 259 261 262 263 264 265 267 272 273 275 278 281 286 288 290 292 293 294 296 297 84 246 248 202 274 189 78 101 139 269 85 22 280 194 291 284 133 177 174 19 87 154 127 200 130 20 70 1 231 74 141 206 54 24 253 157 144 224 77 13 271 116 42 167 89 25 11 188 228 205 209 143 80 7 36 199 73 107 180 61 210 
Number of disconnected nodes: 210
Max available bandwidth: 10500 Kbps
Average throughput: 5481.43 Kbps
Throughput to bandwidth ratio: 0.522041
Packet loss percentage: 43.7658%
Average delay: 1921.85 ms
Average jitter: 503.001 ms
G_L: 0.3

Nodes disconnected: 193 69 3 115 159 0 4 5 6 8 9 10 12 16 17 21 23 26 28 29 30 32 33 34 35 38 39 40 41 44 46 48 49 50 52 53 58 60 62 65 66 68 72 75 76 79 83 86 88 90 91 92 95 96 97 98 99 100 102 103 104 108 110 111 112 114 117 118 119 122 123 124 125 126 128 132 135 136 137 146 147 148 150 155 156 160 163 165 168 169 170 171 172 175 179 181 182 185 186 187 190 191 192 195 196 197 198 201 207 208 212 213 215 219 220 227 229 232 233 234 236 238 239 240 241 245 249 257 258 259 261 262 263 264 265 267 272 273 275 278 281 286 288 290 292 293 294 296 297 84 246 248 202 274 189 78 101 139 269 85 22 280 194 291 284 133 177 174 19 87 154 127 200 130 20 70 1 231 74 141 206 54 24 253 157 144 224 77 13 271 116 42 167 89 25 11 188 228 205 209 143 80 7 36 199 73 107 180 61 210 295 
Number of disconnected nodes: 211
Max available bandwidth: 10500 Kbps
Average throughput: 5406.96 Kbps
Throughput to bandwidth ratio: 0.514948
Packet loss percentage: 43.9382%
Average delay: 1909.44 ms
Average jitter: 499.853 ms
G_L: 0.2967

Nodes disconnected: 193 69 3 115 159 0 4 5 6 8 9 10 12 16 17 21 23 26 28 29 30 32 33 34 35 38 39 40 41 44 46 48 49 50 52 53 58 60 62 65 66 68 72 75 76 79 83 86 88 90 91 92 95 96 97 98 99 100 102 103 104 108 110 111 112 114 117 118 119 122 123 124 125 126 128 132 135 136 137 146 147 148 150 155 156 160 163 165 168 169 170 171 172 175 179 181 182 185 186 187 190 191 192 195 196 197 198 201 207 208 212 213 215 219 220 227 229 232 233 234 236 238 239 240 241 245 249 257 258 259 261 262 263 264 265 267 272 273 275 278 281 286 288 290 292 293 294 296 297 84 246 248 202 274 189 78 101 139 269 85 22 280 194 291 284 133 177 174 19 87 154 127 200 130 20 70 1 231 74 141 206 54 24 253 157 144 224 77 13 271 116 42 167 89 25 11 188 228 205 209 143 80 7 36 199 73 107 180 61 210 295 299 93 254 
Number of disconnected nodes: 214
Max available bandwidth: 10000 Kbps
Average throughput: 4950.76 Kbps
Throughput to bandwidth ratio: 0.495076
Packet loss percentage: 46.0823%
Average delay: 2035.17 ms
Average jitter: 510.841 ms
G_L: 0.2867

Nodes disconnected: 193 69 3 115 159 0 4 5 6 8 9 10 12 16 17 21 23 26 28 29 30 32 33 34 35 38 39 40 41 44 46 48 49 50 52 53 58 60 62 65 66 68 72 75 76 79 83 86 88 90 91 92 95 96 97 98 99 100 102 103 104 108 110 111 112 114 117 118 119 122 123 124 125 126 128 132 135 136 137 146 147 148 150 155 156 160 163 165 168 169 170 171 172 175 179 181 182 185 186 187 190 191 192 195 196 197 198 201 207 208 212 213 215 219 220 227 229 232 233 234 236 238 239 240 241 245 249 257 258 259 261 262 263 264 265 267 272 273 275 278 281 286 288 290 292 293 294 296 297 84 246 248 202 274 189 78 101 139 269 85 22 280 194 291 284 133 177 174 19 87 154 127 200 130 20 70 1 231 74 141 206 54 24 253 157 144 224 77 13 271 116 42 167 89 25 11 188 228 205 209 143 80 7 36 199 73 107 180 61 210 295 299 93 254 216 27 
Number of disconnected nodes: 216
Max available bandwidth: 9800 Kbps
Average throughput: 4866.03 Kbps
Throughput to bandwidth ratio: 0.496533
Packet loss percentage: 45.583%
Average delay: 2286.29 ms
Average jitter: 529.916 ms
G_L: 0.28

Nodes disconnected: 193 69 3 115 159 0 4 5 6 8 9 10 12 16 17 21 23 26 28 29 30 32 33 34 35 38 39 40 41 44 46 48 49 50 52 53 58 60 62 65 66 68 72 75 76 79 83 86 88 90 91 92 95 96 97 98 99 100 102 103 104 108 110 111 112 114 117 118 119 122 123 124 125 126 128 132 135 136 137 146 147 148 150 155 156 160 163 165 168 169 170 171 172 175 179 181 182 185 186 187 190 191 192 195 196 197 198 201 207 208 212 213 215 219 220 227 229 232 233 234 236 238 239 240 241 245 249 257 258 259 261 262 263 264 265 267 272 273 275 278 281 286 288 290 292 293 294 296 297 84 246 248 202 274 189 78 101 139 269 85 22 280 194 291 284 133 177 174 19 87 154 127 200 130 20 70 1 231 74 141 206 54 24 253 157 144 224 77 13 271 116 42 167 89 25 11 188 228 205 209 143 80 7 36 199 73 107 180 61 210 295 299 93 254 216 27 256 131 230 173 81 18 283 94 
Number of disconnected nodes: 224
Max available bandwidth: 9300 Kbps
Average throughput: 4380.25 Kbps
Throughput to bandwidth ratio: 0.470995
Packet loss percentage: 46.3861%
Average delay: 1795.33 ms
Average jitter: 516.828 ms
G_L: 0.2533

Nodes disconnected: 193 69 3 115 159 0 4 5 6 8 9 10 12 16 17 21 23 26 28 29 30 32 33 34 35 38 39 40 41 44 46 48 49 50 52 53 58 60 62 65 66 68 72 75 76 79 83 86 88 90 91 92 95 96 97 98 99 100 102 103 104 108 110 111 112 114 117 118 119 122 123 124 125 126 128 132 135 136 137 146 147 148 150 155 156 160 163 165 168 169 170 171 172 175 179 181 182 185 186 187 190 191 192 195 196 197 198 201 207 208 212 213 215 219 220 227 229 232 233 234 236 238 239 240 241 245 249 257 258 259 261 262 263 264 265 267 272 273 275 278 281 286 288 290 292 293 294 296 297 84 246 248 202 274 189 78 101 139 269 85 22 280 194 291 284 133 177 174 19 87 154 127 200 130 20 70 1 231 74 141 206 54 24 253 157 144 224 77 13 271 116 42 167 89 25 11 188 228 205 209 143 80 7 36 199 73 107 180 61 210 295 299 93 254 216 27 256 131 230 173 81 18 283 94 2 
Number of disconnected nodes: 225
Max available bandwidth: 9200 Kbps
Average throughput: 4350.91 Kbps
Throughput to bandwidth ratio: 0.472925
Packet loss percentage: 46.036%
Average delay: 1877.77 ms
Average jitter: 526.574 ms
G_L: 0.25

Nodes disconnected: 193 69 3 115 159 0 4 5 6 8 9 10 12 16 17 21 23 26 28 29 30 32 33 34 35 38 39 40 41 44 46 48 49 50 52 53 58 60 62 65 66 68 72 75 76 79 83 86 88 90 91 92 95 96 97 98 99 100 102 103 104 108 110 111 112 114 117 118 119 122 123 124 125 126 128 132 135 136 137 146 147 148 150 155 156 160 163 165 168 169 170 171 172 175 179 181 182 185 186 187 190 191 192 195 196 197 198 201 207 208 212 213 215 219 220 227 229 232 233 234 236 238 239 240 241 245 249 257 258 259 261 262 263 264 265 267 272 273 275 278 281 286 288 290 292 293 294 296 297 84 246 248 202 274 189 78 101 139 269 85 22 280 194 291 284 133 177 174 19 87 154 127 200 130 20 70 1 231 74 141 206 54 24 253 157 144 224 77 13 271 116 42 167 89 25 11 188 228 205 209 143 80 7 36 199 73 107 180 61 210 295 299 93 254 216 27 256 131 230 173 81 18 283 94 2 183 282 289 63 
Number of disconnected nodes: 229
Max available bandwidth: 8900 Kbps
Average throughput: 3854.19 Kbps
Throughput to bandwidth ratio: 0.433055
Packet loss percentage: 48.1164%
Average delay: 1794 ms
Average jitter: 504.39 ms
G_L: 0.2367

Nodes disconnected: 193 69 3 115 159 0 4 5 6 8 9 10 12 16 17 21 23 26 28 29 30 32 33 34 35 38 39 40 41 44 46 48 49 50 52 53 58 60 62 65 66 68 72 75 76 79 83 86 88 90 91 92 95 96 97 98 99 100 102 103 104 108 110 111 112 114 117 118 119 122 123 124 125 126 128 132 135 136 137 146 147 148 150 155 156 160 163 165 168 169 170 171 172 175 179 181 182 185 186 187 190 191 192 195 196 197 198 201 207 208 212 213 215 219 220 227 229 232 233 234 236 238 239 240 241 245 249 257 258 259 261 262 263 264 265 267 272 273 275 278 281 286 288 290 292 293 294 296 297 84 246 248 202 274 189 78 101 139 269 85 22 280 194 291 284 133 177 174 19 87 154 127 200 130 20 70 1 231 74 141 206 54 24 253 157 144 224 77 13 271 116 42 167 89 25 11 188 228 205 209 143 80 7 36 199 73 107 180 61 210 295 299 93 254 216 27 256 131 230 173 81 18 283 94 2 183 282 289 63 129 260 134 138 266 140 268 14 15 142 145 270 276 149 277 151 152 153 279 285 158 31 287 161 162 164 37 166 298 43 45 47 176 178 51 55 56 57 184 59 64 67 71 203 204 82 211 214 217 218 221 222 223 225 226 105 106 235 109 237 113 242 243 244 247 120 121 250 251 252 255 
Number of disconnected nodes: 300
Max available bandwidth: 0 Kbps
Average throughput: 0 Kbps
Throughput to bandwidth ratio: -nan
Packet loss percentage: -nan%
Average delay: -nan ms
Average jitter: -nan ms
G_L: 0

