Nodes disconnected: 
Number of disconnected nodes: 0
Max available bandwidth: 33400 Kbps
Average throughput: 17076.9 Kbps
Throughput to bandwidth ratio: 0.511283
Packet loss percentage: 5.23245%
Average delay: 8205.08 ms
Average jitter: 4657.21 ms
G_L: 1

Nodes disconnected: 234 
Number of disconnected nodes: 1
Max available bandwidth: 33400 Kbps
Average throughput: 17051.6 Kbps
Throughput to bandwidth ratio: 0.510527
Packet loss percentage: 5.1857%
Average delay: 7267.3 ms
Average jitter: 3956.57 ms
G_L: 0.9967

Nodes disconnected: 234 83 292 
Number of disconnected nodes: 3
Max available bandwidth: 33300 Kbps
Average throughput: 16903.7 Kbps
Throughput to bandwidth ratio: 0.507619
Packet loss percentage: 5.14127%
Average delay: 7835.04 ms
Average jitter: 4405.37 ms
G_L: 0.99

Nodes disconnected: 234 83 292 27 
Number of disconnected nodes: 4
Max available bandwidth: 33200 Kbps
Average throughput: 16852.4 Kbps
Throughput to bandwidth ratio: 0.507601
Packet loss percentage: 5.21761%
Average delay: 8065.94 ms
Average jitter: 4338.56 ms
G_L: 0.9867

Nodes disconnected: 234 83 292 27 26 275 
Number of disconnected nodes: 6
Max available bandwidth: 33100 Kbps
Average throughput: 16837.1 Kbps
Throughput to bandwidth ratio: 0.508675
Packet loss percentage: 5.26386%
Average delay: 7861.44 ms
Average jitter: 4517.76 ms
G_L: 0.98

Nodes disconnected: 234 83 292 27 26 275 224 144 77 13 
Number of disconnected nodes: 10
Max available bandwidth: 32800 Kbps
Average throughput: 16513.7 Kbps
Throughput to bandwidth ratio: 0.503466
Packet loss percentage: 5.18488%
Average delay: 7619.3 ms
Average jitter: 4279.72 ms
G_L: 0.9667

Nodes disconnected: 234 83 292 27 26 275 224 144 77 13 236 
Number of disconnected nodes: 11
Max available bandwidth: 32800 Kbps
Average throughput: 16462.9 Kbps
Throughput to bandwidth ratio: 0.501919
Packet loss percentage: 5.29334%
Average delay: 8032.96 ms
Average jitter: 4163.29 ms
G_L: 0.9633

Nodes disconnected: 234 83 292 27 26 275 224 144 77 13 236 0 3 4 5 6 8 9 10 12 16 17 21 23 28 29 30 32 33 34 35 38 39 40 41 44 46 48 49 50 52 53 58 60 62 65 66 68 69 72 75 76 79 86 88 90 91 92 95 96 97 98 99 100 102 103 104 108 110 111 112 114 115 117 118 119 122 123 124 125 126 128 132 135 136 137 146 147 148 150 155 156 159 160 163 165 168 169 170 171 172 175 179 181 182 185 186 187 190 191 192 193 195 196 197 198 201 207 208 212 213 215 219 220 227 229 232 233 238 239 240 241 245 249 257 258 259 261 262 263 264 265 267 272 273 278 281 286 288 290 293 294 296 297 
Number of disconnected nodes: 154
Max available bandwidth: 15500 Kbps
Average throughput: 7148.2 Kbps
Throughput to bandwidth ratio: 0.461174
Packet loss percentage: 34.0432%
Average delay: 8945.04 ms
Average jitter: 3679.78 ms
G_L: 0.4867

Nodes disconnected: 234 83 292 27 26 275 224 144 77 13 236 0 3 4 5 6 8 9 10 12 16 17 21 23 28 29 30 32 33 34 35 38 39 40 41 44 46 48 49 50 52 53 58 60 62 65 66 68 69 72 75 76 79 86 88 90 91 92 95 96 97 98 99 100 102 103 104 108 110 111 112 114 115 117 118 119 122 123 124 125 126 128 132 135 136 137 146 147 148 150 155 156 159 160 163 165 168 169 170 171 172 175 179 181 182 185 186 187 190 191 192 193 195 196 197 198 201 207 208 212 213 215 219 220 227 229 232 233 238 239 240 241 245 249 257 258 259 261 262 263 264 265 267 272 273 278 281 286 288 290 293 294 296 297 209 
Number of disconnected nodes: 155
Max available bandwidth: 15500 Kbps
Average throughput: 6951.81 Kbps
Throughput to bandwidth ratio: 0.448504
Packet loss percentage: 35.1374%
Average delay: 7931.78 ms
Average jitter: 3051.61 ms
G_L: 0.4833

Nodes disconnected: 234 83 292 27 26 275 224 144 77 13 236 0 3 4 5 6 8 9 10 12 16 17 21 23 28 29 30 32 33 34 35 38 39 40 41 44 46 48 49 50 52 53 58 60 62 65 66 68 69 72 75 76 79 86 88 90 91 92 95 96 97 98 99 100 102 103 104 108 110 111 112 114 115 117 118 119 122 123 124 125 126 128 132 135 136 137 146 147 148 150 155 156 159 160 163 165 168 169 170 171 172 175 179 181 182 185 186 187 190 191 192 193 195 196 197 198 201 207 208 212 213 215 219 220 227 229 232 233 238 239 240 241 245 249 257 258 259 261 262 263 264 265 267 272 273 278 281 286 288 290 293 294 296 297 209 64 37 134 184 221 
Number of disconnected nodes: 160
Max available bandwidth: 15000 Kbps
Average throughput: 6666.94 Kbps
Throughput to bandwidth ratio: 0.444463
Packet loss percentage: 38.6097%
Average delay: 6981.58 ms
Average jitter: 2311.67 ms
G_L: 0.4667

Nodes disconnected: 234 83 292 27 26 275 224 144 77 13 236 0 3 4 5 6 8 9 10 12 16 17 21 23 28 29 30 32 33 34 35 38 39 40 41 44 46 48 49 50 52 53 58 60 62 65 66 68 69 72 75 76 79 86 88 90 91 92 95 96 97 98 99 100 102 103 104 108 110 111 112 114 115 117 118 119 122 123 124 125 126 128 132 135 136 137 146 147 148 150 155 156 159 160 163 165 168 169 170 171 172 175 179 181 182 185 186 187 190 191 192 193 195 196 197 198 201 207 208 212 213 215 219 220 227 229 232 233 238 239 240 241 245 249 257 258 259 261 262 263 264 265 267 272 273 278 281 286 288 290 293 294 296 297 209 64 37 134 184 221 54 
Number of disconnected nodes: 161
Max available bandwidth: 14900 Kbps
Average throughput: 6638.84 Kbps
Throughput to bandwidth ratio: 0.44556
Packet loss percentage: 35.4663%
Average delay: 8583.36 ms
Average jitter: 3518.05 ms
G_L: 0.4633

Nodes disconnected: 234 83 292 27 26 275 224 144 77 13 236 0 3 4 5 6 8 9 10 12 16 17 21 23 28 29 30 32 33 34 35 38 39 40 41 44 46 48 49 50 52 53 58 60 62 65 66 68 69 72 75 76 79 86 88 90 91 92 95 96 97 98 99 100 102 103 104 108 110 111 112 114 115 117 118 119 122 123 124 125 126 128 132 135 136 137 146 147 148 150 155 156 159 160 163 165 168 169 170 171 172 175 179 181 182 185 186 187 190 191 192 193 195 196 197 198 201 207 208 212 213 215 219 220 227 229 232 233 238 239 240 241 245 249 257 258 259 261 262 263 264 265 267 272 273 278 281 286 288 290 293 294 296 297 209 64 37 134 184 221 54 228 
Number of disconnected nodes: 162
Max available bandwidth: 14900 Kbps
Average throughput: 6640.15 Kbps
Throughput to bandwidth ratio: 0.445648
Packet loss percentage: 35.5406%
Average delay: 8196.17 ms
Average jitter: 3388.67 ms
G_L: 0.46

Nodes disconnected: 234 83 292 27 26 275 224 144 77 13 236 0 3 4 5 6 8 9 10 12 16 17 21 23 28 29 30 32 33 34 35 38 39 40 41 44 46 48 49 50 52 53 58 60 62 65 66 68 69 72 75 76 79 86 88 90 91 92 95 96 97 98 99 100 102 103 104 108 110 111 112 114 115 117 118 119 122 123 124 125 126 128 132 135 136 137 146 147 148 150 155 156 159 160 163 165 168 169 170 171 172 175 179 181 182 185 186 187 190 191 192 193 195 196 197 198 201 207 208 212 213 215 219 220 227 229 232 233 238 239 240 241 245 249 257 258 259 261 262 263 264 265 267 272 273 278 281 286 288 290 293 294 296 297 209 64 37 134 184 221 54 228 210 
Number of disconnected nodes: 163
Max available bandwidth: 14900 Kbps
Average throughput: 6515 Kbps
Throughput to bandwidth ratio: 0.437248
Packet loss percentage: 36.9582%
Average delay: 7527.1 ms
Average jitter: 2841.5 ms
G_L: 0.4567

Nodes disconnected: 234 83 292 27 26 275 224 144 77 13 236 0 3 4 5 6 8 9 10 12 16 17 21 23 28 29 30 32 33 34 35 38 39 40 41 44 46 48 49 50 52 53 58 60 62 65 66 68 69 72 75 76 79 86 88 90 91 92 95 96 97 98 99 100 102 103 104 108 110 111 112 114 115 117 118 119 122 123 124 125 126 128 132 135 136 137 146 147 148 150 155 156 159 160 163 165 168 169 170 171 172 175 179 181 182 185 186 187 190 191 192 193 195 196 197 198 201 207 208 212 213 215 219 220 227 229 232 233 238 239 240 241 245 249 257 258 259 261 262 263 264 265 267 272 273 278 281 286 288 290 293 294 296 297 209 64 37 134 184 221 54 228 210 142 14 
Number of disconnected nodes: 165
Max available bandwidth: 14800 Kbps
Average throughput: 6364.25 Kbps
Throughput to bandwidth ratio: 0.430017
Packet loss percentage: 35.8906%
Average delay: 6603.66 ms
Average jitter: 2775.61 ms
G_L: 0.45

Nodes disconnected: 234 83 292 27 26 275 224 144 77 13 236 0 3 4 5 6 8 9 10 12 16 17 21 23 28 29 30 32 33 34 35 38 39 40 41 44 46 48 49 50 52 53 58 60 62 65 66 68 69 72 75 76 79 86 88 90 91 92 95 96 97 98 99 100 102 103 104 108 110 111 112 114 115 117 118 119 122 123 124 125 126 128 132 135 136 137 146 147 148 150 155 156 159 160 163 165 168 169 170 171 172 175 179 181 182 185 186 187 190 191 192 193 195 196 197 198 201 207 208 212 213 215 219 220 227 229 232 233 238 239 240 241 245 249 257 258 259 261 262 263 264 265 267 272 273 278 281 286 288 290 293 294 296 297 209 64 37 134 184 221 54 228 210 142 14 269 
Number of disconnected nodes: 166
Max available bandwidth: 14800 Kbps
Average throughput: 6446.98 Kbps
Throughput to bandwidth ratio: 0.435607
Packet loss percentage: 36.3279%
Average delay: 7838.14 ms
Average jitter: 2931.24 ms
G_L: 0.4467

Nodes disconnected: 234 83 292 27 26 275 224 144 77 13 236 0 3 4 5 6 8 9 10 12 16 17 21 23 28 29 30 32 33 34 35 38 39 40 41 44 46 48 49 50 52 53 58 60 62 65 66 68 69 72 75 76 79 86 88 90 91 92 95 96 97 98 99 100 102 103 104 108 110 111 112 114 115 117 118 119 122 123 124 125 126 128 132 135 136 137 146 147 148 150 155 156 159 160 163 165 168 169 170 171 172 175 179 181 182 185 186 187 190 191 192 193 195 196 197 198 201 207 208 212 213 215 219 220 227 229 232 233 238 239 240 241 245 249 257 258 259 261 262 263 264 265 267 272 273 278 281 286 288 290 293 294 296 297 209 64 37 134 184 221 54 228 210 142 14 269 138 298 
Number of disconnected nodes: 168
Max available bandwidth: 14700 Kbps
Average throughput: 6313.73 Kbps
Throughput to bandwidth ratio: 0.429506
Packet loss percentage: 35.713%
Average delay: 7938.66 ms
Average jitter: 3102.87 ms
G_L: 0.44

Nodes disconnected: 234 83 292 27 26 275 224 144 77 13 236 0 3 4 5 6 8 9 10 12 16 17 21 23 28 29 30 32 33 34 35 38 39 40 41 44 46 48 49 50 52 53 58 60 62 65 66 68 69 72 75 76 79 86 88 90 91 92 95 96 97 98 99 100 102 103 104 108 110 111 112 114 115 117 118 119 122 123 124 125 126 128 132 135 136 137 146 147 148 150 155 156 159 160 163 165 168 169 170 171 172 175 179 181 182 185 186 187 190 191 192 193 195 196 197 198 201 207 208 212 213 215 219 220 227 229 232 233 238 239 240 241 245 249 257 258 259 261 262 263 264 265 267 272 273 278 281 286 288 290 293 294 296 297 209 64 37 134 184 221 54 228 210 142 14 269 138 298 59 43 
Number of disconnected nodes: 170
Max available bandwidth: 14600 Kbps
Average throughput: 6208.75 Kbps
Throughput to bandwidth ratio: 0.425257
Packet loss percentage: 36.4148%
Average delay: 7536.29 ms
Average jitter: 3198.36 ms
G_L: 0.4333

Nodes disconnected: 234 83 292 27 26 275 224 144 77 13 236 0 3 4 5 6 8 9 10 12 16 17 21 23 28 29 30 32 33 34 35 38 39 40 41 44 46 48 49 50 52 53 58 60 62 65 66 68 69 72 75 76 79 86 88 90 91 92 95 96 97 98 99 100 102 103 104 108 110 111 112 114 115 117 118 119 122 123 124 125 126 128 132 135 136 137 146 147 148 150 155 156 159 160 163 165 168 169 170 171 172 175 179 181 182 185 186 187 190 191 192 193 195 196 197 198 201 207 208 212 213 215 219 220 227 229 232 233 238 239 240 241 245 249 257 258 259 261 262 263 264 265 267 272 273 278 281 286 288 290 293 294 296 297 209 64 37 134 184 221 54 228 210 142 14 269 138 298 59 43 45 
Number of disconnected nodes: 171
Max available bandwidth: 14500 Kbps
Average throughput: 6212.34 Kbps
Throughput to bandwidth ratio: 0.428437
Packet loss percentage: 36.2988%
Average delay: 8262.54 ms
Average jitter: 3081.22 ms
G_L: 0.43

Nodes disconnected: 234 83 292 27 26 275 224 144 77 13 236 0 3 4 5 6 8 9 10 12 16 17 21 23 28 29 30 32 33 34 35 38 39 40 41 44 46 48 49 50 52 53 58 60 62 65 66 68 69 72 75 76 79 86 88 90 91 92 95 96 97 98 99 100 102 103 104 108 110 111 112 114 115 117 118 119 122 123 124 125 126 128 132 135 136 137 146 147 148 150 155 156 159 160 163 165 168 169 170 171 172 175 179 181 182 185 186 187 190 191 192 193 195 196 197 198 201 207 208 212 213 215 219 220 227 229 232 233 238 239 240 241 245 249 257 258 259 261 262 263 264 265 267 272 273 278 281 286 288 290 293 294 296 297 209 64 37 134 184 221 54 228 210 142 14 269 138 298 59 43 45 42 
Number of disconnected nodes: 172
Max available bandwidth: 14400 Kbps
Average throughput: 6228.06 Kbps
Throughput to bandwidth ratio: 0.432504
Packet loss percentage: 36.6487%
Average delay: 8071.44 ms
Average jitter: 2813.76 ms
G_L: 0.4267

Nodes disconnected: 234 83 292 27 26 275 224 144 77 13 236 0 3 4 5 6 8 9 10 12 16 17 21 23 28 29 30 32 33 34 35 38 39 40 41 44 46 48 49 50 52 53 58 60 62 65 66 68 69 72 75 76 79 86 88 90 91 92 95 96 97 98 99 100 102 103 104 108 110 111 112 114 115 117 118 119 122 123 124 125 126 128 132 135 136 137 146 147 148 150 155 156 159 160 163 165 168 169 170 171 172 175 179 181 182 185 186 187 190 191 192 193 195 196 197 198 201 207 208 212 213 215 219 220 227 229 232 233 238 239 240 241 245 249 257 258 259 261 262 263 264 265 267 272 273 278 281 286 288 290 293 294 296 297 209 64 37 134 184 221 54 228 210 142 14 269 138 298 59 43 45 42 216 
Number of disconnected nodes: 173
Max available bandwidth: 14300 Kbps
Average throughput: 6225 Kbps
Throughput to bandwidth ratio: 0.435315
Packet loss percentage: 37.8172%
Average delay: 8248.57 ms
Average jitter: 2351.08 ms
G_L: 0.4233

Nodes disconnected: 234 83 292 27 26 275 224 144 77 13 236 0 3 4 5 6 8 9 10 12 16 17 21 23 28 29 30 32 33 34 35 38 39 40 41 44 46 48 49 50 52 53 58 60 62 65 66 68 69 72 75 76 79 86 88 90 91 92 95 96 97 98 99 100 102 103 104 108 110 111 112 114 115 117 118 119 122 123 124 125 126 128 132 135 136 137 146 147 148 150 155 156 159 160 163 165 168 169 170 171 172 175 179 181 182 185 186 187 190 191 192 193 195 196 197 198 201 207 208 212 213 215 219 220 227 229 232 233 238 239 240 241 245 249 257 258 259 261 262 263 264 265 267 272 273 278 281 286 288 290 293 294 296 297 209 64 37 134 184 221 54 228 210 142 14 269 138 298 59 43 45 42 216 101 139 78 85 22 280 
Number of disconnected nodes: 179
Max available bandwidth: 13600 Kbps
Average throughput: 5848.51 Kbps
Throughput to bandwidth ratio: 0.430037
Packet loss percentage: 36.4966%
Average delay: 7340.86 ms
Average jitter: 2670.15 ms
G_L: 0.4033

Nodes disconnected: 234 83 292 27 26 275 224 144 77 13 236 0 3 4 5 6 8 9 10 12 16 17 21 23 28 29 30 32 33 34 35 38 39 40 41 44 46 48 49 50 52 53 58 60 62 65 66 68 69 72 75 76 79 86 88 90 91 92 95 96 97 98 99 100 102 103 104 108 110 111 112 114 115 117 118 119 122 123 124 125 126 128 132 135 136 137 146 147 148 150 155 156 159 160 163 165 168 169 170 171 172 175 179 181 182 185 186 187 190 191 192 193 195 196 197 198 201 207 208 212 213 215 219 220 227 229 232 233 238 239 240 241 245 249 257 258 259 261 262 263 264 265 267 272 273 278 281 286 288 290 293 294 296 297 209 64 37 134 184 221 54 228 210 142 14 269 138 298 59 43 45 42 216 101 139 78 85 22 280 173 
Number of disconnected nodes: 180
Max available bandwidth: 13600 Kbps
Average throughput: 5971.43 Kbps
Throughput to bandwidth ratio: 0.439076
Packet loss percentage: 38.0325%
Average delay: 7874.56 ms
Average jitter: 2043.65 ms
G_L: 0.4

Nodes disconnected: 234 83 292 27 26 275 224 144 77 13 236 0 3 4 5 6 8 9 10 12 16 17 21 23 28 29 30 32 33 34 35 38 39 40 41 44 46 48 49 50 52 53 58 60 62 65 66 68 69 72 75 76 79 86 88 90 91 92 95 96 97 98 99 100 102 103 104 108 110 111 112 114 115 117 118 119 122 123 124 125 126 128 132 135 136 137 146 147 148 150 155 156 159 160 163 165 168 169 170 171 172 175 179 181 182 185 186 187 190 191 192 193 195 196 197 198 201 207 208 212 213 215 219 220 227 229 232 233 238 239 240 241 245 249 257 258 259 261 262 263 264 265 267 272 273 278 281 286 288 290 293 294 296 297 209 64 37 134 184 221 54 228 210 142 14 269 138 298 59 43 45 42 216 101 139 78 85 22 280 173 194 291 284 133 
Number of disconnected nodes: 184
Max available bandwidth: 13200 Kbps
Average throughput: 5711.08 Kbps
Throughput to bandwidth ratio: 0.432658
Packet loss percentage: 35.8359%
Average delay: 7840.95 ms
Average jitter: 2567.09 ms
G_L: 0.3867

Nodes disconnected: 234 83 292 27 26 275 224 144 77 13 236 0 3 4 5 6 8 9 10 12 16 17 21 23 28 29 30 32 33 34 35 38 39 40 41 44 46 48 49 50 52 53 58 60 62 65 66 68 69 72 75 76 79 86 88 90 91 92 95 96 97 98 99 100 102 103 104 108 110 111 112 114 115 117 118 119 122 123 124 125 126 128 132 135 136 137 146 147 148 150 155 156 159 160 163 165 168 169 170 171 172 175 179 181 182 185 186 187 190 191 192 193 195 196 197 198 201 207 208 212 213 215 219 220 227 229 232 233 238 239 240 241 245 249 257 258 259 261 262 263 264 265 267 272 273 278 281 286 288 290 293 294 296 297 209 64 37 134 184 221 54 228 210 142 14 269 138 298 59 43 45 42 216 101 139 78 85 22 280 173 194 291 284 133 222 
Number of disconnected nodes: 185
Max available bandwidth: 13200 Kbps
Average throughput: 5510.52 Kbps
Throughput to bandwidth ratio: 0.417464
Packet loss percentage: 37.5854%
Average delay: 7637.96 ms
Average jitter: 2333.3 ms
G_L: 0.3833

Nodes disconnected: 234 83 292 27 26 275 224 144 77 13 236 0 3 4 5 6 8 9 10 12 16 17 21 23 28 29 30 32 33 34 35 38 39 40 41 44 46 48 49 50 52 53 58 60 62 65 66 68 69 72 75 76 79 86 88 90 91 92 95 96 97 98 99 100 102 103 104 108 110 111 112 114 115 117 118 119 122 123 124 125 126 128 132 135 136 137 146 147 148 150 155 156 159 160 163 165 168 169 170 171 172 175 179 181 182 185 186 187 190 191 192 193 195 196 197 198 201 207 208 212 213 215 219 220 227 229 232 233 238 239 240 241 245 249 257 258 259 261 262 263 264 265 267 272 273 278 281 286 288 290 293 294 296 297 209 64 37 134 184 221 54 228 210 142 14 269 138 298 59 43 45 42 216 101 139 78 85 22 280 173 194 291 284 133 222 2 277 
Number of disconnected nodes: 187
Max available bandwidth: 13100 Kbps
Average throughput: 5656.13 Kbps
Throughput to bandwidth ratio: 0.431766
Packet loss percentage: 36.6271%
Average delay: 7305.83 ms
Average jitter: 2196.22 ms
G_L: 0.3767

Nodes disconnected: 234 83 292 27 26 275 224 144 77 13 236 0 3 4 5 6 8 9 10 12 16 17 21 23 28 29 30 32 33 34 35 38 39 40 41 44 46 48 49 50 52 53 58 60 62 65 66 68 69 72 75 76 79 86 88 90 91 92 95 96 97 98 99 100 102 103 104 108 110 111 112 114 115 117 118 119 122 123 124 125 126 128 132 135 136 137 146 147 148 150 155 156 159 160 163 165 168 169 170 171 172 175 179 181 182 185 186 187 190 191 192 193 195 196 197 198 201 207 208 212 213 215 219 220 227 229 232 233 238 239 240 241 245 249 257 258 259 261 262 263 264 265 267 272 273 278 281 286 288 290 293 294 296 297 209 64 37 134 184 221 54 228 210 142 14 269 138 298 59 43 45 42 216 101 139 78 85 22 280 173 194 291 284 133 222 2 277 203 204 214 
Number of disconnected nodes: 190
Max available bandwidth: 12800 Kbps
Average throughput: 5393.83 Kbps
Throughput to bandwidth ratio: 0.421393
Packet loss percentage: 37.4973%
Average delay: 5715.53 ms
Average jitter: 1843.44 ms
G_L: 0.3667

Nodes disconnected: 234 83 292 27 26 275 224 144 77 13 236 0 3 4 5 6 8 9 10 12 16 17 21 23 28 29 30 32 33 34 35 38 39 40 41 44 46 48 49 50 52 53 58 60 62 65 66 68 69 72 75 76 79 86 88 90 91 92 95 96 97 98 99 100 102 103 104 108 110 111 112 114 115 117 118 119 122 123 124 125 126 128 132 135 136 137 146 147 148 150 155 156 159 160 163 165 168 169 170 171 172 175 179 181 182 185 186 187 190 191 192 193 195 196 197 198 201 207 208 212 213 215 219 220 227 229 232 233 238 239 240 241 245 249 257 258 259 261 262 263 264 265 267 272 273 278 281 286 288 290 293 294 296 297 209 64 37 134 184 221 54 228 210 142 14 269 138 298 59 43 45 42 216 101 139 78 85 22 280 173 194 291 284 133 222 2 277 203 204 214 89 
Number of disconnected nodes: 191
Max available bandwidth: 12800 Kbps
Average throughput: 5537.57 Kbps
Throughput to bandwidth ratio: 0.432623
Packet loss percentage: 36.1046%
Average delay: 7589.35 ms
Average jitter: 2363.21 ms
G_L: 0.3633

Nodes disconnected: 234 83 292 27 26 275 224 144 77 13 236 0 3 4 5 6 8 9 10 12 16 17 21 23 28 29 30 32 33 34 35 38 39 40 41 44 46 48 49 50 52 53 58 60 62 65 66 68 69 72 75 76 79 86 88 90 91 92 95 96 97 98 99 100 102 103 104 108 110 111 112 114 115 117 118 119 122 123 124 125 126 128 132 135 136 137 146 147 148 150 155 156 159 160 163 165 168 169 170 171 172 175 179 181 182 185 186 187 190 191 192 193 195 196 197 198 201 207 208 212 213 215 219 220 227 229 232 233 238 239 240 241 245 249 257 258 259 261 262 263 264 265 267 272 273 278 281 286 288 290 293 294 296 297 209 64 37 134 184 221 54 228 210 142 14 269 138 298 59 43 45 42 216 101 139 78 85 22 280 173 194 291 284 133 222 2 277 203 204 214 89 158 127 
Number of disconnected nodes: 193
Max available bandwidth: 12700 Kbps
Average throughput: 5342.24 Kbps
Throughput to bandwidth ratio: 0.420649
Packet loss percentage: 37.2255%
Average delay: 7085.5 ms
Average jitter: 2196.12 ms
G_L: 0.3567

Nodes disconnected: 234 83 292 27 26 275 224 144 77 13 236 0 3 4 5 6 8 9 10 12 16 17 21 23 28 29 30 32 33 34 35 38 39 40 41 44 46 48 49 50 52 53 58 60 62 65 66 68 69 72 75 76 79 86 88 90 91 92 95 96 97 98 99 100 102 103 104 108 110 111 112 114 115 117 118 119 122 123 124 125 126 128 132 135 136 137 146 147 148 150 155 156 159 160 163 165 168 169 170 171 172 175 179 181 182 185 186 187 190 191 192 193 195 196 197 198 201 207 208 212 213 215 219 220 227 229 232 233 238 239 240 241 245 249 257 258 259 261 262 263 264 265 267 272 273 278 281 286 288 290 293 294 296 297 209 64 37 134 184 221 54 228 210 142 14 269 138 298 59 43 45 42 216 101 139 78 85 22 280 173 194 291 284 133 222 2 277 203 204 214 89 158 127 47 
Number of disconnected nodes: 194
Max available bandwidth: 12600 Kbps
Average throughput: 5276.89 Kbps
Throughput to bandwidth ratio: 0.418801
Packet loss percentage: 38.1744%
Average delay: 6978.15 ms
Average jitter: 1755.99 ms
G_L: 0.3533

Nodes disconnected: 234 83 292 27 26 275 224 144 77 13 236 0 3 4 5 6 8 9 10 12 16 17 21 23 28 29 30 32 33 34 35 38 39 40 41 44 46 48 49 50 52 53 58 60 62 65 66 68 69 72 75 76 79 86 88 90 91 92 95 96 97 98 99 100 102 103 104 108 110 111 112 114 115 117 118 119 122 123 124 125 126 128 132 135 136 137 146 147 148 150 155 156 159 160 163 165 168 169 170 171 172 175 179 181 182 185 186 187 190 191 192 193 195 196 197 198 201 207 208 212 213 215 219 220 227 229 232 233 238 239 240 241 245 249 257 258 259 261 262 263 264 265 267 272 273 278 281 286 288 290 293 294 296 297 209 64 37 134 184 221 54 228 210 142 14 269 138 298 59 43 45 42 216 101 139 78 85 22 280 173 194 291 284 133 222 2 277 203 204 214 89 158 127 47 140 
Number of disconnected nodes: 195
Max available bandwidth: 12500 Kbps
Average throughput: 5196.15 Kbps
Throughput to bandwidth ratio: 0.415692
Packet loss percentage: 40.1153%
Average delay: 6257.2 ms
Average jitter: 1653.82 ms
G_L: 0.35

Nodes disconnected: 234 83 292 27 26 275 224 144 77 13 236 0 3 4 5 6 8 9 10 12 16 17 21 23 28 29 30 32 33 34 35 38 39 40 41 44 46 48 49 50 52 53 58 60 62 65 66 68 69 72 75 76 79 86 88 90 91 92 95 96 97 98 99 100 102 103 104 108 110 111 112 114 115 117 118 119 122 123 124 125 126 128 132 135 136 137 146 147 148 150 155 156 159 160 163 165 168 169 170 171 172 175 179 181 182 185 186 187 190 191 192 193 195 196 197 198 201 207 208 212 213 215 219 220 227 229 232 233 238 239 240 241 245 249 257 258 259 261 262 263 264 265 267 272 273 278 281 286 288 290 293 294 296 297 209 64 37 134 184 221 54 228 210 142 14 269 138 298 59 43 45 42 216 101 139 78 85 22 280 173 194 291 284 133 222 2 277 203 204 214 89 158 127 47 140 129 130 200 271 211 20 56 287 
Number of disconnected nodes: 203
Max available bandwidth: 12000 Kbps
Average throughput: 4955.98 Kbps
Throughput to bandwidth ratio: 0.412998
Packet loss percentage: 35.4993%
Average delay: 7878.35 ms
Average jitter: 2102.17 ms
G_L: 0.3233

Nodes disconnected: 234 83 292 27 26 275 224 144 77 13 236 0 3 4 5 6 8 9 10 12 16 17 21 23 28 29 30 32 33 34 35 38 39 40 41 44 46 48 49 50 52 53 58 60 62 65 66 68 69 72 75 76 79 86 88 90 91 92 95 96 97 98 99 100 102 103 104 108 110 111 112 114 115 117 118 119 122 123 124 125 126 128 132 135 136 137 146 147 148 150 155 156 159 160 163 165 168 169 170 171 172 175 179 181 182 185 186 187 190 191 192 193 195 196 197 198 201 207 208 212 213 215 219 220 227 229 232 233 238 239 240 241 245 249 257 258 259 261 262 263 264 265 267 272 273 278 281 286 288 290 293 294 296 297 209 64 37 134 184 221 54 228 210 142 14 269 138 298 59 43 45 42 216 101 139 78 85 22 280 173 194 291 284 133 222 2 277 203 204 214 89 158 127 47 140 129 130 200 271 211 20 56 287 248 279 31 
Number of disconnected nodes: 206
Max available bandwidth: 11800 Kbps
Average throughput: 4783.15 Kbps
Throughput to bandwidth ratio: 0.405351
Packet loss percentage: 36.3149%
Average delay: 6489.77 ms
Average jitter: 2062.27 ms
G_L: 0.3133

Nodes disconnected: 234 83 292 27 26 275 224 144 77 13 236 0 3 4 5 6 8 9 10 12 16 17 21 23 28 29 30 32 33 34 35 38 39 40 41 44 46 48 49 50 52 53 58 60 62 65 66 68 69 72 75 76 79 86 88 90 91 92 95 96 97 98 99 100 102 103 104 108 110 111 112 114 115 117 118 119 122 123 124 125 126 128 132 135 136 137 146 147 148 150 155 156 159 160 163 165 168 169 170 171 172 175 179 181 182 185 186 187 190 191 192 193 195 196 197 198 201 207 208 212 213 215 219 220 227 229 232 233 238 239 240 241 245 249 257 258 259 261 262 263 264 265 267 272 273 278 281 286 288 290 293 294 296 297 209 64 37 134 184 221 54 228 210 142 14 269 138 298 59 43 45 42 216 101 139 78 85 22 280 173 194 291 284 133 222 2 277 203 204 214 89 158 127 47 140 129 130 200 271 211 20 56 287 248 279 31 246 
Number of disconnected nodes: 207
Max available bandwidth: 11800 Kbps
Average throughput: 4820.78 Kbps
Throughput to bandwidth ratio: 0.408541
Packet loss percentage: 37.6813%
Average delay: 6158.61 ms
Average jitter: 1729.72 ms
G_L: 0.31

Nodes disconnected: 234 83 292 27 26 275 224 144 77 13 236 0 3 4 5 6 8 9 10 12 16 17 21 23 28 29 30 32 33 34 35 38 39 40 41 44 46 48 49 50 52 53 58 60 62 65 66 68 69 72 75 76 79 86 88 90 91 92 95 96 97 98 99 100 102 103 104 108 110 111 112 114 115 117 118 119 122 123 124 125 126 128 132 135 136 137 146 147 148 150 155 156 159 160 163 165 168 169 170 171 172 175 179 181 182 185 186 187 190 191 192 193 195 196 197 198 201 207 208 212 213 215 219 220 227 229 232 233 238 239 240 241 245 249 257 258 259 261 262 263 264 265 267 272 273 278 281 286 288 290 293 294 296 297 209 64 37 134 184 221 54 228 210 142 14 269 138 298 59 43 45 42 216 101 139 78 85 22 280 173 194 291 284 133 222 2 277 203 204 214 89 158 127 47 140 129 130 200 271 211 20 56 287 248 279 31 246 270 
Number of disconnected nodes: 208
Max available bandwidth: 11800 Kbps
Average throughput: 4644.21 Kbps
Throughput to bandwidth ratio: 0.393577
Packet loss percentage: 38.0633%
Average delay: 6151.85 ms
Average jitter: 1586.71 ms
G_L: 0.3067

Nodes disconnected: 234 83 292 27 26 275 224 144 77 13 236 0 3 4 5 6 8 9 10 12 16 17 21 23 28 29 30 32 33 34 35 38 39 40 41 44 46 48 49 50 52 53 58 60 62 65 66 68 69 72 75 76 79 86 88 90 91 92 95 96 97 98 99 100 102 103 104 108 110 111 112 114 115 117 118 119 122 123 124 125 126 128 132 135 136 137 146 147 148 150 155 156 159 160 163 165 168 169 170 171 172 175 179 181 182 185 186 187 190 191 192 193 195 196 197 198 201 207 208 212 213 215 219 220 227 229 232 233 238 239 240 241 245 249 257 258 259 261 262 263 264 265 267 272 273 278 281 286 288 290 293 294 296 297 209 64 37 134 184 221 54 228 210 142 14 269 138 298 59 43 45 42 216 101 139 78 85 22 280 173 194 291 284 133 222 2 277 203 204 214 89 158 127 47 140 129 130 200 271 211 20 56 287 248 279 31 246 270 299 93 174 254 
Number of disconnected nodes: 212
Max available bandwidth: 11300 Kbps
Average throughput: 4483.24 Kbps
Throughput to bandwidth ratio: 0.396747
Packet loss percentage: 37.4083%
Average delay: 5675.34 ms
Average jitter: 1356.31 ms
G_L: 0.2933

Nodes disconnected: 234 83 292 27 26 275 224 144 77 13 236 0 3 4 5 6 8 9 10 12 16 17 21 23 28 29 30 32 33 34 35 38 39 40 41 44 46 48 49 50 52 53 58 60 62 65 66 68 69 72 75 76 79 86 88 90 91 92 95 96 97 98 99 100 102 103 104 108 110 111 112 114 115 117 118 119 122 123 124 125 126 128 132 135 136 137 146 147 148 150 155 156 159 160 163 165 168 169 170 171 172 175 179 181 182 185 186 187 190 191 192 193 195 196 197 198 201 207 208 212 213 215 219 220 227 229 232 233 238 239 240 241 245 249 257 258 259 261 262 263 264 265 267 272 273 278 281 286 288 290 293 294 296 297 209 64 37 134 184 221 54 228 210 142 14 269 138 298 59 43 45 42 216 101 139 78 85 22 280 173 194 291 284 133 222 2 277 203 204 214 89 158 127 47 140 129 130 200 271 211 20 56 287 248 279 31 246 270 299 93 174 254 149 
Number of disconnected nodes: 213
Max available bandwidth: 11300 Kbps
Average throughput: 4571.02 Kbps
Throughput to bandwidth ratio: 0.404515
Packet loss percentage: 37.0571%
Average delay: 5559.25 ms
Average jitter: 1298.77 ms
G_L: 0.29

Nodes disconnected: 234 83 292 27 26 275 224 144 77 13 236 0 3 4 5 6 8 9 10 12 16 17 21 23 28 29 30 32 33 34 35 38 39 40 41 44 46 48 49 50 52 53 58 60 62 65 66 68 69 72 75 76 79 86 88 90 91 92 95 96 97 98 99 100 102 103 104 108 110 111 112 114 115 117 118 119 122 123 124 125 126 128 132 135 136 137 146 147 148 150 155 156 159 160 163 165 168 169 170 171 172 175 179 181 182 185 186 187 190 191 192 193 195 196 197 198 201 207 208 212 213 215 219 220 227 229 232 233 238 239 240 241 245 249 257 258 259 261 262 263 264 265 267 272 273 278 281 286 288 290 293 294 296 297 209 64 37 134 184 221 54 228 210 142 14 269 138 298 59 43 45 42 216 101 139 78 85 22 280 173 194 291 284 133 222 2 277 203 204 214 89 158 127 47 140 129 130 200 271 211 20 56 287 248 279 31 246 270 299 93 174 254 149 260 7 202 266 80 120 218 283 
Number of disconnected nodes: 221
Max available bandwidth: 10400 Kbps
Average throughput: 4212.28 Kbps
Throughput to bandwidth ratio: 0.405027
Packet loss percentage: 36.885%
Average delay: 5725.83 ms
Average jitter: 1247.73 ms
G_L: 0.2633

Nodes disconnected: 234 83 292 27 26 275 224 144 77 13 236 0 3 4 5 6 8 9 10 12 16 17 21 23 28 29 30 32 33 34 35 38 39 40 41 44 46 48 49 50 52 53 58 60 62 65 66 68 69 72 75 76 79 86 88 90 91 92 95 96 97 98 99 100 102 103 104 108 110 111 112 114 115 117 118 119 122 123 124 125 126 128 132 135 136 137 146 147 148 150 155 156 159 160 163 165 168 169 170 171 172 175 179 181 182 185 186 187 190 191 192 193 195 196 197 198 201 207 208 212 213 215 219 220 227 229 232 233 238 239 240 241 245 249 257 258 259 261 262 263 264 265 267 272 273 278 281 286 288 290 293 294 296 297 209 64 37 134 184 221 54 228 210 142 14 269 138 298 59 43 45 42 216 101 139 78 85 22 280 173 194 291 284 133 222 2 277 203 204 214 89 158 127 47 140 129 130 200 271 211 20 56 287 248 279 31 246 270 299 93 174 254 149 260 7 202 266 80 120 218 283 256 1 131 11 268 141 15 143 145 18 274 276 151 24 152 153 154 282 157 285 161 289 36 164 166 167 295 176 177 178 51 180 55 183 57 188 61 189 63 70 199 73 74 205 206 81 82 84 217 94 223 225 226 230 231 105 106 107 235 109 237 113 242 243 116 247 121 250 251 252 253 255 
Number of disconnected nodes: 293
Max available bandwidth: 800 Kbps
Average throughput: 455.389 Kbps
Throughput to bandwidth ratio: 0.569236
Packet loss percentage: 44.5529%
Average delay: 614.462 ms
Average jitter: 388.05 ms
G_L: 0.0233

Nodes disconnected: 234 83 292 27 26 275 224 144 77 13 236 0 3 4 5 6 8 9 10 12 16 17 21 23 28 29 30 32 33 34 35 38 39 40 41 44 46 48 49 50 52 53 58 60 62 65 66 68 69 72 75 76 79 86 88 90 91 92 95 96 97 98 99 100 102 103 104 108 110 111 112 114 115 117 118 119 122 123 124 125 126 128 132 135 136 137 146 147 148 150 155 156 159 160 163 165 168 169 170 171 172 175 179 181 182 185 186 187 190 191 192 193 195 196 197 198 201 207 208 212 213 215 219 220 227 229 232 233 238 239 240 241 245 249 257 258 259 261 262 263 264 265 267 272 273 278 281 286 288 290 293 294 296 297 209 64 37 134 184 221 54 228 210 142 14 269 138 298 59 43 45 42 216 101 139 78 85 22 280 173 194 291 284 133 222 2 277 203 204 214 89 158 127 47 140 129 130 200 271 211 20 56 287 248 279 31 246 270 299 93 174 254 149 260 7 202 266 80 120 218 283 256 1 131 11 268 141 15 143 145 18 274 276 151 24 152 153 154 282 157 285 161 289 36 164 166 167 295 176 177 178 51 180 55 183 57 188 61 189 63 70 199 73 74 205 206 81 82 84 217 94 223 225 226 230 231 105 106 107 235 109 237 113 242 243 116 247 121 250 251 252 253 255 162 67 71 19 244 87 25 
Number of disconnected nodes: 300
Max available bandwidth: 0 Kbps
Average throughput: 0 Kbps
Throughput to bandwidth ratio: -nan
Packet loss percentage: -nan%
Average delay: -nan ms
Average jitter: -nan ms
G_L: 0

