Nodes disconnected: 
Number of disconnected nodes: 0
Max available bandwidth: 33400 Kbps
Average throughput: 17074.3 Kbps
Throughput to bandwidth ratio: 0.511207
Packet loss percentage: 5.27228%
Average delay: 8421.88 ms
Average jitter: 4561.79 ms
G_L: 1

Nodes disconnected: 185 
Number of disconnected nodes: 1
Max available bandwidth: 33400 Kbps
Average throughput: 17029.1 Kbps
Throughput to bandwidth ratio: 0.509854
Packet loss percentage: 5.18069%
Average delay: 8303.97 ms
Average jitter: 4869.82 ms
G_L: 0.9967

Nodes disconnected: 185 0 3 4 5 6 8 9 10 12 16 17 21 23 26 28 29 30 32 33 34 35 38 39 40 41 44 46 48 49 50 52 53 58 60 62 65 66 68 69 72 75 76 79 83 86 88 90 91 92 95 96 97 98 99 100 102 103 104 108 110 111 112 114 115 117 118 119 122 123 124 125 126 128 132 135 136 137 146 147 148 150 155 156 159 160 163 165 168 169 170 171 172 175 179 181 182 186 187 190 191 192 193 195 196 197 198 201 207 208 212 213 215 219 220 227 229 232 233 234 236 238 239 240 241 245 249 257 258 259 261 262 263 264 265 267 272 273 275 278 281 286 288 290 292 293 294 296 297 
Number of disconnected nodes: 149
Max available bandwidth: 15900 Kbps
Average throughput: 7431.04 Kbps
Throughput to bandwidth ratio: 0.467361
Packet loss percentage: 35.4441%
Average delay: 7795.35 ms
Average jitter: 2941.57 ms
G_L: 0.5033

Nodes disconnected: 185 0 3 4 5 6 8 9 10 12 16 17 21 23 26 28 29 30 32 33 34 35 38 39 40 41 44 46 48 49 50 52 53 58 60 62 65 66 68 69 72 75 76 79 83 86 88 90 91 92 95 96 97 98 99 100 102 103 104 108 110 111 112 114 115 117 118 119 122 123 124 125 126 128 132 135 136 137 146 147 148 150 155 156 159 160 163 165 168 169 170 171 172 175 179 181 182 186 187 190 191 192 193 195 196 197 198 201 207 208 212 213 215 219 220 227 229 232 233 234 236 238 239 240 241 245 249 257 258 259 261 262 263 264 265 267 272 273 275 278 281 286 288 290 292 293 294 296 297 205 
Number of disconnected nodes: 150
Max available bandwidth: 15900 Kbps
Average throughput: 7332.99 Kbps
Throughput to bandwidth ratio: 0.461194
Packet loss percentage: 34.3887%
Average delay: 6827.67 ms
Average jitter: 2762.64 ms
G_L: 0.5

Nodes disconnected: 185 0 3 4 5 6 8 9 10 12 16 17 21 23 26 28 29 30 32 33 34 35 38 39 40 41 44 46 48 49 50 52 53 58 60 62 65 66 68 69 72 75 76 79 83 86 88 90 91 92 95 96 97 98 99 100 102 103 104 108 110 111 112 114 115 117 118 119 122 123 124 125 126 128 132 135 136 137 146 147 148 150 155 156 159 160 163 165 168 169 170 171 172 175 179 181 182 186 187 190 191 192 193 195 196 197 198 201 207 208 212 213 215 219 220 227 229 232 233 234 236 238 239 240 241 245 249 257 258 259 261 262 263 264 265 267 272 273 275 278 281 286 288 290 292 293 294 296 297 205 216 
Number of disconnected nodes: 151
Max available bandwidth: 15800 Kbps
Average throughput: 7181.58 Kbps
Throughput to bandwidth ratio: 0.45453
Packet loss percentage: 35.4526%
Average delay: 7883.55 ms
Average jitter: 3371.2 ms
G_L: 0.4967

Nodes disconnected: 185 0 3 4 5 6 8 9 10 12 16 17 21 23 26 28 29 30 32 33 34 35 38 39 40 41 44 46 48 49 50 52 53 58 60 62 65 66 68 69 72 75 76 79 83 86 88 90 91 92 95 96 97 98 99 100 102 103 104 108 110 111 112 114 115 117 118 119 122 123 124 125 126 128 132 135 136 137 146 147 148 150 155 156 159 160 163 165 168 169 170 171 172 175 179 181 182 186 187 190 191 192 193 195 196 197 198 201 207 208 212 213 215 219 220 227 229 232 233 234 236 238 239 240 241 245 249 257 258 259 261 262 263 264 265 267 272 273 275 278 281 286 288 290 292 293 294 296 297 205 216 2 277 
Number of disconnected nodes: 153
Max available bandwidth: 15700 Kbps
Average throughput: 7317.79 Kbps
Throughput to bandwidth ratio: 0.466101
Packet loss percentage: 34.487%
Average delay: 7173.78 ms
Average jitter: 2671.2 ms
G_L: 0.49

Nodes disconnected: 185 0 3 4 5 6 8 9 10 12 16 17 21 23 26 28 29 30 32 33 34 35 38 39 40 41 44 46 48 49 50 52 53 58 60 62 65 66 68 69 72 75 76 79 83 86 88 90 91 92 95 96 97 98 99 100 102 103 104 108 110 111 112 114 115 117 118 119 122 123 124 125 126 128 132 135 136 137 146 147 148 150 155 156 159 160 163 165 168 169 170 171 172 175 179 181 182 186 187 190 191 192 193 195 196 197 198 201 207 208 212 213 215 219 220 227 229 232 233 234 236 238 239 240 241 245 249 257 258 259 261 262 263 264 265 267 272 273 275 278 281 286 288 290 292 293 294 296 297 205 216 2 277 1 130 231 200 74 141 206 20 54 24 253 157 
Number of disconnected nodes: 165
Max available bandwidth: 14600 Kbps
Average throughput: 6766.29 Kbps
Throughput to bandwidth ratio: 0.463444
Packet loss percentage: 32.6593%
Average delay: 8542.53 ms
Average jitter: 2942.38 ms
G_L: 0.45

Nodes disconnected: 185 0 3 4 5 6 8 9 10 12 16 17 21 23 26 28 29 30 32 33 34 35 38 39 40 41 44 46 48 49 50 52 53 58 60 62 65 66 68 69 72 75 76 79 83 86 88 90 91 92 95 96 97 98 99 100 102 103 104 108 110 111 112 114 115 117 118 119 122 123 124 125 126 128 132 135 136 137 146 147 148 150 155 156 159 160 163 165 168 169 170 171 172 175 179 181 182 186 187 190 191 192 193 195 196 197 198 201 207 208 212 213 215 219 220 227 229 232 233 234 236 238 239 240 241 245 249 257 258 259 261 262 263 264 265 267 272 273 275 278 281 286 288 290 292 293 294 296 297 205 216 2 277 1 130 231 200 74 141 206 20 54 24 253 157 228 
Number of disconnected nodes: 166
Max available bandwidth: 14600 Kbps
Average throughput: 6754.68 Kbps
Throughput to bandwidth ratio: 0.462649
Packet loss percentage: 36.3273%
Average delay: 7045.8 ms
Average jitter: 1950.26 ms
G_L: 0.4467

Nodes disconnected: 185 0 3 4 5 6 8 9 10 12 16 17 21 23 26 28 29 30 32 33 34 35 38 39 40 41 44 46 48 49 50 52 53 58 60 62 65 66 68 69 72 75 76 79 83 86 88 90 91 92 95 96 97 98 99 100 102 103 104 108 110 111 112 114 115 117 118 119 122 123 124 125 126 128 132 135 136 137 146 147 148 150 155 156 159 160 163 165 168 169 170 171 172 175 179 181 182 186 187 190 191 192 193 195 196 197 198 201 207 208 212 213 215 219 220 227 229 232 233 234 236 238 239 240 241 245 249 257 258 259 261 262 263 264 265 267 272 273 275 278 281 286 288 290 292 293 294 296 297 205 216 2 277 1 130 231 200 74 141 206 20 54 24 253 157 228 154 
Number of disconnected nodes: 167
Max available bandwidth: 14500 Kbps
Average throughput: 6422.32 Kbps
Throughput to bandwidth ratio: 0.442918
Packet loss percentage: 36.0574%
Average delay: 6833.33 ms
Average jitter: 2682.69 ms
G_L: 0.4433

Nodes disconnected: 185 0 3 4 5 6 8 9 10 12 16 17 21 23 26 28 29 30 32 33 34 35 38 39 40 41 44 46 48 49 50 52 53 58 60 62 65 66 68 69 72 75 76 79 83 86 88 90 91 92 95 96 97 98 99 100 102 103 104 108 110 111 112 114 115 117 118 119 122 123 124 125 126 128 132 135 136 137 146 147 148 150 155 156 159 160 163 165 168 169 170 171 172 175 179 181 182 186 187 190 191 192 193 195 196 197 198 201 207 208 212 213 215 219 220 227 229 232 233 234 236 238 239 240 241 245 249 257 258 259 261 262 263 264 265 267 272 273 275 278 281 286 288 290 292 293 294 296 297 205 216 2 277 1 130 231 200 74 141 206 20 54 24 253 157 228 154 138 298 
Number of disconnected nodes: 169
Max available bandwidth: 14400 Kbps
Average throughput: 6582.84 Kbps
Throughput to bandwidth ratio: 0.457142
Packet loss percentage: 35.2156%
Average delay: 7891.19 ms
Average jitter: 2612.44 ms
G_L: 0.4367

Nodes disconnected: 185 0 3 4 5 6 8 9 10 12 16 17 21 23 26 28 29 30 32 33 34 35 38 39 40 41 44 46 48 49 50 52 53 58 60 62 65 66 68 69 72 75 76 79 83 86 88 90 91 92 95 96 97 98 99 100 102 103 104 108 110 111 112 114 115 117 118 119 122 123 124 125 126 128 132 135 136 137 146 147 148 150 155 156 159 160 163 165 168 169 170 171 172 175 179 181 182 186 187 190 191 192 193 195 196 197 198 201 207 208 212 213 215 219 220 227 229 232 233 234 236 238 239 240 241 245 249 257 258 259 261 262 263 264 265 267 272 273 275 278 281 286 288 290 292 293 294 296 297 205 216 2 277 1 130 231 200 74 141 206 20 54 24 253 157 228 154 138 298 78 101 85 22 
Number of disconnected nodes: 173
Max available bandwidth: 14000 Kbps
Average throughput: 6292.71 Kbps
Throughput to bandwidth ratio: 0.449479
Packet loss percentage: 35.0761%
Average delay: 6138.91 ms
Average jitter: 2289.53 ms
G_L: 0.4233

Nodes disconnected: 185 0 3 4 5 6 8 9 10 12 16 17 21 23 26 28 29 30 32 33 34 35 38 39 40 41 44 46 48 49 50 52 53 58 60 62 65 66 68 69 72 75 76 79 83 86 88 90 91 92 95 96 97 98 99 100 102 103 104 108 110 111 112 114 115 117 118 119 122 123 124 125 126 128 132 135 136 137 146 147 148 150 155 156 159 160 163 165 168 169 170 171 172 175 179 181 182 186 187 190 191 192 193 195 196 197 198 201 207 208 212 213 215 219 220 227 229 232 233 234 236 238 239 240 241 245 249 257 258 259 261 262 263 264 265 267 272 273 275 278 281 286 288 290 292 293 294 296 297 205 216 2 277 1 130 231 200 74 141 206 20 54 24 253 157 228 154 138 298 78 101 85 22 225 
Number of disconnected nodes: 174
Max available bandwidth: 14000 Kbps
Average throughput: 6411.3 Kbps
Throughput to bandwidth ratio: 0.45795
Packet loss percentage: 34.623%
Average delay: 7642.63 ms
Average jitter: 2467.19 ms
G_L: 0.42

Nodes disconnected: 185 0 3 4 5 6 8 9 10 12 16 17 21 23 26 28 29 30 32 33 34 35 38 39 40 41 44 46 48 49 50 52 53 58 60 62 65 66 68 69 72 75 76 79 83 86 88 90 91 92 95 96 97 98 99 100 102 103 104 108 110 111 112 114 115 117 118 119 122 123 124 125 126 128 132 135 136 137 146 147 148 150 155 156 159 160 163 165 168 169 170 171 172 175 179 181 182 186 187 190 191 192 193 195 196 197 198 201 207 208 212 213 215 219 220 227 229 232 233 234 236 238 239 240 241 245 249 257 258 259 261 262 263 264 265 267 272 273 275 278 281 286 288 290 292 293 294 296 297 205 216 2 277 1 130 231 200 74 141 206 20 54 24 253 157 228 154 138 298 78 101 85 22 225 203 
Number of disconnected nodes: 175
Max available bandwidth: 13900 Kbps
Average throughput: 6385.13 Kbps
Throughput to bandwidth ratio: 0.459362
Packet loss percentage: 35.0248%
Average delay: 7429.13 ms
Average jitter: 2334.17 ms
G_L: 0.4167

Nodes disconnected: 185 0 3 4 5 6 8 9 10 12 16 17 21 23 26 28 29 30 32 33 34 35 38 39 40 41 44 46 48 49 50 52 53 58 60 62 65 66 68 69 72 75 76 79 83 86 88 90 91 92 95 96 97 98 99 100 102 103 104 108 110 111 112 114 115 117 118 119 122 123 124 125 126 128 132 135 136 137 146 147 148 150 155 156 159 160 163 165 168 169 170 171 172 175 179 181 182 186 187 190 191 192 193 195 196 197 198 201 207 208 212 213 215 219 220 227 229 232 233 234 236 238 239 240 241 245 249 257 258 259 261 262 263 264 265 267 272 273 275 278 281 286 288 290 292 293 294 296 297 205 216 2 277 1 130 231 200 74 141 206 20 54 24 253 157 228 154 138 298 78 101 85 22 225 203 173 
Number of disconnected nodes: 176
Max available bandwidth: 13900 Kbps
Average throughput: 6087.98 Kbps
Throughput to bandwidth ratio: 0.437984
Packet loss percentage: 37.3102%
Average delay: 6875.99 ms
Average jitter: 1975.03 ms
G_L: 0.4133

Nodes disconnected: 185 0 3 4 5 6 8 9 10 12 16 17 21 23 26 28 29 30 32 33 34 35 38 39 40 41 44 46 48 49 50 52 53 58 60 62 65 66 68 69 72 75 76 79 83 86 88 90 91 92 95 96 97 98 99 100 102 103 104 108 110 111 112 114 115 117 118 119 122 123 124 125 126 128 132 135 136 137 146 147 148 150 155 156 159 160 163 165 168 169 170 171 172 175 179 181 182 186 187 190 191 192 193 195 196 197 198 201 207 208 212 213 215 219 220 227 229 232 233 234 236 238 239 240 241 245 249 257 258 259 261 262 263 264 265 267 272 273 275 278 281 286 288 290 292 293 294 296 297 205 216 2 277 1 130 231 200 74 141 206 20 54 24 253 157 228 154 138 298 78 101 85 22 225 203 173 42 
Number of disconnected nodes: 177
Max available bandwidth: 13800 Kbps
Average throughput: 6319.39 Kbps
Throughput to bandwidth ratio: 0.457927
Packet loss percentage: 33.4592%
Average delay: 8087.73 ms
Average jitter: 2791.9 ms
G_L: 0.41

Nodes disconnected: 185 0 3 4 5 6 8 9 10 12 16 17 21 23 26 28 29 30 32 33 34 35 38 39 40 41 44 46 48 49 50 52 53 58 60 62 65 66 68 69 72 75 76 79 83 86 88 90 91 92 95 96 97 98 99 100 102 103 104 108 110 111 112 114 115 117 118 119 122 123 124 125 126 128 132 135 136 137 146 147 148 150 155 156 159 160 163 165 168 169 170 171 172 175 179 181 182 186 187 190 191 192 193 195 196 197 198 201 207 208 212 213 215 219 220 227 229 232 233 234 236 238 239 240 241 245 249 257 258 259 261 262 263 264 265 267 272 273 275 278 281 286 288 290 292 293 294 296 297 205 216 2 277 1 130 231 200 74 141 206 20 54 24 253 157 228 154 138 298 78 101 85 22 225 203 173 42 116 
Number of disconnected nodes: 178
Max available bandwidth: 13800 Kbps
Average throughput: 6277.07 Kbps
Throughput to bandwidth ratio: 0.45486
Packet loss percentage: 33.453%
Average delay: 8253.87 ms
Average jitter: 2663.46 ms
G_L: 0.4067

Nodes disconnected: 185 0 3 4 5 6 8 9 10 12 16 17 21 23 26 28 29 30 32 33 34 35 38 39 40 41 44 46 48 49 50 52 53 58 60 62 65 66 68 69 72 75 76 79 83 86 88 90 91 92 95 96 97 98 99 100 102 103 104 108 110 111 112 114 115 117 118 119 122 123 124 125 126 128 132 135 136 137 146 147 148 150 155 156 159 160 163 165 168 169 170 171 172 175 179 181 182 186 187 190 191 192 193 195 196 197 198 201 207 208 212 213 215 219 220 227 229 232 233 234 236 238 239 240 241 245 249 257 258 259 261 262 263 264 265 267 272 273 275 278 281 286 288 290 292 293 294 296 297 205 216 2 277 1 130 231 200 74 141 206 20 54 24 253 157 228 154 138 298 78 101 85 22 225 203 173 42 116 246 
Number of disconnected nodes: 179
Max available bandwidth: 13800 Kbps
Average throughput: 6139.39 Kbps
Throughput to bandwidth ratio: 0.444883
Packet loss percentage: 36.0713%
Average delay: 7490.08 ms
Average jitter: 2204.69 ms
G_L: 0.4033

Nodes disconnected: 185 0 3 4 5 6 8 9 10 12 16 17 21 23 26 28 29 30 32 33 34 35 38 39 40 41 44 46 48 49 50 52 53 58 60 62 65 66 68 69 72 75 76 79 83 86 88 90 91 92 95 96 97 98 99 100 102 103 104 108 110 111 112 114 115 117 118 119 122 123 124 125 126 128 132 135 136 137 146 147 148 150 155 156 159 160 163 165 168 169 170 171 172 175 179 181 182 186 187 190 191 192 193 195 196 197 198 201 207 208 212 213 215 219 220 227 229 232 233 234 236 238 239 240 241 245 249 257 258 259 261 262 263 264 265 267 272 273 275 278 281 286 288 290 292 293 294 296 297 205 216 2 277 1 130 231 200 74 141 206 20 54 24 253 157 228 154 138 298 78 101 85 22 225 203 173 42 116 246 161 
Number of disconnected nodes: 180
Max available bandwidth: 13700 Kbps
Average throughput: 6137.58 Kbps
Throughput to bandwidth ratio: 0.447998
Packet loss percentage: 35.2782%
Average delay: 7760.37 ms
Average jitter: 2169.38 ms
G_L: 0.4

Nodes disconnected: 185 0 3 4 5 6 8 9 10 12 16 17 21 23 26 28 29 30 32 33 34 35 38 39 40 41 44 46 48 49 50 52 53 58 60 62 65 66 68 69 72 75 76 79 83 86 88 90 91 92 95 96 97 98 99 100 102 103 104 108 110 111 112 114 115 117 118 119 122 123 124 125 126 128 132 135 136 137 146 147 148 150 155 156 159 160 163 165 168 169 170 171 172 175 179 181 182 186 187 190 191 192 193 195 196 197 198 201 207 208 212 213 215 219 220 227 229 232 233 234 236 238 239 240 241 245 249 257 258 259 261 262 263 264 265 267 272 273 275 278 281 286 288 290 292 293 294 296 297 205 216 2 277 1 130 231 200 74 141 206 20 54 24 253 157 228 154 138 298 78 101 85 22 225 203 173 42 116 246 161 269 
Number of disconnected nodes: 181
Max available bandwidth: 13700 Kbps
Average throughput: 5975.15 Kbps
Throughput to bandwidth ratio: 0.436142
Packet loss percentage: 36.3321%
Average delay: 7470.02 ms
Average jitter: 2011.94 ms
G_L: 0.3967

Nodes disconnected: 185 0 3 4 5 6 8 9 10 12 16 17 21 23 26 28 29 30 32 33 34 35 38 39 40 41 44 46 48 49 50 52 53 58 60 62 65 66 68 69 72 75 76 79 83 86 88 90 91 92 95 96 97 98 99 100 102 103 104 108 110 111 112 114 115 117 118 119 122 123 124 125 126 128 132 135 136 137 146 147 148 150 155 156 159 160 163 165 168 169 170 171 172 175 179 181 182 186 187 190 191 192 193 195 196 197 198 201 207 208 212 213 215 219 220 227 229 232 233 234 236 238 239 240 241 245 249 257 258 259 261 262 263 264 265 267 272 273 275 278 281 286 288 290 292 293 294 296 297 205 216 2 277 1 130 231 200 74 141 206 20 54 24 253 157 228 154 138 298 78 101 85 22 225 203 173 42 116 246 161 269 131 84 
Number of disconnected nodes: 183
Max available bandwidth: 13600 Kbps
Average throughput: 5931.18 Kbps
Throughput to bandwidth ratio: 0.436116
Packet loss percentage: 33.9228%
Average delay: 7671.77 ms
Average jitter: 2548.63 ms
G_L: 0.39

Nodes disconnected: 185 0 3 4 5 6 8 9 10 12 16 17 21 23 26 28 29 30 32 33 34 35 38 39 40 41 44 46 48 49 50 52 53 58 60 62 65 66 68 69 72 75 76 79 83 86 88 90 91 92 95 96 97 98 99 100 102 103 104 108 110 111 112 114 115 117 118 119 122 123 124 125 126 128 132 135 136 137 146 147 148 150 155 156 159 160 163 165 168 169 170 171 172 175 179 181 182 186 187 190 191 192 193 195 196 197 198 201 207 208 212 213 215 219 220 227 229 232 233 234 236 238 239 240 241 245 249 257 258 259 261 262 263 264 265 267 272 273 275 278 281 286 288 290 292 293 294 296 297 205 216 2 277 1 130 231 200 74 141 206 20 54 24 253 157 228 154 138 298 78 101 85 22 225 203 173 42 116 246 161 269 131 84 210 
Number of disconnected nodes: 184
Max available bandwidth: 13600 Kbps
Average throughput: 5884.16 Kbps
Throughput to bandwidth ratio: 0.432659
Packet loss percentage: 36.1116%
Average delay: 7260.78 ms
Average jitter: 2050.39 ms
G_L: 0.3867

Nodes disconnected: 185 0 3 4 5 6 8 9 10 12 16 17 21 23 26 28 29 30 32 33 34 35 38 39 40 41 44 46 48 49 50 52 53 58 60 62 65 66 68 69 72 75 76 79 83 86 88 90 91 92 95 96 97 98 99 100 102 103 104 108 110 111 112 114 115 117 118 119 122 123 124 125 126 128 132 135 136 137 146 147 148 150 155 156 159 160 163 165 168 169 170 171 172 175 179 181 182 186 187 190 191 192 193 195 196 197 198 201 207 208 212 213 215 219 220 227 229 232 233 234 236 238 239 240 241 245 249 257 258 259 261 262 263 264 265 267 272 273 275 278 281 286 288 290 292 293 294 296 297 205 216 2 277 1 130 231 200 74 141 206 20 54 24 253 157 228 154 138 298 78 101 85 22 225 203 173 42 116 246 161 269 131 84 210 209 143 
Number of disconnected nodes: 186
Max available bandwidth: 13400 Kbps
Average throughput: 5894.19 Kbps
Throughput to bandwidth ratio: 0.439865
Packet loss percentage: 34.0552%
Average delay: 8323.52 ms
Average jitter: 2593.81 ms
G_L: 0.38

Nodes disconnected: 185 0 3 4 5 6 8 9 10 12 16 17 21 23 26 28 29 30 32 33 34 35 38 39 40 41 44 46 48 49 50 52 53 58 60 62 65 66 68 69 72 75 76 79 83 86 88 90 91 92 95 96 97 98 99 100 102 103 104 108 110 111 112 114 115 117 118 119 122 123 124 125 126 128 132 135 136 137 146 147 148 150 155 156 159 160 163 165 168 169 170 171 172 175 179 181 182 186 187 190 191 192 193 195 196 197 198 201 207 208 212 213 215 219 220 227 229 232 233 234 236 238 239 240 241 245 249 257 258 259 261 262 263 264 265 267 272 273 275 278 281 286 288 290 292 293 294 296 297 205 216 2 277 1 130 231 200 74 141 206 20 54 24 253 157 228 154 138 298 78 101 85 22 225 203 173 42 116 246 161 269 131 84 210 209 143 184 
Number of disconnected nodes: 187
Max available bandwidth: 13400 Kbps
Average throughput: 5845.56 Kbps
Throughput to bandwidth ratio: 0.436236
Packet loss percentage: 34.2041%
Average delay: 6552.44 ms
Average jitter: 2052.53 ms
G_L: 0.3767

Nodes disconnected: 185 0 3 4 5 6 8 9 10 12 16 17 21 23 26 28 29 30 32 33 34 35 38 39 40 41 44 46 48 49 50 52 53 58 60 62 65 66 68 69 72 75 76 79 83 86 88 90 91 92 95 96 97 98 99 100 102 103 104 108 110 111 112 114 115 117 118 119 122 123 124 125 126 128 132 135 136 137 146 147 148 150 155 156 159 160 163 165 168 169 170 171 172 175 179 181 182 186 187 190 191 192 193 195 196 197 198 201 207 208 212 213 215 219 220 227 229 232 233 234 236 238 239 240 241 245 249 257 258 259 261 262 263 264 265 267 272 273 275 278 281 286 288 290 292 293 294 296 297 205 216 2 277 1 130 231 200 74 141 206 20 54 24 253 157 228 154 138 298 78 101 85 22 225 203 173 42 116 246 161 269 131 84 210 209 143 184 70 230 
Number of disconnected nodes: 189
Max available bandwidth: 13300 Kbps
Average throughput: 5452.14 Kbps
Throughput to bandwidth ratio: 0.409935
Packet loss percentage: 35.5295%
Average delay: 5981.93 ms
Average jitter: 2295.48 ms
G_L: 0.37

Nodes disconnected: 185 0 3 4 5 6 8 9 10 12 16 17 21 23 26 28 29 30 32 33 34 35 38 39 40 41 44 46 48 49 50 52 53 58 60 62 65 66 68 69 72 75 76 79 83 86 88 90 91 92 95 96 97 98 99 100 102 103 104 108 110 111 112 114 115 117 118 119 122 123 124 125 126 128 132 135 136 137 146 147 148 150 155 156 159 160 163 165 168 169 170 171 172 175 179 181 182 186 187 190 191 192 193 195 196 197 198 201 207 208 212 213 215 219 220 227 229 232 233 234 236 238 239 240 241 245 249 257 258 259 261 262 263 264 265 267 272 273 275 278 281 286 288 290 292 293 294 296 297 205 216 2 277 1 130 231 200 74 141 206 20 54 24 253 157 228 154 138 298 78 101 85 22 225 203 173 42 116 246 161 269 131 84 210 209 143 184 70 230 120 
Number of disconnected nodes: 190
Max available bandwidth: 13200 Kbps
Average throughput: 5429.18 Kbps
Throughput to bandwidth ratio: 0.411301
Packet loss percentage: 35.6209%
Average delay: 6946.72 ms
Average jitter: 2532.27 ms
G_L: 0.3667

Nodes disconnected: 185 0 3 4 5 6 8 9 10 12 16 17 21 23 26 28 29 30 32 33 34 35 38 39 40 41 44 46 48 49 50 52 53 58 60 62 65 66 68 69 72 75 76 79 83 86 88 90 91 92 95 96 97 98 99 100 102 103 104 108 110 111 112 114 115 117 118 119 122 123 124 125 126 128 132 135 136 137 146 147 148 150 155 156 159 160 163 165 168 169 170 171 172 175 179 181 182 186 187 190 191 192 193 195 196 197 198 201 207 208 212 213 215 219 220 227 229 232 233 234 236 238 239 240 241 245 249 257 258 259 261 262 263 264 265 267 272 273 275 278 281 286 288 290 292 293 294 296 297 205 216 2 277 1 130 231 200 74 141 206 20 54 24 253 157 228 154 138 298 78 101 85 22 225 203 173 42 116 246 161 269 131 84 210 209 143 184 70 230 120 59 43 
Number of disconnected nodes: 192
Max available bandwidth: 13100 Kbps
Average throughput: 5386.81 Kbps
Throughput to bandwidth ratio: 0.411207
Packet loss percentage: 35.8273%
Average delay: 6640.13 ms
Average jitter: 1868.22 ms
G_L: 0.36

Nodes disconnected: 185 0 3 4 5 6 8 9 10 12 16 17 21 23 26 28 29 30 32 33 34 35 38 39 40 41 44 46 48 49 50 52 53 58 60 62 65 66 68 69 72 75 76 79 83 86 88 90 91 92 95 96 97 98 99 100 102 103 104 108 110 111 112 114 115 117 118 119 122 123 124 125 126 128 132 135 136 137 146 147 148 150 155 156 159 160 163 165 168 169 170 171 172 175 179 181 182 186 187 190 191 192 193 195 196 197 198 201 207 208 212 213 215 219 220 227 229 232 233 234 236 238 239 240 241 245 249 257 258 259 261 262 263 264 265 267 272 273 275 278 281 286 288 290 292 293 294 296 297 205 216 2 277 1 130 231 200 74 141 206 20 54 24 253 157 228 154 138 298 78 101 85 22 225 203 173 42 116 246 161 269 131 84 210 209 143 184 70 230 120 59 43 289 282 63 
Number of disconnected nodes: 195
Max available bandwidth: 12900 Kbps
Average throughput: 5285.66 Kbps
Throughput to bandwidth ratio: 0.409741
Packet loss percentage: 35.4429%
Average delay: 7960.89 ms
Average jitter: 2271.1 ms
G_L: 0.35

Nodes disconnected: 185 0 3 4 5 6 8 9 10 12 16 17 21 23 26 28 29 30 32 33 34 35 38 39 40 41 44 46 48 49 50 52 53 58 60 62 65 66 68 69 72 75 76 79 83 86 88 90 91 92 95 96 97 98 99 100 102 103 104 108 110 111 112 114 115 117 118 119 122 123 124 125 126 128 132 135 136 137 146 147 148 150 155 156 159 160 163 165 168 169 170 171 172 175 179 181 182 186 187 190 191 192 193 195 196 197 198 201 207 208 212 213 215 219 220 227 229 232 233 234 236 238 239 240 241 245 249 257 258 259 261 262 263 264 265 267 272 273 275 278 281 286 288 290 292 293 294 296 297 205 216 2 277 1 130 231 200 74 141 206 20 54 24 253 157 228 154 138 298 78 101 85 22 225 203 173 42 116 246 161 269 131 84 210 209 143 184 70 230 120 59 43 289 282 63 255 
Number of disconnected nodes: 196
Max available bandwidth: 12900 Kbps
Average throughput: 5114.17 Kbps
Throughput to bandwidth ratio: 0.396447
Packet loss percentage: 36.7282%
Average delay: 7275.58 ms
Average jitter: 2209.81 ms
G_L: 0.3467

Nodes disconnected: 185 0 3 4 5 6 8 9 10 12 16 17 21 23 26 28 29 30 32 33 34 35 38 39 40 41 44 46 48 49 50 52 53 58 60 62 65 66 68 69 72 75 76 79 83 86 88 90 91 92 95 96 97 98 99 100 102 103 104 108 110 111 112 114 115 117 118 119 122 123 124 125 126 128 132 135 136 137 146 147 148 150 155 156 159 160 163 165 168 169 170 171 172 175 179 181 182 186 187 190 191 192 193 195 196 197 198 201 207 208 212 213 215 219 220 227 229 232 233 234 236 238 239 240 241 245 249 257 258 259 261 262 263 264 265 267 272 273 275 278 281 286 288 290 292 293 294 296 297 205 216 2 277 1 130 231 200 74 141 206 20 54 24 253 157 228 154 138 298 78 101 85 22 225 203 173 42 116 246 161 269 131 84 210 209 143 184 70 230 120 59 43 289 282 63 255 142 14 
Number of disconnected nodes: 198
Max available bandwidth: 12800 Kbps
Average throughput: 4849.66 Kbps
Throughput to bandwidth ratio: 0.37888
Packet loss percentage: 38.3924%
Average delay: 5597.2 ms
Average jitter: 1645.32 ms
G_L: 0.34

Nodes disconnected: 185 0 3 4 5 6 8 9 10 12 16 17 21 23 26 28 29 30 32 33 34 35 38 39 40 41 44 46 48 49 50 52 53 58 60 62 65 66 68 69 72 75 76 79 83 86 88 90 91 92 95 96 97 98 99 100 102 103 104 108 110 111 112 114 115 117 118 119 122 123 124 125 126 128 132 135 136 137 146 147 148 150 155 156 159 160 163 165 168 169 170 171 172 175 179 181 182 186 187 190 191 192 193 195 196 197 198 201 207 208 212 213 215 219 220 227 229 232 233 234 236 238 239 240 241 245 249 257 258 259 261 262 263 264 265 267 272 273 275 278 281 286 288 290 292 293 294 296 297 205 216 2 277 1 130 231 200 74 141 206 20 54 24 253 157 228 154 138 298 78 101 85 22 225 203 173 42 116 246 161 269 131 84 210 209 143 184 70 230 120 59 43 289 282 63 255 142 14 204 214 
Number of disconnected nodes: 200
Max available bandwidth: 12600 Kbps
Average throughput: 4812.14 Kbps
Throughput to bandwidth ratio: 0.381916
Packet loss percentage: 39.1152%
Average delay: 6706.59 ms
Average jitter: 1977.31 ms
G_L: 0.3333

Nodes disconnected: 185 0 3 4 5 6 8 9 10 12 16 17 21 23 26 28 29 30 32 33 34 35 38 39 40 41 44 46 48 49 50 52 53 58 60 62 65 66 68 69 72 75 76 79 83 86 88 90 91 92 95 96 97 98 99 100 102 103 104 108 110 111 112 114 115 117 118 119 122 123 124 125 126 128 132 135 136 137 146 147 148 150 155 156 159 160 163 165 168 169 170 171 172 175 179 181 182 186 187 190 191 192 193 195 196 197 198 201 207 208 212 213 215 219 220 227 229 232 233 234 236 238 239 240 241 245 249 257 258 259 261 262 263 264 265 267 272 273 275 278 281 286 288 290 292 293 294 296 297 205 216 2 277 1 130 231 200 74 141 206 20 54 24 253 157 228 154 138 298 78 101 85 22 225 203 173 42 116 246 161 269 131 84 210 209 143 184 70 230 120 59 43 289 282 63 255 142 14 204 214 18 
Number of disconnected nodes: 201
Max available bandwidth: 12500 Kbps
Average throughput: 4784.25 Kbps
Throughput to bandwidth ratio: 0.38274
Packet loss percentage: 38.5335%
Average delay: 6407.71 ms
Average jitter: 2206.49 ms
G_L: 0.33

Nodes disconnected: 185 0 3 4 5 6 8 9 10 12 16 17 21 23 26 28 29 30 32 33 34 35 38 39 40 41 44 46 48 49 50 52 53 58 60 62 65 66 68 69 72 75 76 79 83 86 88 90 91 92 95 96 97 98 99 100 102 103 104 108 110 111 112 114 115 117 118 119 122 123 124 125 126 128 132 135 136 137 146 147 148 150 155 156 159 160 163 165 168 169 170 171 172 175 179 181 182 186 187 190 191 192 193 195 196 197 198 201 207 208 212 213 215 219 220 227 229 232 233 234 236 238 239 240 241 245 249 257 258 259 261 262 263 264 265 267 272 273 275 278 281 286 288 290 292 293 294 296 297 205 216 2 277 1 130 231 200 74 141 206 20 54 24 253 157 228 154 138 298 78 101 85 22 225 203 173 42 116 246 161 269 131 84 210 209 143 184 70 230 120 59 43 289 282 63 255 142 14 204 214 18 144 224 77 13 
Number of disconnected nodes: 205
Max available bandwidth: 12200 Kbps
Average throughput: 4669.9 Kbps
Throughput to bandwidth ratio: 0.382778
Packet loss percentage: 39.8073%
Average delay: 7234.03 ms
Average jitter: 1652.39 ms
G_L: 0.3167

Nodes disconnected: 185 0 3 4 5 6 8 9 10 12 16 17 21 23 26 28 29 30 32 33 34 35 38 39 40 41 44 46 48 49 50 52 53 58 60 62 65 66 68 69 72 75 76 79 83 86 88 90 91 92 95 96 97 98 99 100 102 103 104 108 110 111 112 114 115 117 118 119 122 123 124 125 126 128 132 135 136 137 146 147 148 150 155 156 159 160 163 165 168 169 170 171 172 175 179 181 182 186 187 190 191 192 193 195 196 197 198 201 207 208 212 213 215 219 220 227 229 232 233 234 236 238 239 240 241 245 249 257 258 259 261 262 263 264 265 267 272 273 275 278 281 286 288 290 292 293 294 296 297 205 216 2 277 1 130 231 200 74 141 206 20 54 24 253 157 228 154 138 298 78 101 85 22 225 203 173 42 116 246 161 269 131 84 210 209 143 184 70 230 120 59 43 289 282 63 255 142 14 204 214 18 144 224 77 13 194 291 133 7 202 299 80 242 274 248 284 189 222 
Number of disconnected nodes: 218
Max available bandwidth: 11200 Kbps
Average throughput: 4178.06 Kbps
Throughput to bandwidth ratio: 0.373041
Packet loss percentage: 39.2063%
Average delay: 5539.47 ms
Average jitter: 1396.07 ms
G_L: 0.2733

Nodes disconnected: 185 0 3 4 5 6 8 9 10 12 16 17 21 23 26 28 29 30 32 33 34 35 38 39 40 41 44 46 48 49 50 52 53 58 60 62 65 66 68 69 72 75 76 79 83 86 88 90 91 92 95 96 97 98 99 100 102 103 104 108 110 111 112 114 115 117 118 119 122 123 124 125 126 128 132 135 136 137 146 147 148 150 155 156 159 160 163 165 168 169 170 171 172 175 179 181 182 186 187 190 191 192 193 195 196 197 198 201 207 208 212 213 215 219 220 227 229 232 233 234 236 238 239 240 241 245 249 257 258 259 261 262 263 264 265 267 272 273 275 278 281 286 288 290 292 293 294 296 297 205 216 2 277 1 130 231 200 74 141 206 20 54 24 253 157 228 154 138 298 78 101 85 22 225 203 173 42 116 246 161 269 131 84 210 209 143 184 70 230 120 59 43 289 282 63 255 142 14 204 214 18 144 224 77 13 194 291 133 7 202 299 80 242 274 248 284 189 222 164 260 
Number of disconnected nodes: 220
Max available bandwidth: 11000 Kbps
Average throughput: 3935.7 Kbps
Throughput to bandwidth ratio: 0.357791
Packet loss percentage: 40.7125%
Average delay: 6066.82 ms
Average jitter: 1504.46 ms
G_L: 0.2667

Nodes disconnected: 185 0 3 4 5 6 8 9 10 12 16 17 21 23 26 28 29 30 32 33 34 35 38 39 40 41 44 46 48 49 50 52 53 58 60 62 65 66 68 69 72 75 76 79 83 86 88 90 91 92 95 96 97 98 99 100 102 103 104 108 110 111 112 114 115 117 118 119 122 123 124 125 126 128 132 135 136 137 146 147 148 150 155 156 159 160 163 165 168 169 170 171 172 175 179 181 182 186 187 190 191 192 193 195 196 197 198 201 207 208 212 213 215 219 220 227 229 232 233 234 236 238 239 240 241 245 249 257 258 259 261 262 263 264 265 267 272 273 275 278 281 286 288 290 292 293 294 296 297 205 216 2 277 1 130 231 200 74 141 206 20 54 24 253 157 228 154 138 298 78 101 85 22 225 203 173 42 116 246 161 269 131 84 210 209 143 184 70 230 120 59 43 289 282 63 255 142 14 204 214 18 144 224 77 13 194 291 133 7 202 299 80 242 274 248 284 189 222 164 260 19 87 
Number of disconnected nodes: 222
Max available bandwidth: 10800 Kbps
Average throughput: 3759.03 Kbps
Throughput to bandwidth ratio: 0.348058
Packet loss percentage: 43.9614%
Average delay: 6583.99 ms
Average jitter: 1779.14 ms
G_L: 0.26

Nodes disconnected: 185 0 3 4 5 6 8 9 10 12 16 17 21 23 26 28 29 30 32 33 34 35 38 39 40 41 44 46 48 49 50 52 53 58 60 62 65 66 68 69 72 75 76 79 83 86 88 90 91 92 95 96 97 98 99 100 102 103 104 108 110 111 112 114 115 117 118 119 122 123 124 125 126 128 132 135 136 137 146 147 148 150 155 156 159 160 163 165 168 169 170 171 172 175 179 181 182 186 187 190 191 192 193 195 196 197 198 201 207 208 212 213 215 219 220 227 229 232 233 234 236 238 239 240 241 245 249 257 258 259 261 262 263 264 265 267 272 273 275 278 281 286 288 290 292 293 294 296 297 205 216 2 277 1 130 231 200 74 141 206 20 54 24 253 157 228 154 138 298 78 101 85 22 225 203 173 42 116 246 161 269 131 84 210 209 143 184 70 230 120 59 43 289 282 63 255 142 14 204 214 18 144 224 77 13 194 291 133 7 202 299 80 242 274 248 284 189 222 164 260 19 87 254 
Number of disconnected nodes: 223
Max available bandwidth: 10800 Kbps
Average throughput: 3760.66 Kbps
Throughput to bandwidth ratio: 0.348209
Packet loss percentage: 44.8289%
Average delay: 4588.16 ms
Average jitter: 1274.51 ms
G_L: 0.2567

Nodes disconnected: 185 0 3 4 5 6 8 9 10 12 16 17 21 23 26 28 29 30 32 33 34 35 38 39 40 41 44 46 48 49 50 52 53 58 60 62 65 66 68 69 72 75 76 79 83 86 88 90 91 92 95 96 97 98 99 100 102 103 104 108 110 111 112 114 115 117 118 119 122 123 124 125 126 128 132 135 136 137 146 147 148 150 155 156 159 160 163 165 168 169 170 171 172 175 179 181 182 186 187 190 191 192 193 195 196 197 198 201 207 208 212 213 215 219 220 227 229 232 233 234 236 238 239 240 241 245 249 257 258 259 261 262 263 264 265 267 272 273 275 278 281 286 288 290 292 293 294 296 297 205 216 2 277 1 130 231 200 74 141 206 20 54 24 253 157 228 154 138 298 78 101 85 22 225 203 173 42 116 246 161 269 131 84 210 209 143 184 70 230 120 59 43 289 282 63 255 142 14 204 214 18 144 224 77 13 194 291 133 7 202 299 80 242 274 248 284 189 222 164 260 19 87 254 149 
Number of disconnected nodes: 224
Max available bandwidth: 10800 Kbps
Average throughput: 3706.51 Kbps
Throughput to bandwidth ratio: 0.343196
Packet loss percentage: 45.5891%
Average delay: 6666.04 ms
Average jitter: 1356.61 ms
G_L: 0.2533

Nodes disconnected: 185 0 3 4 5 6 8 9 10 12 16 17 21 23 26 28 29 30 32 33 34 35 38 39 40 41 44 46 48 49 50 52 53 58 60 62 65 66 68 69 72 75 76 79 83 86 88 90 91 92 95 96 97 98 99 100 102 103 104 108 110 111 112 114 115 117 118 119 122 123 124 125 126 128 132 135 136 137 146 147 148 150 155 156 159 160 163 165 168 169 170 171 172 175 179 181 182 186 187 190 191 192 193 195 196 197 198 201 207 208 212 213 215 219 220 227 229 232 233 234 236 238 239 240 241 245 249 257 258 259 261 262 263 264 265 267 272 273 275 278 281 286 288 290 292 293 294 296 297 205 216 2 277 1 130 231 200 74 141 206 20 54 24 253 157 228 154 138 298 78 101 85 22 225 203 173 42 116 246 161 269 131 84 210 209 143 184 70 230 120 59 43 289 282 63 255 142 14 204 214 18 144 224 77 13 194 291 133 7 202 299 80 242 274 248 284 189 222 164 260 19 87 254 149 256 129 11 140 268 271 276 287 36 295 174 177 183 56 188 81 217 93 94 107 235 109 237 113 252 
Number of disconnected nodes: 249
Max available bandwidth: 8200 Kbps
Average throughput: 2513.39 Kbps
Throughput to bandwidth ratio: 0.306511
Packet loss percentage: 46.4555%
Average delay: 4246.26 ms
Average jitter: 1067.21 ms
G_L: 0.17

Nodes disconnected: 185 0 3 4 5 6 8 9 10 12 16 17 21 23 26 28 29 30 32 33 34 35 38 39 40 41 44 46 48 49 50 52 53 58 60 62 65 66 68 69 72 75 76 79 83 86 88 90 91 92 95 96 97 98 99 100 102 103 104 108 110 111 112 114 115 117 118 119 122 123 124 125 126 128 132 135 136 137 146 147 148 150 155 156 159 160 163 165 168 169 170 171 172 175 179 181 182 186 187 190 191 192 193 195 196 197 198 201 207 208 212 213 215 219 220 227 229 232 233 234 236 238 239 240 241 245 249 257 258 259 261 262 263 264 265 267 272 273 275 278 281 286 288 290 292 293 294 296 297 205 216 2 277 1 130 231 200 74 141 206 20 54 24 253 157 228 154 138 298 78 101 85 22 225 203 173 42 116 246 161 269 131 84 210 209 143 184 70 230 120 59 43 289 282 63 255 142 14 204 214 18 144 224 77 13 194 291 133 7 202 299 80 242 274 248 284 189 222 164 260 19 87 254 149 256 129 11 140 268 271 276 287 36 295 174 177 183 56 188 81 217 93 94 107 235 109 237 113 252 89 145 
Number of disconnected nodes: 251
Max available bandwidth: 8100 Kbps
Average throughput: 2468.22 Kbps
Throughput to bandwidth ratio: 0.304719
Packet loss percentage: 49.097%
Average delay: 3536.32 ms
Average jitter: 807.772 ms
G_L: 0.1633

Nodes disconnected: 185 0 3 4 5 6 8 9 10 12 16 17 21 23 26 28 29 30 32 33 34 35 38 39 40 41 44 46 48 49 50 52 53 58 60 62 65 66 68 69 72 75 76 79 83 86 88 90 91 92 95 96 97 98 99 100 102 103 104 108 110 111 112 114 115 117 118 119 122 123 124 125 126 128 132 135 136 137 146 147 148 150 155 156 159 160 163 165 168 169 170 171 172 175 179 181 182 186 187 190 191 192 193 195 196 197 198 201 207 208 212 213 215 219 220 227 229 232 233 234 236 238 239 240 241 245 249 257 258 259 261 262 263 264 265 267 272 273 275 278 281 286 288 290 292 293 294 296 297 205 216 2 277 1 130 231 200 74 141 206 20 54 24 253 157 228 154 138 298 78 101 85 22 225 203 173 42 116 246 161 269 131 84 210 209 143 184 70 230 120 59 43 289 282 63 255 142 14 204 214 18 144 224 77 13 194 291 133 7 202 299 80 242 274 248 284 189 222 164 260 19 87 254 149 256 129 11 140 268 271 276 287 36 295 174 177 183 56 188 81 217 93 94 107 235 109 237 113 252 89 145 139 178 151 280 153 250 
Number of disconnected nodes: 257
Max available bandwidth: 7400 Kbps
Average throughput: 2137.29 Kbps
Throughput to bandwidth ratio: 0.288823
Packet loss percentage: 47.3037%
Average delay: 5194.9 ms
Average jitter: 1113.5 ms
G_L: 0.1433

Nodes disconnected: 185 0 3 4 5 6 8 9 10 12 16 17 21 23 26 28 29 30 32 33 34 35 38 39 40 41 44 46 48 49 50 52 53 58 60 62 65 66 68 69 72 75 76 79 83 86 88 90 91 92 95 96 97 98 99 100 102 103 104 108 110 111 112 114 115 117 118 119 122 123 124 125 126 128 132 135 136 137 146 147 148 150 155 156 159 160 163 165 168 169 170 171 172 175 179 181 182 186 187 190 191 192 193 195 196 197 198 201 207 208 212 213 215 219 220 227 229 232 233 234 236 238 239 240 241 245 249 257 258 259 261 262 263 264 265 267 272 273 275 278 281 286 288 290 292 293 294 296 297 205 216 2 277 1 130 231 200 74 141 206 20 54 24 253 157 228 154 138 298 78 101 85 22 225 203 173 42 116 246 161 269 131 84 210 209 143 184 70 230 120 59 43 289 282 63 255 142 14 204 214 18 144 224 77 13 194 291 133 7 202 299 80 242 274 248 284 189 222 164 260 19 87 254 149 256 129 11 140 268 271 276 287 36 295 174 177 183 56 188 81 217 93 94 107 235 109 237 113 252 89 145 139 178 151 280 153 250 64 221 37 134 
Number of disconnected nodes: 261
Max available bandwidth: 6900 Kbps
Average throughput: 1795.65 Kbps
Throughput to bandwidth ratio: 0.260239
Packet loss percentage: 52.6968%
Average delay: 2243.36 ms
Average jitter: 777.679 ms
G_L: 0.13

Nodes disconnected: 185 0 3 4 5 6 8 9 10 12 16 17 21 23 26 28 29 30 32 33 34 35 38 39 40 41 44 46 48 49 50 52 53 58 60 62 65 66 68 69 72 75 76 79 83 86 88 90 91 92 95 96 97 98 99 100 102 103 104 108 110 111 112 114 115 117 118 119 122 123 124 125 126 128 132 135 136 137 146 147 148 150 155 156 159 160 163 165 168 169 170 171 172 175 179 181 182 186 187 190 191 192 193 195 196 197 198 201 207 208 212 213 215 219 220 227 229 232 233 234 236 238 239 240 241 245 249 257 258 259 261 262 263 264 265 267 272 273 275 278 281 286 288 290 292 293 294 296 297 205 216 2 277 1 130 231 200 74 141 206 20 54 24 253 157 228 154 138 298 78 101 85 22 225 203 173 42 116 246 161 269 131 84 210 209 143 184 70 230 120 59 43 289 282 63 255 142 14 204 214 18 144 224 77 13 194 291 133 7 202 299 80 242 274 248 284 189 222 164 260 19 87 254 149 256 129 11 140 268 271 276 287 36 295 174 177 183 56 188 81 217 93 94 107 235 109 237 113 252 89 145 139 178 151 280 153 250 64 221 37 134 158 
Number of disconnected nodes: 262
Max available bandwidth: 6800 Kbps
Average throughput: 1894.65 Kbps
Throughput to bandwidth ratio: 0.278625
Packet loss percentage: 46.9513%
Average delay: 5818.41 ms
Average jitter: 921.229 ms
G_L: 0.1267

Nodes disconnected: 185 0 3 4 5 6 8 9 10 12 16 17 21 23 26 28 29 30 32 33 34 35 38 39 40 41 44 46 48 49 50 52 53 58 60 62 65 66 68 69 72 75 76 79 83 86 88 90 91 92 95 96 97 98 99 100 102 103 104 108 110 111 112 114 115 117 118 119 122 123 124 125 126 128 132 135 136 137 146 147 148 150 155 156 159 160 163 165 168 169 170 171 172 175 179 181 182 186 187 190 191 192 193 195 196 197 198 201 207 208 212 213 215 219 220 227 229 232 233 234 236 238 239 240 241 245 249 257 258 259 261 262 263 264 265 267 272 273 275 278 281 286 288 290 292 293 294 296 297 205 216 2 277 1 130 231 200 74 141 206 20 54 24 253 157 228 154 138 298 78 101 85 22 225 203 173 42 116 246 161 269 131 84 210 209 143 184 70 230 120 59 43 289 282 63 255 142 14 204 214 18 144 224 77 13 194 291 133 7 202 299 80 242 274 248 284 189 222 164 260 19 87 254 149 256 129 11 140 268 271 276 287 36 295 174 177 183 56 188 81 217 93 94 107 235 109 237 113 252 89 145 139 178 151 280 153 250 64 221 37 134 158 199 180 167 
Number of disconnected nodes: 265
Max available bandwidth: 6600 Kbps
Average throughput: 1655.05 Kbps
Throughput to bandwidth ratio: 0.250765
Packet loss percentage: 52.6939%
Average delay: 3455.69 ms
Average jitter: 851.737 ms
G_L: 0.1167

Nodes disconnected: 185 0 3 4 5 6 8 9 10 12 16 17 21 23 26 28 29 30 32 33 34 35 38 39 40 41 44 46 48 49 50 52 53 58 60 62 65 66 68 69 72 75 76 79 83 86 88 90 91 92 95 96 97 98 99 100 102 103 104 108 110 111 112 114 115 117 118 119 122 123 124 125 126 128 132 135 136 137 146 147 148 150 155 156 159 160 163 165 168 169 170 171 172 175 179 181 182 186 187 190 191 192 193 195 196 197 198 201 207 208 212 213 215 219 220 227 229 232 233 234 236 238 239 240 241 245 249 257 258 259 261 262 263 264 265 267 272 273 275 278 281 286 288 290 292 293 294 296 297 205 216 2 277 1 130 231 200 74 141 206 20 54 24 253 157 228 154 138 298 78 101 85 22 225 203 173 42 116 246 161 269 131 84 210 209 143 184 70 230 120 59 43 289 282 63 255 142 14 204 214 18 144 224 77 13 194 291 133 7 202 299 80 242 274 248 284 189 222 164 260 19 87 254 149 256 129 11 140 268 271 276 287 36 295 174 177 183 56 188 81 217 93 94 107 235 109 237 113 252 89 145 139 178 151 280 153 250 64 221 37 134 158 199 180 167 266 270 15 279 152 25 27 283 285 31 162 166 45 47 176 51 55 57 61 67 71 73 82 211 218 223 226 105 106 243 244 247 121 251 127 
Number of disconnected nodes: 300
Max available bandwidth: 0 Kbps
Average throughput: 0 Kbps
Throughput to bandwidth ratio: -nan
Packet loss percentage: -nan%
Average delay: -nan ms
Average jitter: -nan ms
G_L: 0

