Nodes disconnected: 
Number of disconnected nodes: 0
Max available bandwidth: 33400 Kbps
Average throughput: 17754.2 Kbps
Throughput to bandwidth ratio: 0.531564
Packet loss percentage: 4.97109%
Average delay: 9044.02 ms
Average jitter: 4419.64 ms
G_L: 1

Nodes disconnected: 95 
Number of disconnected nodes: 1
Max available bandwidth: 33400 Kbps
Average throughput: 17512.5 Kbps
Throughput to bandwidth ratio: 0.524327
Packet loss percentage: 5.06525%
Average delay: 8852.81 ms
Average jitter: 4190.17 ms
G_L: 0.9967

Nodes disconnected: 95 225 154 178 151 153 250 94 
Number of disconnected nodes: 8
Max available bandwidth: 32800 Kbps
Average throughput: 17341.5 Kbps
Throughput to bandwidth ratio: 0.528703
Packet loss percentage: 5.00107%
Average delay: 8579.49 ms
Average jitter: 4304.06 ms
G_L: 0.9733

Nodes disconnected: 95 225 154 178 151 153 250 94 51 127 
Number of disconnected nodes: 10
Max available bandwidth: 32600 Kbps
Average throughput: 16933.5 Kbps
Throughput to bandwidth ratio: 0.519431
Packet loss percentage: 4.92809%
Average delay: 9359.67 ms
Average jitter: 5178.94 ms
G_L: 0.9667

Nodes disconnected: 95 225 154 178 151 153 250 94 51 127 196 
Number of disconnected nodes: 11
Max available bandwidth: 32600 Kbps
Average throughput: 16925.5 Kbps
Throughput to bandwidth ratio: 0.519188
Packet loss percentage: 5.0456%
Average delay: 10453.7 ms
Average jitter: 5076.49 ms
G_L: 0.9633

Nodes disconnected: 95 225 154 178 151 153 250 94 51 127 196 242 
Number of disconnected nodes: 12
Max available bandwidth: 32500 Kbps
Average throughput: 16967.9 Kbps
Throughput to bandwidth ratio: 0.52209
Packet loss percentage: 5.00228%
Average delay: 10292.3 ms
Average jitter: 5933.68 ms
G_L: 0.96

Nodes disconnected: 95 225 154 178 151 153 250 94 51 127 196 242 193 
Number of disconnected nodes: 13
Max available bandwidth: 32500 Kbps
Average throughput: 16997.3 Kbps
Throughput to bandwidth ratio: 0.522993
Packet loss percentage: 5.15911%
Average delay: 8659.63 ms
Average jitter: 4031.84 ms
G_L: 0.9567

Nodes disconnected: 95 225 154 178 151 153 250 94 51 127 196 242 193 191 
Number of disconnected nodes: 14
Max available bandwidth: 32500 Kbps
Average throughput: 16730.5 Kbps
Throughput to bandwidth ratio: 0.514785
Packet loss percentage: 4.92155%
Average delay: 10759.5 ms
Average jitter: 5888.86 ms
G_L: 0.9533

Nodes disconnected: 95 225 154 178 151 153 250 94 51 127 196 242 193 191 0 3 4 5 6 8 9 10 12 16 17 19 21 23 26 28 29 30 32 33 34 35 38 39 40 41 44 46 48 49 50 52 53 58 60 62 65 66 68 69 72 75 76 79 83 86 87 88 90 91 92 96 97 98 99 100 102 103 104 108 110 111 112 114 115 117 118 119 122 123 124 125 126 128 132 135 136 137 146 147 148 150 155 156 159 160 163 165 168 169 170 171 172 175 179 181 182 185 186 187 190 192 195 197 198 201 207 208 212 213 215 219 220 227 229 232 233 234 236 238 239 240 241 245 249 257 258 259 261 262 263 264 265 267 272 273 275 278 281 286 288 290 292 293 294 296 297 
Number of disconnected nodes: 161
Max available bandwidth: 14800 Kbps
Average throughput: 7871.27 Kbps
Throughput to bandwidth ratio: 0.531843
Packet loss percentage: 20.614%
Average delay: 6987.15 ms
Average jitter: 2910.67 ms
G_L: 0.4633

Nodes disconnected: 95 225 154 178 151 153 250 94 51 127 196 242 193 191 0 3 4 5 6 8 9 10 12 16 17 19 21 23 26 28 29 30 32 33 34 35 38 39 40 41 44 46 48 49 50 52 53 58 60 62 65 66 68 69 72 75 76 79 83 86 87 88 90 91 92 96 97 98 99 100 102 103 104 108 110 111 112 114 115 117 118 119 122 123 124 125 126 128 132 135 136 137 146 147 148 150 155 156 159 160 163 165 168 169 170 171 172 175 179 181 182 185 186 187 190 192 195 197 198 201 207 208 212 213 215 219 220 227 229 232 233 234 236 238 239 240 241 245 249 257 258 259 261 262 263 264 265 267 272 273 275 278 281 286 288 290 292 293 294 296 297 161 
Number of disconnected nodes: 162
Max available bandwidth: 14700 Kbps
Average throughput: 7897.79 Kbps
Throughput to bandwidth ratio: 0.537265
Packet loss percentage: 22.4376%
Average delay: 7421.6 ms
Average jitter: 2797.04 ms
G_L: 0.46

Nodes disconnected: 95 225 154 178 151 153 250 94 51 127 196 242 193 191 0 3 4 5 6 8 9 10 12 16 17 19 21 23 26 28 29 30 32 33 34 35 38 39 40 41 44 46 48 49 50 52 53 58 60 62 65 66 68 69 72 75 76 79 83 86 87 88 90 91 92 96 97 98 99 100 102 103 104 108 110 111 112 114 115 117 118 119 122 123 124 125 126 128 132 135 136 137 146 147 148 150 155 156 159 160 163 165 168 169 170 171 172 175 179 181 182 185 186 187 190 192 195 197 198 201 207 208 212 213 215 219 220 227 229 232 233 234 236 238 239 240 241 245 249 257 258 259 261 262 263 264 265 267 272 273 275 278 281 286 288 290 292 293 294 296 297 161 205 
Number of disconnected nodes: 163
Max available bandwidth: 14700 Kbps
Average throughput: 7854.56 Kbps
Throughput to bandwidth ratio: 0.534324
Packet loss percentage: 21.0198%
Average delay: 7679.48 ms
Average jitter: 2653.43 ms
G_L: 0.4567

Nodes disconnected: 95 225 154 178 151 153 250 94 51 127 196 242 193 191 0 3 4 5 6 8 9 10 12 16 17 19 21 23 26 28 29 30 32 33 34 35 38 39 40 41 44 46 48 49 50 52 53 58 60 62 65 66 68 69 72 75 76 79 83 86 87 88 90 91 92 96 97 98 99 100 102 103 104 108 110 111 112 114 115 117 118 119 122 123 124 125 126 128 132 135 136 137 146 147 148 150 155 156 159 160 163 165 168 169 170 171 172 175 179 181 182 185 186 187 190 192 195 197 198 201 207 208 212 213 215 219 220 227 229 232 233 234 236 238 239 240 241 245 249 257 258 259 261 262 263 264 265 267 272 273 275 278 281 286 288 290 292 293 294 296 297 161 205 70 
Number of disconnected nodes: 164
Max available bandwidth: 14600 Kbps
Average throughput: 7662.95 Kbps
Throughput to bandwidth ratio: 0.52486
Packet loss percentage: 21.3247%
Average delay: 8272.99 ms
Average jitter: 3461.04 ms
G_L: 0.4533

Nodes disconnected: 95 225 154 178 151 153 250 94 51 127 196 242 193 191 0 3 4 5 6 8 9 10 12 16 17 19 21 23 26 28 29 30 32 33 34 35 38 39 40 41 44 46 48 49 50 52 53 58 60 62 65 66 68 69 72 75 76 79 83 86 87 88 90 91 92 96 97 98 99 100 102 103 104 108 110 111 112 114 115 117 118 119 122 123 124 125 126 128 132 135 136 137 146 147 148 150 155 156 159 160 163 165 168 169 170 171 172 175 179 181 182 185 186 187 190 192 195 197 198 201 207 208 212 213 215 219 220 227 229 232 233 234 236 238 239 240 241 245 249 257 258 259 261 262 263 264 265 267 272 273 275 278 281 286 288 290 292 293 294 296 297 161 205 70 280 
Number of disconnected nodes: 165
Max available bandwidth: 14600 Kbps
Average throughput: 7562.43 Kbps
Throughput to bandwidth ratio: 0.517975
Packet loss percentage: 21.5135%
Average delay: 9148.41 ms
Average jitter: 3932.02 ms
G_L: 0.45

Nodes disconnected: 95 225 154 178 151 153 250 94 51 127 196 242 193 191 0 3 4 5 6 8 9 10 12 16 17 19 21 23 26 28 29 30 32 33 34 35 38 39 40 41 44 46 48 49 50 52 53 58 60 62 65 66 68 69 72 75 76 79 83 86 87 88 90 91 92 96 97 98 99 100 102 103 104 108 110 111 112 114 115 117 118 119 122 123 124 125 126 128 132 135 136 137 146 147 148 150 155 156 159 160 163 165 168 169 170 171 172 175 179 181 182 185 186 187 190 192 195 197 198 201 207 208 212 213 215 219 220 227 229 232 233 234 236 238 239 240 241 245 249 257 258 259 261 262 263 264 265 267 272 273 275 278 281 286 288 290 292 293 294 296 297 161 205 70 280 36 
Number of disconnected nodes: 166
Max available bandwidth: 14400 Kbps
Average throughput: 7782.26 Kbps
Throughput to bandwidth ratio: 0.540435
Packet loss percentage: 21.7697%
Average delay: 6625.97 ms
Average jitter: 2761.14 ms
G_L: 0.4467

Nodes disconnected: 95 225 154 178 151 153 250 94 51 127 196 242 193 191 0 3 4 5 6 8 9 10 12 16 17 19 21 23 26 28 29 30 32 33 34 35 38 39 40 41 44 46 48 49 50 52 53 58 60 62 65 66 68 69 72 75 76 79 83 86 87 88 90 91 92 96 97 98 99 100 102 103 104 108 110 111 112 114 115 117 118 119 122 123 124 125 126 128 132 135 136 137 146 147 148 150 155 156 159 160 163 165 168 169 170 171 172 175 179 181 182 185 186 187 190 192 195 197 198 201 207 208 212 213 215 219 220 227 229 232 233 234 236 238 239 240 241 245 249 257 258 259 261 262 263 264 265 267 272 273 275 278 281 286 288 290 292 293 294 296 297 161 205 70 280 36 56 
Number of disconnected nodes: 167
Max available bandwidth: 14300 Kbps
Average throughput: 7696.38 Kbps
Throughput to bandwidth ratio: 0.538208
Packet loss percentage: 22.3285%
Average delay: 8293.84 ms
Average jitter: 3204.32 ms
G_L: 0.4433

Nodes disconnected: 95 225 154 178 151 153 250 94 51 127 196 242 193 191 0 3 4 5 6 8 9 10 12 16 17 19 21 23 26 28 29 30 32 33 34 35 38 39 40 41 44 46 48 49 50 52 53 58 60 62 65 66 68 69 72 75 76 79 83 86 87 88 90 91 92 96 97 98 99 100 102 103 104 108 110 111 112 114 115 117 118 119 122 123 124 125 126 128 132 135 136 137 146 147 148 150 155 156 159 160 163 165 168 169 170 171 172 175 179 181 182 185 186 187 190 192 195 197 198 201 207 208 212 213 215 219 220 227 229 232 233 234 236 238 239 240 241 245 249 257 258 259 261 262 263 264 265 267 272 273 275 278 281 286 288 290 292 293 294 296 297 161 205 70 280 36 56 116 
Number of disconnected nodes: 168
Max available bandwidth: 14300 Kbps
Average throughput: 7741.64 Kbps
Throughput to bandwidth ratio: 0.541373
Packet loss percentage: 21.4856%
Average delay: 8264.76 ms
Average jitter: 3433.69 ms
G_L: 0.44

Nodes disconnected: 95 225 154 178 151 153 250 94 51 127 196 242 193 191 0 3 4 5 6 8 9 10 12 16 17 19 21 23 26 28 29 30 32 33 34 35 38 39 40 41 44 46 48 49 50 52 53 58 60 62 65 66 68 69 72 75 76 79 83 86 87 88 90 91 92 96 97 98 99 100 102 103 104 108 110 111 112 114 115 117 118 119 122 123 124 125 126 128 132 135 136 137 146 147 148 150 155 156 159 160 163 165 168 169 170 171 172 175 179 181 182 185 186 187 190 192 195 197 198 201 207 208 212 213 215 219 220 227 229 232 233 234 236 238 239 240 241 245 249 257 258 259 261 262 263 264 265 267 272 273 275 278 281 286 288 290 292 293 294 296 297 161 205 70 280 36 56 116 14 
Number of disconnected nodes: 169
Max available bandwidth: 14200 Kbps
Average throughput: 7451.05 Kbps
Throughput to bandwidth ratio: 0.524722
Packet loss percentage: 22.7682%
Average delay: 6736.4 ms
Average jitter: 2646.99 ms
G_L: 0.4367

Nodes disconnected: 95 225 154 178 151 153 250 94 51 127 196 242 193 191 0 3 4 5 6 8 9 10 12 16 17 19 21 23 26 28 29 30 32 33 34 35 38 39 40 41 44 46 48 49 50 52 53 58 60 62 65 66 68 69 72 75 76 79 83 86 87 88 90 91 92 96 97 98 99 100 102 103 104 108 110 111 112 114 115 117 118 119 122 123 124 125 126 128 132 135 136 137 146 147 148 150 155 156 159 160 163 165 168 169 170 171 172 175 179 181 182 185 186 187 190 192 195 197 198 201 207 208 212 213 215 219 220 227 229 232 233 234 236 238 239 240 241 245 249 257 258 259 261 262 263 264 265 267 272 273 275 278 281 286 288 290 292 293 294 296 297 161 205 70 280 36 56 116 14 133 
Number of disconnected nodes: 170
Max available bandwidth: 14000 Kbps
Average throughput: 7398.76 Kbps
Throughput to bandwidth ratio: 0.528483
Packet loss percentage: 22.7742%
Average delay: 6912.62 ms
Average jitter: 2912.14 ms
G_L: 0.4333

Nodes disconnected: 95 225 154 178 151 153 250 94 51 127 196 242 193 191 0 3 4 5 6 8 9 10 12 16 17 19 21 23 26 28 29 30 32 33 34 35 38 39 40 41 44 46 48 49 50 52 53 58 60 62 65 66 68 69 72 75 76 79 83 86 87 88 90 91 92 96 97 98 99 100 102 103 104 108 110 111 112 114 115 117 118 119 122 123 124 125 126 128 132 135 136 137 146 147 148 150 155 156 159 160 163 165 168 169 170 171 172 175 179 181 182 185 186 187 190 192 195 197 198 201 207 208 212 213 215 219 220 227 229 232 233 234 236 238 239 240 241 245 249 257 258 259 261 262 263 264 265 267 272 273 275 278 281 286 288 290 292 293 294 296 297 161 205 70 280 36 56 116 14 133 42 
Number of disconnected nodes: 171
Max available bandwidth: 13900 Kbps
Average throughput: 7321.01 Kbps
Throughput to bandwidth ratio: 0.526691
Packet loss percentage: 23.6767%
Average delay: 7451.3 ms
Average jitter: 3330.92 ms
G_L: 0.43

Nodes disconnected: 95 225 154 178 151 153 250 94 51 127 196 242 193 191 0 3 4 5 6 8 9 10 12 16 17 19 21 23 26 28 29 30 32 33 34 35 38 39 40 41 44 46 48 49 50 52 53 58 60 62 65 66 68 69 72 75 76 79 83 86 87 88 90 91 92 96 97 98 99 100 102 103 104 108 110 111 112 114 115 117 118 119 122 123 124 125 126 128 132 135 136 137 146 147 148 150 155 156 159 160 163 165 168 169 170 171 172 175 179 181 182 185 186 187 190 192 195 197 198 201 207 208 212 213 215 219 220 227 229 232 233 234 236 238 239 240 241 245 249 257 258 259 261 262 263 264 265 267 272 273 275 278 281 286 288 290 292 293 294 296 297 161 205 70 280 36 56 116 14 133 42 24 
Number of disconnected nodes: 172
Max available bandwidth: 13800 Kbps
Average throughput: 7377.49 Kbps
Throughput to bandwidth ratio: 0.534601
Packet loss percentage: 23.8768%
Average delay: 6385.15 ms
Average jitter: 2262.42 ms
G_L: 0.4267

Nodes disconnected: 95 225 154 178 151 153 250 94 51 127 196 242 193 191 0 3 4 5 6 8 9 10 12 16 17 19 21 23 26 28 29 30 32 33 34 35 38 39 40 41 44 46 48 49 50 52 53 58 60 62 65 66 68 69 72 75 76 79 83 86 87 88 90 91 92 96 97 98 99 100 102 103 104 108 110 111 112 114 115 117 118 119 122 123 124 125 126 128 132 135 136 137 146 147 148 150 155 156 159 160 163 165 168 169 170 171 172 175 179 181 182 185 186 187 190 192 195 197 198 201 207 208 212 213 215 219 220 227 229 232 233 234 236 238 239 240 241 245 249 257 258 259 261 262 263 264 265 267 272 273 275 278 281 286 288 290 292 293 294 296 297 161 205 70 280 36 56 116 14 133 42 24 248 
Number of disconnected nodes: 173
Max available bandwidth: 13800 Kbps
Average throughput: 7386.49 Kbps
Throughput to bandwidth ratio: 0.535253
Packet loss percentage: 23.2798%
Average delay: 5901.67 ms
Average jitter: 2046.56 ms
G_L: 0.4233

Nodes disconnected: 95 225 154 178 151 153 250 94 51 127 196 242 193 191 0 3 4 5 6 8 9 10 12 16 17 19 21 23 26 28 29 30 32 33 34 35 38 39 40 41 44 46 48 49 50 52 53 58 60 62 65 66 68 69 72 75 76 79 83 86 87 88 90 91 92 96 97 98 99 100 102 103 104 108 110 111 112 114 115 117 118 119 122 123 124 125 126 128 132 135 136 137 146 147 148 150 155 156 159 160 163 165 168 169 170 171 172 175 179 181 182 185 186 187 190 192 195 197 198 201 207 208 212 213 215 219 220 227 229 232 233 234 236 238 239 240 241 245 249 257 258 259 261 262 263 264 265 267 272 273 275 278 281 286 288 290 292 293 294 296 297 161 205 70 280 36 56 116 14 133 42 24 248 121 
Number of disconnected nodes: 174
Max available bandwidth: 13700 Kbps
Average throughput: 7339.91 Kbps
Throughput to bandwidth ratio: 0.53576
Packet loss percentage: 22.5995%
Average delay: 7266.87 ms
Average jitter: 2764.93 ms
G_L: 0.42

Nodes disconnected: 95 225 154 178 151 153 250 94 51 127 196 242 193 191 0 3 4 5 6 8 9 10 12 16 17 19 21 23 26 28 29 30 32 33 34 35 38 39 40 41 44 46 48 49 50 52 53 58 60 62 65 66 68 69 72 75 76 79 83 86 87 88 90 91 92 96 97 98 99 100 102 103 104 108 110 111 112 114 115 117 118 119 122 123 124 125 126 128 132 135 136 137 146 147 148 150 155 156 159 160 163 165 168 169 170 171 172 175 179 181 182 185 186 187 190 192 195 197 198 201 207 208 212 213 215 219 220 227 229 232 233 234 236 238 239 240 241 245 249 257 258 259 261 262 263 264 265 267 272 273 275 278 281 286 288 290 292 293 294 296 297 161 205 70 280 36 56 116 14 133 42 24 248 121 11 
Number of disconnected nodes: 175
Max available bandwidth: 13500 Kbps
Average throughput: 7218.02 Kbps
Throughput to bandwidth ratio: 0.534668
Packet loss percentage: 21.7697%
Average delay: 8203.25 ms
Average jitter: 3347.48 ms
G_L: 0.4167

Nodes disconnected: 95 225 154 178 151 153 250 94 51 127 196 242 193 191 0 3 4 5 6 8 9 10 12 16 17 19 21 23 26 28 29 30 32 33 34 35 38 39 40 41 44 46 48 49 50 52 53 58 60 62 65 66 68 69 72 75 76 79 83 86 87 88 90 91 92 96 97 98 99 100 102 103 104 108 110 111 112 114 115 117 118 119 122 123 124 125 126 128 132 135 136 137 146 147 148 150 155 156 159 160 163 165 168 169 170 171 172 175 179 181 182 185 186 187 190 192 195 197 198 201 207 208 212 213 215 219 220 227 229 232 233 234 236 238 239 240 241 245 249 257 258 259 261 262 263 264 265 267 272 273 275 278 281 286 288 290 292 293 294 296 297 161 205 70 280 36 56 116 14 133 42 24 248 121 11 209 
Number of disconnected nodes: 176
Max available bandwidth: 13500 Kbps
Average throughput: 7128.41 Kbps
Throughput to bandwidth ratio: 0.52803
Packet loss percentage: 24.5102%
Average delay: 8131.68 ms
Average jitter: 2784.07 ms
G_L: 0.4133

Nodes disconnected: 95 225 154 178 151 153 250 94 51 127 196 242 193 191 0 3 4 5 6 8 9 10 12 16 17 19 21 23 26 28 29 30 32 33 34 35 38 39 40 41 44 46 48 49 50 52 53 58 60 62 65 66 68 69 72 75 76 79 83 86 87 88 90 91 92 96 97 98 99 100 102 103 104 108 110 111 112 114 115 117 118 119 122 123 124 125 126 128 132 135 136 137 146 147 148 150 155 156 159 160 163 165 168 169 170 171 172 175 179 181 182 185 186 187 190 192 195 197 198 201 207 208 212 213 215 219 220 227 229 232 233 234 236 238 239 240 241 245 249 257 258 259 261 262 263 264 265 267 272 273 275 278 281 286 288 290 292 293 294 296 297 161 205 70 280 36 56 116 14 133 42 24 248 121 11 209 131 
Number of disconnected nodes: 177
Max available bandwidth: 13400 Kbps
Average throughput: 6981.79 Kbps
Throughput to bandwidth ratio: 0.521029
Packet loss percentage: 22.8494%
Average delay: 7584.56 ms
Average jitter: 2787.62 ms
G_L: 0.41

Nodes disconnected: 95 225 154 178 151 153 250 94 51 127 196 242 193 191 0 3 4 5 6 8 9 10 12 16 17 19 21 23 26 28 29 30 32 33 34 35 38 39 40 41 44 46 48 49 50 52 53 58 60 62 65 66 68 69 72 75 76 79 83 86 87 88 90 91 92 96 97 98 99 100 102 103 104 108 110 111 112 114 115 117 118 119 122 123 124 125 126 128 132 135 136 137 146 147 148 150 155 156 159 160 163 165 168 169 170 171 172 175 179 181 182 185 186 187 190 192 195 197 198 201 207 208 212 213 215 219 220 227 229 232 233 234 236 238 239 240 241 245 249 257 258 259 261 262 263 264 265 267 272 273 275 278 281 286 288 290 292 293 294 296 297 161 205 70 280 36 56 116 14 133 42 24 248 121 11 209 131 183 
Number of disconnected nodes: 178
Max available bandwidth: 13300 Kbps
Average throughput: 6945.12 Kbps
Throughput to bandwidth ratio: 0.52219
Packet loss percentage: 23.6257%
Average delay: 7256.88 ms
Average jitter: 2544.48 ms
G_L: 0.4067

Nodes disconnected: 95 225 154 178 151 153 250 94 51 127 196 242 193 191 0 3 4 5 6 8 9 10 12 16 17 19 21 23 26 28 29 30 32 33 34 35 38 39 40 41 44 46 48 49 50 52 53 58 60 62 65 66 68 69 72 75 76 79 83 86 87 88 90 91 92 96 97 98 99 100 102 103 104 108 110 111 112 114 115 117 118 119 122 123 124 125 126 128 132 135 136 137 146 147 148 150 155 156 159 160 163 165 168 169 170 171 172 175 179 181 182 185 186 187 190 192 195 197 198 201 207 208 212 213 215 219 220 227 229 232 233 234 236 238 239 240 241 245 249 257 258 259 261 262 263 264 265 267 272 273 275 278 281 286 288 290 292 293 294 296 297 161 205 70 280 36 56 116 14 133 42 24 248 121 11 209 131 183 20 
Number of disconnected nodes: 179
Max available bandwidth: 13200 Kbps
Average throughput: 6844.74 Kbps
Throughput to bandwidth ratio: 0.518541
Packet loss percentage: 23.2289%
Average delay: 6470.9 ms
Average jitter: 2581.7 ms
G_L: 0.4033

Nodes disconnected: 95 225 154 178 151 153 250 94 51 127 196 242 193 191 0 3 4 5 6 8 9 10 12 16 17 19 21 23 26 28 29 30 32 33 34 35 38 39 40 41 44 46 48 49 50 52 53 58 60 62 65 66 68 69 72 75 76 79 83 86 87 88 90 91 92 96 97 98 99 100 102 103 104 108 110 111 112 114 115 117 118 119 122 123 124 125 126 128 132 135 136 137 146 147 148 150 155 156 159 160 163 165 168 169 170 171 172 175 179 181 182 185 186 187 190 192 195 197 198 201 207 208 212 213 215 219 220 227 229 232 233 234 236 238 239 240 241 245 249 257 258 259 261 262 263 264 265 267 272 273 275 278 281 286 288 290 292 293 294 296 297 161 205 70 280 36 56 116 14 133 42 24 248 121 11 209 131 183 20 89 25 15 
Number of disconnected nodes: 182
Max available bandwidth: 12700 Kbps
Average throughput: 6796.41 Kbps
Throughput to bandwidth ratio: 0.53515
Packet loss percentage: 23.8282%
Average delay: 6247.46 ms
Average jitter: 2578.58 ms
G_L: 0.3933

Nodes disconnected: 95 225 154 178 151 153 250 94 51 127 196 242 193 191 0 3 4 5 6 8 9 10 12 16 17 19 21 23 26 28 29 30 32 33 34 35 38 39 40 41 44 46 48 49 50 52 53 58 60 62 65 66 68 69 72 75 76 79 83 86 87 88 90 91 92 96 97 98 99 100 102 103 104 108 110 111 112 114 115 117 118 119 122 123 124 125 126 128 132 135 136 137 146 147 148 150 155 156 159 160 163 165 168 169 170 171 172 175 179 181 182 185 186 187 190 192 195 197 198 201 207 208 212 213 215 219 220 227 229 232 233 234 236 238 239 240 241 245 249 257 258 259 261 262 263 264 265 267 272 273 275 278 281 286 288 290 292 293 294 296 297 161 205 70 280 36 56 116 14 133 42 24 248 121 11 209 131 183 20 89 25 15 268 
Number of disconnected nodes: 183
Max available bandwidth: 12700 Kbps
Average throughput: 6662.47 Kbps
Throughput to bandwidth ratio: 0.524604
Packet loss percentage: 22.9421%
Average delay: 8098.22 ms
Average jitter: 3112.01 ms
G_L: 0.39

Nodes disconnected: 95 225 154 178 151 153 250 94 51 127 196 242 193 191 0 3 4 5 6 8 9 10 12 16 17 19 21 23 26 28 29 30 32 33 34 35 38 39 40 41 44 46 48 49 50 52 53 58 60 62 65 66 68 69 72 75 76 79 83 86 87 88 90 91 92 96 97 98 99 100 102 103 104 108 110 111 112 114 115 117 118 119 122 123 124 125 126 128 132 135 136 137 146 147 148 150 155 156 159 160 163 165 168 169 170 171 172 175 179 181 182 185 186 187 190 192 195 197 198 201 207 208 212 213 215 219 220 227 229 232 233 234 236 238 239 240 241 245 249 257 258 259 261 262 263 264 265 267 272 273 275 278 281 286 288 290 292 293 294 296 297 161 205 70 280 36 56 116 14 133 42 24 248 121 11 209 131 183 20 89 25 15 268 7 107 141 47 80 180 189 221 157 
Number of disconnected nodes: 192
Max available bandwidth: 12000 Kbps
Average throughput: 6034.18 Kbps
Throughput to bandwidth ratio: 0.502849
Packet loss percentage: 32.1826%
Average delay: 5722.35 ms
Average jitter: 1857.47 ms
G_L: 0.36

Nodes disconnected: 95 225 154 178 151 153 250 94 51 127 196 242 193 191 0 3 4 5 6 8 9 10 12 16 17 19 21 23 26 28 29 30 32 33 34 35 38 39 40 41 44 46 48 49 50 52 53 58 60 62 65 66 68 69 72 75 76 79 83 86 87 88 90 91 92 96 97 98 99 100 102 103 104 108 110 111 112 114 115 117 118 119 122 123 124 125 126 128 132 135 136 137 146 147 148 150 155 156 159 160 163 165 168 169 170 171 172 175 179 181 182 185 186 187 190 192 195 197 198 201 207 208 212 213 215 219 220 227 229 232 233 234 236 238 239 240 241 245 249 257 258 259 261 262 263 264 265 267 272 273 275 278 281 286 288 290 292 293 294 296 297 161 205 70 280 36 56 116 14 133 42 24 248 121 11 209 131 183 20 89 25 15 268 7 107 141 47 80 180 189 221 157 78 
Number of disconnected nodes: 193
Max available bandwidth: 11900 Kbps
Average throughput: 5963.41 Kbps
Throughput to bandwidth ratio: 0.501127
Packet loss percentage: 28.5321%
Average delay: 6222.37 ms
Average jitter: 2093.18 ms
G_L: 0.3567

Nodes disconnected: 95 225 154 178 151 153 250 94 51 127 196 242 193 191 0 3 4 5 6 8 9 10 12 16 17 19 21 23 26 28 29 30 32 33 34 35 38 39 40 41 44 46 48 49 50 52 53 58 60 62 65 66 68 69 72 75 76 79 83 86 87 88 90 91 92 96 97 98 99 100 102 103 104 108 110 111 112 114 115 117 118 119 122 123 124 125 126 128 132 135 136 137 146 147 148 150 155 156 159 160 163 165 168 169 170 171 172 175 179 181 182 185 186 187 190 192 195 197 198 201 207 208 212 213 215 219 220 227 229 232 233 234 236 238 239 240 241 245 249 257 258 259 261 262 263 264 265 267 272 273 275 278 281 286 288 290 292 293 294 296 297 161 205 70 280 36 56 116 14 133 42 24 248 121 11 209 131 183 20 89 25 15 268 7 107 141 47 80 180 189 221 157 78 271 
Number of disconnected nodes: 194
Max available bandwidth: 11900 Kbps
Average throughput: 5931.04 Kbps
Throughput to bandwidth ratio: 0.498407
Packet loss percentage: 30.503%
Average delay: 7738.02 ms
Average jitter: 2517 ms
G_L: 0.3533

Nodes disconnected: 95 225 154 178 151 153 250 94 51 127 196 242 193 191 0 3 4 5 6 8 9 10 12 16 17 19 21 23 26 28 29 30 32 33 34 35 38 39 40 41 44 46 48 49 50 52 53 58 60 62 65 66 68 69 72 75 76 79 83 86 87 88 90 91 92 96 97 98 99 100 102 103 104 108 110 111 112 114 115 117 118 119 122 123 124 125 126 128 132 135 136 137 146 147 148 150 155 156 159 160 163 165 168 169 170 171 172 175 179 181 182 185 186 187 190 192 195 197 198 201 207 208 212 213 215 219 220 227 229 232 233 234 236 238 239 240 241 245 249 257 258 259 261 262 263 264 265 267 272 273 275 278 281 286 288 290 292 293 294 296 297 161 205 70 280 36 56 116 14 133 42 24 248 121 11 209 131 183 20 89 25 15 268 7 107 141 47 80 180 189 221 157 78 271 260 173 
Number of disconnected nodes: 196
Max available bandwidth: 11900 Kbps
Average throughput: 5852.15 Kbps
Throughput to bandwidth ratio: 0.491777
Packet loss percentage: 33.6184%
Average delay: 6850.16 ms
Average jitter: 2021.31 ms
G_L: 0.3467

Nodes disconnected: 95 225 154 178 151 153 250 94 51 127 196 242 193 191 0 3 4 5 6 8 9 10 12 16 17 19 21 23 26 28 29 30 32 33 34 35 38 39 40 41 44 46 48 49 50 52 53 58 60 62 65 66 68 69 72 75 76 79 83 86 87 88 90 91 92 96 97 98 99 100 102 103 104 108 110 111 112 114 115 117 118 119 122 123 124 125 126 128 132 135 136 137 146 147 148 150 155 156 159 160 163 165 168 169 170 171 172 175 179 181 182 185 186 187 190 192 195 197 198 201 207 208 212 213 215 219 220 227 229 232 233 234 236 238 239 240 241 245 249 257 258 259 261 262 263 264 265 267 272 273 275 278 281 286 288 290 292 293 294 296 297 161 205 70 280 36 56 116 14 133 42 24 248 121 11 209 131 183 20 89 25 15 268 7 107 141 47 80 180 189 221 157 78 271 260 173 1 130 13 274 152 282 289 299 174 54 63 194 200 74 202 206 93 231 253 254 
Number of disconnected nodes: 216
Max available bandwidth: 10000 Kbps
Average throughput: 4581.53 Kbps
Throughput to bandwidth ratio: 0.458153
Packet loss percentage: 36.2057%
Average delay: 7358.58 ms
Average jitter: 1992.62 ms
G_L: 0.28

Nodes disconnected: 95 225 154 178 151 153 250 94 51 127 196 242 193 191 0 3 4 5 6 8 9 10 12 16 17 19 21 23 26 28 29 30 32 33 34 35 38 39 40 41 44 46 48 49 50 52 53 58 60 62 65 66 68 69 72 75 76 79 83 86 87 88 90 91 92 96 97 98 99 100 102 103 104 108 110 111 112 114 115 117 118 119 122 123 124 125 126 128 132 135 136 137 146 147 148 150 155 156 159 160 163 165 168 169 170 171 172 175 179 181 182 185 186 187 190 192 195 197 198 201 207 208 212 213 215 219 220 227 229 232 233 234 236 238 239 240 241 245 249 257 258 259 261 262 263 264 265 267 272 273 275 278 281 286 288 290 292 293 294 296 297 161 205 70 280 36 56 116 14 133 42 24 248 121 11 209 131 183 20 89 25 15 268 7 107 141 47 80 180 189 221 157 78 271 260 173 1 130 13 274 152 282 289 299 174 54 63 194 200 74 202 206 93 231 253 254 120 
Number of disconnected nodes: 217
Max available bandwidth: 9900 Kbps
Average throughput: 4481.3 Kbps
Throughput to bandwidth ratio: 0.452657
Packet loss percentage: 38.1215%
Average delay: 6438.35 ms
Average jitter: 1584.97 ms
G_L: 0.2767

Nodes disconnected: 95 225 154 178 151 153 250 94 51 127 196 242 193 191 0 3 4 5 6 8 9 10 12 16 17 19 21 23 26 28 29 30 32 33 34 35 38 39 40 41 44 46 48 49 50 52 53 58 60 62 65 66 68 69 72 75 76 79 83 86 87 88 90 91 92 96 97 98 99 100 102 103 104 108 110 111 112 114 115 117 118 119 122 123 124 125 126 128 132 135 136 137 146 147 148 150 155 156 159 160 163 165 168 169 170 171 172 175 179 181 182 185 186 187 190 192 195 197 198 201 207 208 212 213 215 219 220 227 229 232 233 234 236 238 239 240 241 245 249 257 258 259 261 262 263 264 265 267 272 273 275 278 281 286 288 290 292 293 294 296 297 161 205 70 280 36 56 116 14 133 42 24 248 121 11 209 131 183 20 89 25 15 268 7 107 141 47 80 180 189 221 157 78 271 260 173 1 130 13 274 152 282 289 299 174 54 63 194 200 74 202 206 93 231 253 254 120 230 
Number of disconnected nodes: 218
Max available bandwidth: 9900 Kbps
Average throughput: 4388.99 Kbps
Throughput to bandwidth ratio: 0.443332
Packet loss percentage: 32.7991%
Average delay: 5721.22 ms
Average jitter: 1757.28 ms
G_L: 0.2733

Nodes disconnected: 95 225 154 178 151 153 250 94 51 127 196 242 193 191 0 3 4 5 6 8 9 10 12 16 17 19 21 23 26 28 29 30 32 33 34 35 38 39 40 41 44 46 48 49 50 52 53 58 60 62 65 66 68 69 72 75 76 79 83 86 87 88 90 91 92 96 97 98 99 100 102 103 104 108 110 111 112 114 115 117 118 119 122 123 124 125 126 128 132 135 136 137 146 147 148 150 155 156 159 160 163 165 168 169 170 171 172 175 179 181 182 185 186 187 190 192 195 197 198 201 207 208 212 213 215 219 220 227 229 232 233 234 236 238 239 240 241 245 249 257 258 259 261 262 263 264 265 267 272 273 275 278 281 286 288 290 292 293 294 296 297 161 205 70 280 36 56 116 14 133 42 24 248 121 11 209 131 183 20 89 25 15 268 7 107 141 47 80 180 189 221 157 78 271 260 173 1 130 13 274 152 282 289 299 174 54 63 194 200 74 202 206 93 231 253 254 120 230 203 204 214 
Number of disconnected nodes: 221
Max available bandwidth: 9600 Kbps
Average throughput: 4484.3 Kbps
Throughput to bandwidth ratio: 0.467115
Packet loss percentage: 33.2674%
Average delay: 6797.68 ms
Average jitter: 1789.21 ms
G_L: 0.2633

Nodes disconnected: 95 225 154 178 151 153 250 94 51 127 196 242 193 191 0 3 4 5 6 8 9 10 12 16 17 19 21 23 26 28 29 30 32 33 34 35 38 39 40 41 44 46 48 49 50 52 53 58 60 62 65 66 68 69 72 75 76 79 83 86 87 88 90 91 92 96 97 98 99 100 102 103 104 108 110 111 112 114 115 117 118 119 122 123 124 125 126 128 132 135 136 137 146 147 148 150 155 156 159 160 163 165 168 169 170 171 172 175 179 181 182 185 186 187 190 192 195 197 198 201 207 208 212 213 215 219 220 227 229 232 233 234 236 238 239 240 241 245 249 257 258 259 261 262 263 264 265 267 272 273 275 278 281 286 288 290 292 293 294 296 297 161 205 70 280 36 56 116 14 133 42 24 248 121 11 209 131 183 20 89 25 15 268 7 107 141 47 80 180 189 221 157 78 271 260 173 1 130 13 274 152 282 289 299 174 54 63 194 200 74 202 206 93 231 253 254 120 230 203 204 214 224 129 140 77 144 81 18 211 252 276 22 246 184 188 285 222 287 
Number of disconnected nodes: 238
Max available bandwidth: 8400 Kbps
Average throughput: 3636.47 Kbps
Throughput to bandwidth ratio: 0.432913
Packet loss percentage: 35.8393%
Average delay: 5164.96 ms
Average jitter: 1020.12 ms
G_L: 0.2067

Nodes disconnected: 95 225 154 178 151 153 250 94 51 127 196 242 193 191 0 3 4 5 6 8 9 10 12 16 17 19 21 23 26 28 29 30 32 33 34 35 38 39 40 41 44 46 48 49 50 52 53 58 60 62 65 66 68 69 72 75 76 79 83 86 87 88 90 91 92 96 97 98 99 100 102 103 104 108 110 111 112 114 115 117 118 119 122 123 124 125 126 128 132 135 136 137 146 147 148 150 155 156 159 160 163 165 168 169 170 171 172 175 179 181 182 185 186 187 190 192 195 197 198 201 207 208 212 213 215 219 220 227 229 232 233 234 236 238 239 240 241 245 249 257 258 259 261 262 263 264 265 267 272 273 275 278 281 286 288 290 292 293 294 296 297 161 205 70 280 36 56 116 14 133 42 24 248 121 11 209 131 183 20 89 25 15 268 7 107 141 47 80 180 189 221 157 78 271 260 173 1 130 13 274 152 282 289 299 174 54 63 194 200 74 202 206 93 231 253 254 120 230 203 204 214 224 129 140 77 144 81 18 211 252 276 22 246 184 188 285 222 287 235 
Number of disconnected nodes: 239
Max available bandwidth: 8300 Kbps
Average throughput: 3476.36 Kbps
Throughput to bandwidth ratio: 0.418838
Packet loss percentage: 37.8483%
Average delay: 5207.86 ms
Average jitter: 1112.52 ms
G_L: 0.2033

Nodes disconnected: 95 225 154 178 151 153 250 94 51 127 196 242 193 191 0 3 4 5 6 8 9 10 12 16 17 19 21 23 26 28 29 30 32 33 34 35 38 39 40 41 44 46 48 49 50 52 53 58 60 62 65 66 68 69 72 75 76 79 83 86 87 88 90 91 92 96 97 98 99 100 102 103 104 108 110 111 112 114 115 117 118 119 122 123 124 125 126 128 132 135 136 137 146 147 148 150 155 156 159 160 163 165 168 169 170 171 172 175 179 181 182 185 186 187 190 192 195 197 198 201 207 208 212 213 215 219 220 227 229 232 233 234 236 238 239 240 241 245 249 257 258 259 261 262 263 264 265 267 272 273 275 278 281 286 288 290 292 293 294 296 297 161 205 70 280 36 56 116 14 133 42 24 248 121 11 209 131 183 20 89 25 15 268 7 107 141 47 80 180 189 221 157 78 271 260 173 1 130 13 274 152 282 289 299 174 54 63 194 200 74 202 206 93 231 253 254 120 230 203 204 214 224 129 140 77 144 81 18 211 252 276 22 246 184 188 285 222 287 235 256 2 134 139 269 270 143 145 149 277 279 27 158 31 162 164 37 166 167 295 298 45 177 64 67 71 82 210 85 216 217 223 226 101 106 109 237 113 243 251 255 
Number of disconnected nodes: 280
Max available bandwidth: 3500 Kbps
Average throughput: 1242.22 Kbps
Throughput to bandwidth ratio: 0.354919
Packet loss percentage: 45.7991%
Average delay: 2445.31 ms
Average jitter: 510.02 ms
G_L: 0.0667

Nodes disconnected: 95 225 154 178 151 153 250 94 51 127 196 242 193 191 0 3 4 5 6 8 9 10 12 16 17 19 21 23 26 28 29 30 32 33 34 35 38 39 40 41 44 46 48 49 50 52 53 58 60 62 65 66 68 69 72 75 76 79 83 86 87 88 90 91 92 96 97 98 99 100 102 103 104 108 110 111 112 114 115 117 118 119 122 123 124 125 126 128 132 135 136 137 146 147 148 150 155 156 159 160 163 165 168 169 170 171 172 175 179 181 182 185 186 187 190 192 195 197 198 201 207 208 212 213 215 219 220 227 229 232 233 234 236 238 239 240 241 245 249 257 258 259 261 262 263 264 265 267 272 273 275 278 281 286 288 290 292 293 294 296 297 161 205 70 280 36 56 116 14 133 42 24 248 121 11 209 131 183 20 89 25 15 268 7 107 141 47 80 180 189 221 157 78 271 260 173 1 130 13 274 152 282 289 299 174 54 63 194 200 74 202 206 93 231 253 254 120 230 203 204 214 224 129 140 77 144 81 18 211 252 276 22 246 184 188 285 222 287 235 256 2 134 139 269 270 143 145 149 277 279 27 158 31 162 164 37 166 167 295 298 45 177 64 67 71 82 210 85 216 217 223 226 101 106 109 237 113 243 251 255 283 
Number of disconnected nodes: 281
Max available bandwidth: 3500 Kbps
Average throughput: 1167.73 Kbps
Throughput to bandwidth ratio: 0.333637
Packet loss percentage: 41.757%
Average delay: 3009.97 ms
Average jitter: 568.798 ms
G_L: 0.0633

Nodes disconnected: 95 225 154 178 151 153 250 94 51 127 196 242 193 191 0 3 4 5 6 8 9 10 12 16 17 19 21 23 26 28 29 30 32 33 34 35 38 39 40 41 44 46 48 49 50 52 53 58 60 62 65 66 68 69 72 75 76 79 83 86 87 88 90 91 92 96 97 98 99 100 102 103 104 108 110 111 112 114 115 117 118 119 122 123 124 125 126 128 132 135 136 137 146 147 148 150 155 156 159 160 163 165 168 169 170 171 172 175 179 181 182 185 186 187 190 192 195 197 198 201 207 208 212 213 215 219 220 227 229 232 233 234 236 238 239 240 241 245 249 257 258 259 261 262 263 264 265 267 272 273 275 278 281 286 288 290 292 293 294 296 297 161 205 70 280 36 56 116 14 133 42 24 248 121 11 209 131 183 20 89 25 15 268 7 107 141 47 80 180 189 221 157 78 271 260 173 1 130 13 274 152 282 289 299 174 54 63 194 200 74 202 206 93 231 253 254 120 230 203 204 214 224 129 140 77 144 81 18 211 252 276 22 246 184 188 285 222 287 235 256 2 134 139 269 270 143 145 149 277 279 27 158 31 162 164 37 166 167 295 298 45 177 64 67 71 82 210 85 216 217 223 226 101 106 109 237 113 243 251 255 283 244 
Number of disconnected nodes: 282
Max available bandwidth: 3500 Kbps
Average throughput: 1110.99 Kbps
Throughput to bandwidth ratio: 0.317426
Packet loss percentage: 47.0693%
Average delay: 2647.59 ms
Average jitter: 501.08 ms
G_L: 0.06

Nodes disconnected: 95 225 154 178 151 153 250 94 51 127 196 242 193 191 0 3 4 5 6 8 9 10 12 16 17 19 21 23 26 28 29 30 32 33 34 35 38 39 40 41 44 46 48 49 50 52 53 58 60 62 65 66 68 69 72 75 76 79 83 86 87 88 90 91 92 96 97 98 99 100 102 103 104 108 110 111 112 114 115 117 118 119 122 123 124 125 126 128 132 135 136 137 146 147 148 150 155 156 159 160 163 165 168 169 170 171 172 175 179 181 182 185 186 187 190 192 195 197 198 201 207 208 212 213 215 219 220 227 229 232 233 234 236 238 239 240 241 245 249 257 258 259 261 262 263 264 265 267 272 273 275 278 281 286 288 290 292 293 294 296 297 161 205 70 280 36 56 116 14 133 42 24 248 121 11 209 131 183 20 89 25 15 268 7 107 141 47 80 180 189 221 157 78 271 260 173 1 130 13 274 152 282 289 299 174 54 63 194 200 74 202 206 93 231 253 254 120 230 203 204 214 224 129 140 77 144 81 18 211 252 276 22 246 184 188 285 222 287 235 256 2 134 139 269 270 143 145 149 277 279 27 158 31 162 164 37 166 167 295 298 45 177 64 67 71 82 210 85 216 217 223 226 101 106 109 237 113 243 251 255 283 244 176 
Number of disconnected nodes: 283
Max available bandwidth: 3500 Kbps
Average throughput: 1026.75 Kbps
Throughput to bandwidth ratio: 0.293356
Packet loss percentage: 48.1595%
Average delay: 1980.66 ms
Average jitter: 526.011 ms
G_L: 0.0567

Nodes disconnected: 95 225 154 178 151 153 250 94 51 127 196 242 193 191 0 3 4 5 6 8 9 10 12 16 17 19 21 23 26 28 29 30 32 33 34 35 38 39 40 41 44 46 48 49 50 52 53 58 60 62 65 66 68 69 72 75 76 79 83 86 87 88 90 91 92 96 97 98 99 100 102 103 104 108 110 111 112 114 115 117 118 119 122 123 124 125 126 128 132 135 136 137 146 147 148 150 155 156 159 160 163 165 168 169 170 171 172 175 179 181 182 185 186 187 190 192 195 197 198 201 207 208 212 213 215 219 220 227 229 232 233 234 236 238 239 240 241 245 249 257 258 259 261 262 263 264 265 267 272 273 275 278 281 286 288 290 292 293 294 296 297 161 205 70 280 36 56 116 14 133 42 24 248 121 11 209 131 183 20 89 25 15 268 7 107 141 47 80 180 189 221 157 78 271 260 173 1 130 13 274 152 282 289 299 174 54 63 194 200 74 202 206 93 231 253 254 120 230 203 204 214 224 129 140 77 144 81 18 211 252 276 22 246 184 188 285 222 287 235 256 2 134 139 269 270 143 145 149 277 279 27 158 31 162 164 37 166 167 295 298 45 177 64 67 71 82 210 85 216 217 223 226 101 106 109 237 113 243 251 255 283 244 176 228 
Number of disconnected nodes: 284
Max available bandwidth: 3500 Kbps
Average throughput: 1003.23 Kbps
Throughput to bandwidth ratio: 0.286638
Packet loss percentage: 41.397%
Average delay: 1938.21 ms
Average jitter: 508.706 ms
G_L: 0.0533

Nodes disconnected: 95 225 154 178 151 153 250 94 51 127 196 242 193 191 0 3 4 5 6 8 9 10 12 16 17 19 21 23 26 28 29 30 32 33 34 35 38 39 40 41 44 46 48 49 50 52 53 58 60 62 65 66 68 69 72 75 76 79 83 86 87 88 90 91 92 96 97 98 99 100 102 103 104 108 110 111 112 114 115 117 118 119 122 123 124 125 126 128 132 135 136 137 146 147 148 150 155 156 159 160 163 165 168 169 170 171 172 175 179 181 182 185 186 187 190 192 195 197 198 201 207 208 212 213 215 219 220 227 229 232 233 234 236 238 239 240 241 245 249 257 258 259 261 262 263 264 265 267 272 273 275 278 281 286 288 290 292 293 294 296 297 161 205 70 280 36 56 116 14 133 42 24 248 121 11 209 131 183 20 89 25 15 268 7 107 141 47 80 180 189 221 157 78 271 260 173 1 130 13 274 152 282 289 299 174 54 63 194 200 74 202 206 93 231 253 254 120 230 203 204 214 224 129 140 77 144 81 18 211 252 276 22 246 184 188 285 222 287 235 256 2 134 139 269 270 143 145 149 277 279 27 158 31 162 164 37 166 167 295 298 45 177 64 67 71 82 210 85 216 217 223 226 101 106 109 237 113 243 251 255 283 244 176 228 199 
Number of disconnected nodes: 285
Max available bandwidth: 3500 Kbps
Average throughput: 1039.37 Kbps
Throughput to bandwidth ratio: 0.296964
Packet loss percentage: 43.7653%
Average delay: 2538.81 ms
Average jitter: 555.752 ms
G_L: 0.05

Nodes disconnected: 95 225 154 178 151 153 250 94 51 127 196 242 193 191 0 3 4 5 6 8 9 10 12 16 17 19 21 23 26 28 29 30 32 33 34 35 38 39 40 41 44 46 48 49 50 52 53 58 60 62 65 66 68 69 72 75 76 79 83 86 87 88 90 91 92 96 97 98 99 100 102 103 104 108 110 111 112 114 115 117 118 119 122 123 124 125 126 128 132 135 136 137 146 147 148 150 155 156 159 160 163 165 168 169 170 171 172 175 179 181 182 185 186 187 190 192 195 197 198 201 207 208 212 213 215 219 220 227 229 232 233 234 236 238 239 240 241 245 249 257 258 259 261 262 263 264 265 267 272 273 275 278 281 286 288 290 292 293 294 296 297 161 205 70 280 36 56 116 14 133 42 24 248 121 11 209 131 183 20 89 25 15 268 7 107 141 47 80 180 189 221 157 78 271 260 173 1 130 13 274 152 282 289 299 174 54 63 194 200 74 202 206 93 231 253 254 120 230 203 204 214 224 129 140 77 144 81 18 211 252 276 22 246 184 188 285 222 287 235 256 2 134 139 269 270 143 145 149 277 279 27 158 31 162 164 37 166 167 295 298 45 177 64 67 71 82 210 85 216 217 223 226 101 106 109 237 113 243 251 255 283 244 176 228 199 105 
Number of disconnected nodes: 286
Max available bandwidth: 3500 Kbps
Average throughput: 845.726 Kbps
Throughput to bandwidth ratio: 0.241636
Packet loss percentage: 49.8869%
Average delay: 958.817 ms
Average jitter: 488.594 ms
G_L: 0.0467

Nodes disconnected: 95 225 154 178 151 153 250 94 51 127 196 242 193 191 0 3 4 5 6 8 9 10 12 16 17 19 21 23 26 28 29 30 32 33 34 35 38 39 40 41 44 46 48 49 50 52 53 58 60 62 65 66 68 69 72 75 76 79 83 86 87 88 90 91 92 96 97 98 99 100 102 103 104 108 110 111 112 114 115 117 118 119 122 123 124 125 126 128 132 135 136 137 146 147 148 150 155 156 159 160 163 165 168 169 170 171 172 175 179 181 182 185 186 187 190 192 195 197 198 201 207 208 212 213 215 219 220 227 229 232 233 234 236 238 239 240 241 245 249 257 258 259 261 262 263 264 265 267 272 273 275 278 281 286 288 290 292 293 294 296 297 161 205 70 280 36 56 116 14 133 42 24 248 121 11 209 131 183 20 89 25 15 268 7 107 141 47 80 180 189 221 157 78 271 260 173 1 130 13 274 152 282 289 299 174 54 63 194 200 74 202 206 93 231 253 254 120 230 203 204 214 224 129 140 77 144 81 18 211 252 276 22 246 184 188 285 222 287 235 256 2 134 139 269 270 143 145 149 277 279 27 158 31 162 164 37 166 167 295 298 45 177 64 67 71 82 210 85 216 217 223 226 101 106 109 237 113 243 251 255 283 244 176 228 199 105 218 266 
Number of disconnected nodes: 288
Max available bandwidth: 3100 Kbps
Average throughput: 811.036 Kbps
Throughput to bandwidth ratio: 0.261625
Packet loss percentage: 42.5457%
Average delay: 2690.14 ms
Average jitter: 470.149 ms
G_L: 0.04

Nodes disconnected: 95 225 154 178 151 153 250 94 51 127 196 242 193 191 0 3 4 5 6 8 9 10 12 16 17 19 21 23 26 28 29 30 32 33 34 35 38 39 40 41 44 46 48 49 50 52 53 58 60 62 65 66 68 69 72 75 76 79 83 86 87 88 90 91 92 96 97 98 99 100 102 103 104 108 110 111 112 114 115 117 118 119 122 123 124 125 126 128 132 135 136 137 146 147 148 150 155 156 159 160 163 165 168 169 170 171 172 175 179 181 182 185 186 187 190 192 195 197 198 201 207 208 212 213 215 219 220 227 229 232 233 234 236 238 239 240 241 245 249 257 258 259 261 262 263 264 265 267 272 273 275 278 281 286 288 290 292 293 294 296 297 161 205 70 280 36 56 116 14 133 42 24 248 121 11 209 131 183 20 89 25 15 268 7 107 141 47 80 180 189 221 157 78 271 260 173 1 130 13 274 152 282 289 299 174 54 63 194 200 74 202 206 93 231 253 254 120 230 203 204 214 224 129 140 77 144 81 18 211 252 276 22 246 184 188 285 222 287 235 256 2 134 139 269 270 143 145 149 277 279 27 158 31 162 164 37 166 167 295 298 45 177 64 67 71 82 210 85 216 217 223 226 101 106 109 237 113 243 251 255 283 244 176 228 199 105 218 266 247 73 138 43 142 84 55 57 59 61 
Number of disconnected nodes: 298
Max available bandwidth: 100 Kbps
Average throughput: 44.4195 Kbps
Throughput to bandwidth ratio: 0.444195
Packet loss percentage: 79.0546%
Average delay: 141.342 ms
Average jitter: 281.788 ms
G_L: 0.0067

Nodes disconnected: 95 225 154 178 151 153 250 94 51 127 196 242 193 191 0 3 4 5 6 8 9 10 12 16 17 19 21 23 26 28 29 30 32 33 34 35 38 39 40 41 44 46 48 49 50 52 53 58 60 62 65 66 68 69 72 75 76 79 83 86 87 88 90 91 92 96 97 98 99 100 102 103 104 108 110 111 112 114 115 117 118 119 122 123 124 125 126 128 132 135 136 137 146 147 148 150 155 156 159 160 163 165 168 169 170 171 172 175 179 181 182 185 186 187 190 192 195 197 198 201 207 208 212 213 215 219 220 227 229 232 233 234 236 238 239 240 241 245 249 257 258 259 261 262 263 264 265 267 272 273 275 278 281 286 288 290 292 293 294 296 297 161 205 70 280 36 56 116 14 133 42 24 248 121 11 209 131 183 20 89 25 15 268 7 107 141 47 80 180 189 221 157 78 271 260 173 1 130 13 274 152 282 289 299 174 54 63 194 200 74 202 206 93 231 253 254 120 230 203 204 214 224 129 140 77 144 81 18 211 252 276 22 246 184 188 285 222 287 235 256 2 134 139 269 270 143 145 149 277 279 27 158 31 162 164 37 166 167 295 298 45 177 64 67 71 82 210 85 216 217 223 226 101 106 109 237 113 243 251 255 283 244 176 228 199 105 218 266 247 73 138 43 142 84 55 57 59 61 291 284 
Number of disconnected nodes: 300
Max available bandwidth: 0 Kbps
Average throughput: 0 Kbps
Throughput to bandwidth ratio: -nan
Packet loss percentage: -nan%
Average delay: -nan ms
Average jitter: -nan ms
G_L: 0

