Nodes disconnected: 
Number of disconnected nodes: 0
Max available bandwidth: 33400 Kbps
Average throughput: 25289.2 Kbps
Throughput to bandwidth ratio: 0.757162
Packet loss percentage: 5.68588%
Average delay: 2125.04 ms
Average jitter: 597.51 ms
G_L: 1

Nodes disconnected: 84 
Number of disconnected nodes: 1
Max available bandwidth: 33400 Kbps
Average throughput: 25220.3 Kbps
Throughput to bandwidth ratio: 0.755098
Packet loss percentage: 5.75549%
Average delay: 2075.64 ms
Average jitter: 597.212 ms
G_L: 0.9967

Nodes disconnected: 84 0 3 4 5 6 8 9 10 12 16 17 21 23 26 28 29 30 32 33 34 35 38 39 40 41 44 46 48 49 50 52 53 58 60 62 65 66 68 69 72 75 76 79 83 86 88 90 91 92 95 96 97 98 99 100 102 103 104 108 110 111 112 114 115 117 118 119 122 123 124 125 126 128 132 135 136 137 146 147 148 150 155 156 159 160 163 165 168 169 170 171 172 175 179 181 182 185 186 187 190 191 192 193 195 196 197 198 201 207 208 212 213 215 219 220 227 229 232 233 234 236 238 239 240 241 245 249 257 258 259 261 262 263 264 265 267 272 273 275 278 281 286 288 290 292 293 294 296 297 
Number of disconnected nodes: 150
Max available bandwidth: 15900 Kbps
Average throughput: 9582.8 Kbps
Throughput to bandwidth ratio: 0.602692
Packet loss percentage: 35.4942%
Average delay: 3275.62 ms
Average jitter: 703.331 ms
G_L: 0.5

Nodes disconnected: 84 0 3 4 5 6 8 9 10 12 16 17 21 23 26 28 29 30 32 33 34 35 38 39 40 41 44 46 48 49 50 52 53 58 60 62 65 66 68 69 72 75 76 79 83 86 88 90 91 92 95 96 97 98 99 100 102 103 104 108 110 111 112 114 115 117 118 119 122 123 124 125 126 128 132 135 136 137 146 147 148 150 155 156 159 160 163 165 168 169 170 171 172 175 179 181 182 185 186 187 190 191 192 193 195 196 197 198 201 207 208 212 213 215 219 220 227 229 232 233 234 236 238 239 240 241 245 249 257 258 259 261 262 263 264 265 267 272 273 275 278 281 286 288 290 292 293 294 296 297 161 
Number of disconnected nodes: 151
Max available bandwidth: 15800 Kbps
Average throughput: 9504.67 Kbps
Throughput to bandwidth ratio: 0.601561
Packet loss percentage: 35.7403%
Average delay: 3293.73 ms
Average jitter: 692.044 ms
G_L: 0.4967

Nodes disconnected: 84 0 3 4 5 6 8 9 10 12 16 17 21 23 26 28 29 30 32 33 34 35 38 39 40 41 44 46 48 49 50 52 53 58 60 62 65 66 68 69 72 75 76 79 83 86 88 90 91 92 95 96 97 98 99 100 102 103 104 108 110 111 112 114 115 117 118 119 122 123 124 125 126 128 132 135 136 137 146 147 148 150 155 156 159 160 163 165 168 169 170 171 172 175 179 181 182 185 186 187 190 191 192 193 195 196 197 198 201 207 208 212 213 215 219 220 227 229 232 233 234 236 238 239 240 241 245 249 257 258 259 261 262 263 264 265 267 272 273 275 278 281 286 288 290 292 293 294 296 297 161 116 
Number of disconnected nodes: 152
Max available bandwidth: 15800 Kbps
Average throughput: 9518.45 Kbps
Throughput to bandwidth ratio: 0.602433
Packet loss percentage: 35.8995%
Average delay: 3255.25 ms
Average jitter: 691.416 ms
G_L: 0.4933

Nodes disconnected: 84 0 3 4 5 6 8 9 10 12 16 17 21 23 26 28 29 30 32 33 34 35 38 39 40 41 44 46 48 49 50 52 53 58 60 62 65 66 68 69 72 75 76 79 83 86 88 90 91 92 95 96 97 98 99 100 102 103 104 108 110 111 112 114 115 117 118 119 122 123 124 125 126 128 132 135 136 137 146 147 148 150 155 156 159 160 163 165 168 169 170 171 172 175 179 181 182 185 186 187 190 191 192 193 195 196 197 198 201 207 208 212 213 215 219 220 227 229 232 233 234 236 238 239 240 241 245 249 257 258 259 261 262 263 264 265 267 272 273 275 278 281 286 288 290 292 293 294 296 297 161 116 178 154 
Number of disconnected nodes: 154
Max available bandwidth: 15700 Kbps
Average throughput: 9298.68 Kbps
Throughput to bandwidth ratio: 0.592273
Packet loss percentage: 36.4212%
Average delay: 3192.39 ms
Average jitter: 684.747 ms
G_L: 0.4867

Nodes disconnected: 84 0 3 4 5 6 8 9 10 12 16 17 21 23 26 28 29 30 32 33 34 35 38 39 40 41 44 46 48 49 50 52 53 58 60 62 65 66 68 69 72 75 76 79 83 86 88 90 91 92 95 96 97 98 99 100 102 103 104 108 110 111 112 114 115 117 118 119 122 123 124 125 126 128 132 135 136 137 146 147 148 150 155 156 159 160 163 165 168 169 170 171 172 175 179 181 182 185 186 187 190 191 192 193 195 196 197 198 201 207 208 212 213 215 219 220 227 229 232 233 234 236 238 239 240 241 245 249 257 258 259 261 262 263 264 265 267 272 273 275 278 281 286 288 290 292 293 294 296 297 161 116 178 154 89 157 54 
Number of disconnected nodes: 157
Max available bandwidth: 15500 Kbps
Average throughput: 9127.21 Kbps
Throughput to bandwidth ratio: 0.588853
Packet loss percentage: 36.43%
Average delay: 3296.08 ms
Average jitter: 675.792 ms
G_L: 0.4767

Nodes disconnected: 84 0 3 4 5 6 8 9 10 12 16 17 21 23 26 28 29 30 32 33 34 35 38 39 40 41 44 46 48 49 50 52 53 58 60 62 65 66 68 69 72 75 76 79 83 86 88 90 91 92 95 96 97 98 99 100 102 103 104 108 110 111 112 114 115 117 118 119 122 123 124 125 126 128 132 135 136 137 146 147 148 150 155 156 159 160 163 165 168 169 170 171 172 175 179 181 182 185 186 187 190 191 192 193 195 196 197 198 201 207 208 212 213 215 219 220 227 229 232 233 234 236 238 239 240 241 245 249 257 258 259 261 262 263 264 265 267 272 273 275 278 281 286 288 290 292 293 294 296 297 161 116 178 154 89 157 54 203 204 214 
Number of disconnected nodes: 160
Max available bandwidth: 15200 Kbps
Average throughput: 8793.06 Kbps
Throughput to bandwidth ratio: 0.578491
Packet loss percentage: 37.5285%
Average delay: 3411.37 ms
Average jitter: 721.783 ms
G_L: 0.4667

Nodes disconnected: 84 0 3 4 5 6 8 9 10 12 16 17 21 23 26 28 29 30 32 33 34 35 38 39 40 41 44 46 48 49 50 52 53 58 60 62 65 66 68 69 72 75 76 79 83 86 88 90 91 92 95 96 97 98 99 100 102 103 104 108 110 111 112 114 115 117 118 119 122 123 124 125 126 128 132 135 136 137 146 147 148 150 155 156 159 160 163 165 168 169 170 171 172 175 179 181 182 185 186 187 190 191 192 193 195 196 197 198 201 207 208 212 213 215 219 220 227 229 232 233 234 236 238 239 240 241 245 249 257 258 259 261 262 263 264 265 267 272 273 275 278 281 286 288 290 292 293 294 296 297 161 116 178 154 89 157 54 203 204 214 225 
Number of disconnected nodes: 161
Max available bandwidth: 15200 Kbps
Average throughput: 8799.39 Kbps
Throughput to bandwidth ratio: 0.578907
Packet loss percentage: 37.8194%
Average delay: 3372.6 ms
Average jitter: 696.492 ms
G_L: 0.4633

Nodes disconnected: 84 0 3 4 5 6 8 9 10 12 16 17 21 23 26 28 29 30 32 33 34 35 38 39 40 41 44 46 48 49 50 52 53 58 60 62 65 66 68 69 72 75 76 79 83 86 88 90 91 92 95 96 97 98 99 100 102 103 104 108 110 111 112 114 115 117 118 119 122 123 124 125 126 128 132 135 136 137 146 147 148 150 155 156 159 160 163 165 168 169 170 171 172 175 179 181 182 185 186 187 190 191 192 193 195 196 197 198 201 207 208 212 213 215 219 220 227 229 232 233 234 236 238 239 240 241 245 249 257 258 259 261 262 263 264 265 267 272 273 275 278 281 286 288 290 292 293 294 296 297 161 116 178 154 89 157 54 203 204 214 225 78 295 
Number of disconnected nodes: 163
Max available bandwidth: 15100 Kbps
Average throughput: 8679.83 Kbps
Throughput to bandwidth ratio: 0.574823
Packet loss percentage: 37.9069%
Average delay: 3224.32 ms
Average jitter: 690.39 ms
G_L: 0.4567

Nodes disconnected: 84 0 3 4 5 6 8 9 10 12 16 17 21 23 26 28 29 30 32 33 34 35 38 39 40 41 44 46 48 49 50 52 53 58 60 62 65 66 68 69 72 75 76 79 83 86 88 90 91 92 95 96 97 98 99 100 102 103 104 108 110 111 112 114 115 117 118 119 122 123 124 125 126 128 132 135 136 137 146 147 148 150 155 156 159 160 163 165 168 169 170 171 172 175 179 181 182 185 186 187 190 191 192 193 195 196 197 198 201 207 208 212 213 215 219 220 227 229 232 233 234 236 238 239 240 241 245 249 257 258 259 261 262 263 264 265 267 272 273 275 278 281 286 288 290 292 293 294 296 297 161 116 178 154 89 157 54 203 204 214 225 78 295 205 
Number of disconnected nodes: 164
Max available bandwidth: 15100 Kbps
Average throughput: 8616.27 Kbps
Throughput to bandwidth ratio: 0.570614
Packet loss percentage: 38.1647%
Average delay: 3225.67 ms
Average jitter: 679.992 ms
G_L: 0.4533

Nodes disconnected: 84 0 3 4 5 6 8 9 10 12 16 17 21 23 26 28 29 30 32 33 34 35 38 39 40 41 44 46 48 49 50 52 53 58 60 62 65 66 68 69 72 75 76 79 83 86 88 90 91 92 95 96 97 98 99 100 102 103 104 108 110 111 112 114 115 117 118 119 122 123 124 125 126 128 132 135 136 137 146 147 148 150 155 156 159 160 163 165 168 169 170 171 172 175 179 181 182 185 186 187 190 191 192 193 195 196 197 198 201 207 208 212 213 215 219 220 227 229 232 233 234 236 238 239 240 241 245 249 257 258 259 261 262 263 264 265 267 272 273 275 278 281 286 288 290 292 293 294 296 297 161 116 178 154 89 157 54 203 204 214 225 78 295 205 74 
Number of disconnected nodes: 165
Max available bandwidth: 15000 Kbps
Average throughput: 8569.41 Kbps
Throughput to bandwidth ratio: 0.571294
Packet loss percentage: 37.9147%
Average delay: 3302.25 ms
Average jitter: 682.272 ms
G_L: 0.45

Nodes disconnected: 84 0 3 4 5 6 8 9 10 12 16 17 21 23 26 28 29 30 32 33 34 35 38 39 40 41 44 46 48 49 50 52 53 58 60 62 65 66 68 69 72 75 76 79 83 86 88 90 91 92 95 96 97 98 99 100 102 103 104 108 110 111 112 114 115 117 118 119 122 123 124 125 126 128 132 135 136 137 146 147 148 150 155 156 159 160 163 165 168 169 170 171 172 175 179 181 182 185 186 187 190 191 192 193 195 196 197 198 201 207 208 212 213 215 219 220 227 229 232 233 234 236 238 239 240 241 245 249 257 258 259 261 262 263 264 265 267 272 273 275 278 281 286 288 290 292 293 294 296 297 161 116 178 154 89 157 54 203 204 214 225 78 295 205 74 209 143 
Number of disconnected nodes: 167
Max available bandwidth: 14800 Kbps
Average throughput: 8426.89 Kbps
Throughput to bandwidth ratio: 0.569385
Packet loss percentage: 38.6058%
Average delay: 3228.46 ms
Average jitter: 658.808 ms
G_L: 0.4433

Nodes disconnected: 84 0 3 4 5 6 8 9 10 12 16 17 21 23 26 28 29 30 32 33 34 35 38 39 40 41 44 46 48 49 50 52 53 58 60 62 65 66 68 69 72 75 76 79 83 86 88 90 91 92 95 96 97 98 99 100 102 103 104 108 110 111 112 114 115 117 118 119 122 123 124 125 126 128 132 135 136 137 146 147 148 150 155 156 159 160 163 165 168 169 170 171 172 175 179 181 182 185 186 187 190 191 192 193 195 196 197 198 201 207 208 212 213 215 219 220 227 229 232 233 234 236 238 239 240 241 245 249 257 258 259 261 262 263 264 265 267 272 273 275 278 281 286 288 290 292 293 294 296 297 161 116 178 154 89 157 54 203 204 214 225 78 295 205 74 209 143 45 13 22 
Number of disconnected nodes: 170
Max available bandwidth: 14500 Kbps
Average throughput: 8265.68 Kbps
Throughput to bandwidth ratio: 0.570047
Packet loss percentage: 38.74%
Average delay: 3180.43 ms
Average jitter: 658.592 ms
G_L: 0.4333

Nodes disconnected: 84 0 3 4 5 6 8 9 10 12 16 17 21 23 26 28 29 30 32 33 34 35 38 39 40 41 44 46 48 49 50 52 53 58 60 62 65 66 68 69 72 75 76 79 83 86 88 90 91 92 95 96 97 98 99 100 102 103 104 108 110 111 112 114 115 117 118 119 122 123 124 125 126 128 132 135 136 137 146 147 148 150 155 156 159 160 163 165 168 169 170 171 172 175 179 181 182 185 186 187 190 191 192 193 195 196 197 198 201 207 208 212 213 215 219 220 227 229 232 233 234 236 238 239 240 241 245 249 257 258 259 261 262 263 264 265 267 272 273 275 278 281 286 288 290 292 293 294 296 297 161 116 178 154 89 157 54 203 204 214 225 78 295 205 74 209 143 45 13 22 280 
Number of disconnected nodes: 171
Max available bandwidth: 14500 Kbps
Average throughput: 8209.11 Kbps
Throughput to bandwidth ratio: 0.566146
Packet loss percentage: 38.5948%
Average delay: 3328.03 ms
Average jitter: 662.796 ms
G_L: 0.43

Nodes disconnected: 84 0 3 4 5 6 8 9 10 12 16 17 21 23 26 28 29 30 32 33 34 35 38 39 40 41 44 46 48 49 50 52 53 58 60 62 65 66 68 69 72 75 76 79 83 86 88 90 91 92 95 96 97 98 99 100 102 103 104 108 110 111 112 114 115 117 118 119 122 123 124 125 126 128 132 135 136 137 146 147 148 150 155 156 159 160 163 165 168 169 170 171 172 175 179 181 182 185 186 187 190 191 192 193 195 196 197 198 201 207 208 212 213 215 219 220 227 229 232 233 234 236 238 239 240 241 245 249 257 258 259 261 262 263 264 265 267 272 273 275 278 281 286 288 290 292 293 294 296 297 161 116 178 154 89 157 54 203 204 214 225 78 295 205 74 209 143 45 13 22 280 94 
Number of disconnected nodes: 172
Max available bandwidth: 14400 Kbps
Average throughput: 8120.77 Kbps
Throughput to bandwidth ratio: 0.563942
Packet loss percentage: 38.6215%
Average delay: 3291.73 ms
Average jitter: 660.503 ms
G_L: 0.4267

Nodes disconnected: 84 0 3 4 5 6 8 9 10 12 16 17 21 23 26 28 29 30 32 33 34 35 38 39 40 41 44 46 48 49 50 52 53 58 60 62 65 66 68 69 72 75 76 79 83 86 88 90 91 92 95 96 97 98 99 100 102 103 104 108 110 111 112 114 115 117 118 119 122 123 124 125 126 128 132 135 136 137 146 147 148 150 155 156 159 160 163 165 168 169 170 171 172 175 179 181 182 185 186 187 190 191 192 193 195 196 197 198 201 207 208 212 213 215 219 220 227 229 232 233 234 236 238 239 240 241 245 249 257 258 259 261 262 263 264 265 267 272 273 275 278 281 286 288 290 292 293 294 296 297 161 116 178 154 89 157 54 203 204 214 225 78 295 205 74 209 143 45 13 22 280 94 289 2 199 14 180 277 246 24 25 188 221 222 255 
Number of disconnected nodes: 185
Max available bandwidth: 13500 Kbps
Average throughput: 7232.87 Kbps
Throughput to bandwidth ratio: 0.535768
Packet loss percentage: 40.0574%
Average delay: 3083.55 ms
Average jitter: 619.04 ms
G_L: 0.3833

Nodes disconnected: 84 0 3 4 5 6 8 9 10 12 16 17 21 23 26 28 29 30 32 33 34 35 38 39 40 41 44 46 48 49 50 52 53 58 60 62 65 66 68 69 72 75 76 79 83 86 88 90 91 92 95 96 97 98 99 100 102 103 104 108 110 111 112 114 115 117 118 119 122 123 124 125 126 128 132 135 136 137 146 147 148 150 155 156 159 160 163 165 168 169 170 171 172 175 179 181 182 185 186 187 190 191 192 193 195 196 197 198 201 207 208 212 213 215 219 220 227 229 232 233 234 236 238 239 240 241 245 249 257 258 259 261 262 263 264 265 267 272 273 275 278 281 286 288 290 292 293 294 296 297 161 116 178 154 89 157 54 203 204 214 225 78 295 205 74 209 143 45 13 22 280 94 289 2 199 14 180 277 246 24 25 188 221 222 255 131 70 230 
Number of disconnected nodes: 188
Max available bandwidth: 13300 Kbps
Average throughput: 6968.37 Kbps
Throughput to bandwidth ratio: 0.523938
Packet loss percentage: 41.0917%
Average delay: 2998.83 ms
Average jitter: 595.029 ms
G_L: 0.3733

Nodes disconnected: 84 0 3 4 5 6 8 9 10 12 16 17 21 23 26 28 29 30 32 33 34 35 38 39 40 41 44 46 48 49 50 52 53 58 60 62 65 66 68 69 72 75 76 79 83 86 88 90 91 92 95 96 97 98 99 100 102 103 104 108 110 111 112 114 115 117 118 119 122 123 124 125 126 128 132 135 136 137 146 147 148 150 155 156 159 160 163 165 168 169 170 171 172 175 179 181 182 185 186 187 190 191 192 193 195 196 197 198 201 207 208 212 213 215 219 220 227 229 232 233 234 236 238 239 240 241 245 249 257 258 259 261 262 263 264 265 267 272 273 275 278 281 286 288 290 292 293 294 296 297 161 116 178 154 89 157 54 203 204 214 225 78 295 205 74 209 143 45 13 22 280 94 289 2 199 14 180 277 246 24 25 188 221 222 255 131 70 230 1 254 
Number of disconnected nodes: 190
Max available bandwidth: 13200 Kbps
Average throughput: 6877.66 Kbps
Throughput to bandwidth ratio: 0.521035
Packet loss percentage: 40.9671%
Average delay: 2926.16 ms
Average jitter: 569.71 ms
G_L: 0.3667

Nodes disconnected: 84 0 3 4 5 6 8 9 10 12 16 17 21 23 26 28 29 30 32 33 34 35 38 39 40 41 44 46 48 49 50 52 53 58 60 62 65 66 68 69 72 75 76 79 83 86 88 90 91 92 95 96 97 98 99 100 102 103 104 108 110 111 112 114 115 117 118 119 122 123 124 125 126 128 132 135 136 137 146 147 148 150 155 156 159 160 163 165 168 169 170 171 172 175 179 181 182 185 186 187 190 191 192 193 195 196 197 198 201 207 208 212 213 215 219 220 227 229 232 233 234 236 238 239 240 241 245 249 257 258 259 261 262 263 264 265 267 272 273 275 278 281 286 288 290 292 293 294 296 297 161 116 178 154 89 157 54 203 204 214 225 78 295 205 74 209 143 45 13 22 280 94 289 2 199 14 180 277 246 24 25 188 221 222 255 131 70 230 1 254 129 260 7 138 266 19 279 283 31 36 167 298 183 80 82 210 87 216 218 228 120 
Number of disconnected nodes: 211
Max available bandwidth: 11300 Kbps
Average throughput: 5350.59 Kbps
Throughput to bandwidth ratio: 0.473504
Packet loss percentage: 44.156%
Average delay: 2463.92 ms
Average jitter: 526.668 ms
G_L: 0.2967

Nodes disconnected: 84 0 3 4 5 6 8 9 10 12 16 17 21 23 26 28 29 30 32 33 34 35 38 39 40 41 44 46 48 49 50 52 53 58 60 62 65 66 68 69 72 75 76 79 83 86 88 90 91 92 95 96 97 98 99 100 102 103 104 108 110 111 112 114 115 117 118 119 122 123 124 125 126 128 132 135 136 137 146 147 148 150 155 156 159 160 163 165 168 169 170 171 172 175 179 181 182 185 186 187 190 191 192 193 195 196 197 198 201 207 208 212 213 215 219 220 227 229 232 233 234 236 238 239 240 241 245 249 257 258 259 261 262 263 264 265 267 272 273 275 278 281 286 288 290 292 293 294 296 297 161 116 178 154 89 157 54 203 204 214 225 78 295 205 74 209 143 45 13 22 280 94 289 2 199 14 180 277 246 24 25 188 221 222 255 131 70 230 1 254 129 260 7 138 266 19 279 283 31 36 167 298 183 80 82 210 87 216 218 228 120 144 224 77 
Number of disconnected nodes: 214
Max available bandwidth: 11100 Kbps
Average throughput: 5037.44 Kbps
Throughput to bandwidth ratio: 0.453824
Packet loss percentage: 46.6769%
Average delay: 2309.31 ms
Average jitter: 508.804 ms
G_L: 0.2867

Nodes disconnected: 84 0 3 4 5 6 8 9 10 12 16 17 21 23 26 28 29 30 32 33 34 35 38 39 40 41 44 46 48 49 50 52 53 58 60 62 65 66 68 69 72 75 76 79 83 86 88 90 91 92 95 96 97 98 99 100 102 103 104 108 110 111 112 114 115 117 118 119 122 123 124 125 126 128 132 135 136 137 146 147 148 150 155 156 159 160 163 165 168 169 170 171 172 175 179 181 182 185 186 187 190 191 192 193 195 196 197 198 201 207 208 212 213 215 219 220 227 229 232 233 234 236 238 239 240 241 245 249 257 258 259 261 262 263 264 265 267 272 273 275 278 281 286 288 290 292 293 294 296 297 161 116 178 154 89 157 54 203 204 214 225 78 295 205 74 209 143 45 13 22 280 94 289 2 199 14 180 277 246 24 25 188 221 222 255 131 70 230 1 254 129 260 7 138 266 19 279 283 31 36 167 298 183 80 82 210 87 216 218 228 120 144 224 77 130 133 139 141 142 15 269 145 18 271 20 149 274 276 282 284 287 291 164 42 43 173 176 51 55 56 59 61 189 63 194 200 73 202 206 81 85 223 101 231 105 107 235 237 113 247 248 121 251 253 127 
Number of disconnected nodes: 265
Max available bandwidth: 5200 Kbps
Average throughput: 1902.43 Kbps
Throughput to bandwidth ratio: 0.365851
Packet loss percentage: 51.9713%
Average delay: 987.284 ms
Average jitter: 361.414 ms
G_L: 0.1167

Nodes disconnected: 84 0 3 4 5 6 8 9 10 12 16 17 21 23 26 28 29 30 32 33 34 35 38 39 40 41 44 46 48 49 50 52 53 58 60 62 65 66 68 69 72 75 76 79 83 86 88 90 91 92 95 96 97 98 99 100 102 103 104 108 110 111 112 114 115 117 118 119 122 123 124 125 126 128 132 135 136 137 146 147 148 150 155 156 159 160 163 165 168 169 170 171 172 175 179 181 182 185 186 187 190 191 192 193 195 196 197 198 201 207 208 212 213 215 219 220 227 229 232 233 234 236 238 239 240 241 245 249 257 258 259 261 262 263 264 265 267 272 273 275 278 281 286 288 290 292 293 294 296 297 161 116 178 154 89 157 54 203 204 214 225 78 295 205 74 209 143 45 13 22 280 94 289 2 199 14 180 277 246 24 25 188 221 222 255 131 70 230 1 254 129 260 7 138 266 19 279 283 31 36 167 298 183 80 82 210 87 216 218 228 120 144 224 77 130 133 139 141 142 15 269 145 18 271 20 149 274 276 282 284 287 291 164 42 43 173 176 51 55 56 59 61 189 63 194 200 73 202 206 81 85 223 101 231 105 107 235 237 113 247 248 121 251 253 127 11 
Number of disconnected nodes: 266
Max available bandwidth: 5000 Kbps
Average throughput: 1901.81 Kbps
Throughput to bandwidth ratio: 0.380361
Packet loss percentage: 51.1393%
Average delay: 1006.65 ms
Average jitter: 360.239 ms
G_L: 0.1133

Nodes disconnected: 84 0 3 4 5 6 8 9 10 12 16 17 21 23 26 28 29 30 32 33 34 35 38 39 40 41 44 46 48 49 50 52 53 58 60 62 65 66 68 69 72 75 76 79 83 86 88 90 91 92 95 96 97 98 99 100 102 103 104 108 110 111 112 114 115 117 118 119 122 123 124 125 126 128 132 135 136 137 146 147 148 150 155 156 159 160 163 165 168 169 170 171 172 175 179 181 182 185 186 187 190 191 192 193 195 196 197 198 201 207 208 212 213 215 219 220 227 229 232 233 234 236 238 239 240 241 245 249 257 258 259 261 262 263 264 265 267 272 273 275 278 281 286 288 290 292 293 294 296 297 161 116 178 154 89 157 54 203 204 214 225 78 295 205 74 209 143 45 13 22 280 94 289 2 199 14 180 277 246 24 25 188 221 222 255 131 70 230 1 254 129 260 7 138 266 19 279 283 31 36 167 298 183 80 82 210 87 216 218 228 120 144 224 77 130 133 139 141 142 15 269 145 18 271 20 149 274 276 282 284 287 291 164 42 43 173 176 51 55 56 59 61 189 63 194 200 73 202 206 81 85 223 101 231 105 107 235 237 113 247 248 121 251 253 127 11 256 134 140 268 270 151 152 153 27 285 158 37 166 299 174 47 177 184 57 64 211 217 93 226 106 109 242 243 250 252 
Number of disconnected nodes: 296
Max available bandwidth: 200 Kbps
Average throughput: 50.4362 Kbps
Throughput to bandwidth ratio: 0.252181
Packet loss percentage: 83.3195%
Average delay: -nan ms
Average jitter: -nan ms
G_L: 0.0133

Nodes disconnected: 84 0 3 4 5 6 8 9 10 12 16 17 21 23 26 28 29 30 32 33 34 35 38 39 40 41 44 46 48 49 50 52 53 58 60 62 65 66 68 69 72 75 76 79 83 86 88 90 91 92 95 96 97 98 99 100 102 103 104 108 110 111 112 114 115 117 118 119 122 123 124 125 126 128 132 135 136 137 146 147 148 150 155 156 159 160 163 165 168 169 170 171 172 175 179 181 182 185 186 187 190 191 192 193 195 196 197 198 201 207 208 212 213 215 219 220 227 229 232 233 234 236 238 239 240 241 245 249 257 258 259 261 262 263 264 265 267 272 273 275 278 281 286 288 290 292 293 294 296 297 161 116 178 154 89 157 54 203 204 214 225 78 295 205 74 209 143 45 13 22 280 94 289 2 199 14 180 277 246 24 25 188 221 222 255 131 70 230 1 254 129 260 7 138 266 19 279 283 31 36 167 298 183 80 82 210 87 216 218 228 120 144 224 77 130 133 139 141 142 15 269 145 18 271 20 149 274 276 282 284 287 291 164 42 43 173 176 51 55 56 59 61 189 63 194 200 73 202 206 81 85 223 101 231 105 107 235 237 113 247 248 121 251 253 127 11 256 134 140 268 270 151 152 153 27 285 158 37 166 299 174 47 177 184 57 64 211 217 93 226 106 109 242 243 250 252 162 67 244 71 
Number of disconnected nodes: 300
Max available bandwidth: 0 Kbps
Average throughput: 0 Kbps
Throughput to bandwidth ratio: -nan
Packet loss percentage: -nan%
Average delay: -nan ms
Average jitter: -nan ms
G_L: 0

