Nodes disconnected: 
Number of disconnected nodes: 0
Max available bandwidth: 33400 Kbps
Average throughput: 25289.2 Kbps
Throughput to bandwidth ratio: 0.757162
Packet loss percentage: 5.68588%
Average delay: 2125.04 ms
Average jitter: 597.51 ms
G_L: 1

Nodes disconnected: 210 
Number of disconnected nodes: 1
Max available bandwidth: 33400 Kbps
Average throughput: 25047.6 Kbps
Throughput to bandwidth ratio: 0.749929
Packet loss percentage: 5.76893%
Average delay: 2132.9 ms
Average jitter: 601.161 ms
G_L: 0.9967

Nodes disconnected: 210 186 
Number of disconnected nodes: 2
Max available bandwidth: 33400 Kbps
Average throughput: 24969.4 Kbps
Throughput to bandwidth ratio: 0.747587
Packet loss percentage: 5.89545%
Average delay: 2122.1 ms
Average jitter: 600.628 ms
G_L: 0.9933

Nodes disconnected: 210 186 0 3 4 5 6 8 9 10 12 16 17 21 23 26 28 29 30 32 33 34 35 38 39 40 41 44 46 48 49 50 52 53 58 60 62 65 66 68 69 72 75 76 79 83 86 88 90 91 92 95 96 97 98 99 100 102 103 104 108 110 111 112 114 115 117 118 119 122 123 124 125 126 128 132 135 136 137 146 147 148 150 155 156 159 160 163 165 168 169 170 171 172 175 179 181 182 185 187 190 191 192 193 195 196 197 198 201 207 208 212 213 215 219 220 227 229 232 233 234 236 238 239 240 241 245 249 257 258 259 261 262 263 264 265 267 272 273 275 278 281 286 288 290 292 293 294 296 297 
Number of disconnected nodes: 150
Max available bandwidth: 15900 Kbps
Average throughput: 9514.24 Kbps
Throughput to bandwidth ratio: 0.59838
Packet loss percentage: 35.8063%
Average delay: 3414.25 ms
Average jitter: 702.016 ms
G_L: 0.5

Nodes disconnected: 210 186 0 3 4 5 6 8 9 10 12 16 17 21 23 26 28 29 30 32 33 34 35 38 39 40 41 44 46 48 49 50 52 53 58 60 62 65 66 68 69 72 75 76 79 83 86 88 90 91 92 95 96 97 98 99 100 102 103 104 108 110 111 112 114 115 117 118 119 122 123 124 125 126 128 132 135 136 137 146 147 148 150 155 156 159 160 163 165 168 169 170 171 172 175 179 181 182 185 187 190 191 192 193 195 196 197 198 201 207 208 212 213 215 219 220 227 229 232 233 234 236 238 239 240 241 245 249 257 258 259 261 262 263 264 265 267 272 273 275 278 281 286 288 290 292 293 294 296 297 228 
Number of disconnected nodes: 151
Max available bandwidth: 15900 Kbps
Average throughput: 9513.74 Kbps
Throughput to bandwidth ratio: 0.598349
Packet loss percentage: 35.6115%
Average delay: 3435.28 ms
Average jitter: 699.8 ms
G_L: 0.4967

Nodes disconnected: 210 186 0 3 4 5 6 8 9 10 12 16 17 21 23 26 28 29 30 32 33 34 35 38 39 40 41 44 46 48 49 50 52 53 58 60 62 65 66 68 69 72 75 76 79 83 86 88 90 91 92 95 96 97 98 99 100 102 103 104 108 110 111 112 114 115 117 118 119 122 123 124 125 126 128 132 135 136 137 146 147 148 150 155 156 159 160 163 165 168 169 170 171 172 175 179 181 182 185 187 190 191 192 193 195 196 197 198 201 207 208 212 213 215 219 220 227 229 232 233 234 236 238 239 240 241 245 249 257 258 259 261 262 263 264 265 267 272 273 275 278 281 286 288 290 292 293 294 296 297 228 54 
Number of disconnected nodes: 152
Max available bandwidth: 15800 Kbps
Average throughput: 9447.52 Kbps
Throughput to bandwidth ratio: 0.597944
Packet loss percentage: 35.6323%
Average delay: 3276.86 ms
Average jitter: 695.395 ms
G_L: 0.4933

Nodes disconnected: 210 186 0 3 4 5 6 8 9 10 12 16 17 21 23 26 28 29 30 32 33 34 35 38 39 40 41 44 46 48 49 50 52 53 58 60 62 65 66 68 69 72 75 76 79 83 86 88 90 91 92 95 96 97 98 99 100 102 103 104 108 110 111 112 114 115 117 118 119 122 123 124 125 126 128 132 135 136 137 146 147 148 150 155 156 159 160 163 165 168 169 170 171 172 175 179 181 182 185 187 190 191 192 193 195 196 197 198 201 207 208 212 213 215 219 220 227 229 232 233 234 236 238 239 240 241 245 249 257 258 259 261 262 263 264 265 267 272 273 275 278 281 286 288 290 292 293 294 296 297 228 54 80 
Number of disconnected nodes: 153
Max available bandwidth: 15800 Kbps
Average throughput: 9365.4 Kbps
Throughput to bandwidth ratio: 0.592747
Packet loss percentage: 35.759%
Average delay: 3247.45 ms
Average jitter: 694.148 ms
G_L: 0.49

Nodes disconnected: 210 186 0 3 4 5 6 8 9 10 12 16 17 21 23 26 28 29 30 32 33 34 35 38 39 40 41 44 46 48 49 50 52 53 58 60 62 65 66 68 69 72 75 76 79 83 86 88 90 91 92 95 96 97 98 99 100 102 103 104 108 110 111 112 114 115 117 118 119 122 123 124 125 126 128 132 135 136 137 146 147 148 150 155 156 159 160 163 165 168 169 170 171 172 175 179 181 182 185 187 190 191 192 193 195 196 197 198 201 207 208 212 213 215 219 220 227 229 232 233 234 236 238 239 240 241 245 249 257 258 259 261 262 263 264 265 267 272 273 275 278 281 286 288 290 292 293 294 296 297 228 54 80 89 
Number of disconnected nodes: 154
Max available bandwidth: 15800 Kbps
Average throughput: 9334.13 Kbps
Throughput to bandwidth ratio: 0.590768
Packet loss percentage: 35.7187%
Average delay: 3262.45 ms
Average jitter: 682.137 ms
G_L: 0.4867

Nodes disconnected: 210 186 0 3 4 5 6 8 9 10 12 16 17 21 23 26 28 29 30 32 33 34 35 38 39 40 41 44 46 48 49 50 52 53 58 60 62 65 66 68 69 72 75 76 79 83 86 88 90 91 92 95 96 97 98 99 100 102 103 104 108 110 111 112 114 115 117 118 119 122 123 124 125 126 128 132 135 136 137 146 147 148 150 155 156 159 160 163 165 168 169 170 171 172 175 179 181 182 185 187 190 191 192 193 195 196 197 198 201 207 208 212 213 215 219 220 227 229 232 233 234 236 238 239 240 241 245 249 257 258 259 261 262 263 264 265 267 272 273 275 278 281 286 288 290 292 293 294 296 297 228 54 80 89 20 
Number of disconnected nodes: 155
Max available bandwidth: 15700 Kbps
Average throughput: 9248.51 Kbps
Throughput to bandwidth ratio: 0.589077
Packet loss percentage: 35.8541%
Average delay: 3217.3 ms
Average jitter: 693.917 ms
G_L: 0.4833

Nodes disconnected: 210 186 0 3 4 5 6 8 9 10 12 16 17 21 23 26 28 29 30 32 33 34 35 38 39 40 41 44 46 48 49 50 52 53 58 60 62 65 66 68 69 72 75 76 79 83 86 88 90 91 92 95 96 97 98 99 100 102 103 104 108 110 111 112 114 115 117 118 119 122 123 124 125 126 128 132 135 136 137 146 147 148 150 155 156 159 160 163 165 168 169 170 171 172 175 179 181 182 185 187 190 191 192 193 195 196 197 198 201 207 208 212 213 215 219 220 227 229 232 233 234 236 238 239 240 241 245 249 257 258 259 261 262 263 264 265 267 272 273 275 278 281 286 288 290 292 293 294 296 297 228 54 80 89 20 64 37 134 184 221 
Number of disconnected nodes: 160
Max available bandwidth: 15200 Kbps
Average throughput: 8921.09 Kbps
Throughput to bandwidth ratio: 0.586914
Packet loss percentage: 37.5026%
Average delay: 3266.92 ms
Average jitter: 659.671 ms
G_L: 0.4667

Nodes disconnected: 210 186 0 3 4 5 6 8 9 10 12 16 17 21 23 26 28 29 30 32 33 34 35 38 39 40 41 44 46 48 49 50 52 53 58 60 62 65 66 68 69 72 75 76 79 83 86 88 90 91 92 95 96 97 98 99 100 102 103 104 108 110 111 112 114 115 117 118 119 122 123 124 125 126 128 132 135 136 137 146 147 148 150 155 156 159 160 163 165 168 169 170 171 172 175 179 181 182 185 187 190 191 192 193 195 196 197 198 201 207 208 212 213 215 219 220 227 229 232 233 234 236 238 239 240 241 245 249 257 258 259 261 262 263 264 265 267 272 273 275 278 281 286 288 290 292 293 294 296 297 228 54 80 89 20 64 37 134 184 221 18 
Number of disconnected nodes: 161
Max available bandwidth: 15100 Kbps
Average throughput: 8847.01 Kbps
Throughput to bandwidth ratio: 0.585895
Packet loss percentage: 37.503%
Average delay: 3043.86 ms
Average jitter: 657.691 ms
G_L: 0.4633

Nodes disconnected: 210 186 0 3 4 5 6 8 9 10 12 16 17 21 23 26 28 29 30 32 33 34 35 38 39 40 41 44 46 48 49 50 52 53 58 60 62 65 66 68 69 72 75 76 79 83 86 88 90 91 92 95 96 97 98 99 100 102 103 104 108 110 111 112 114 115 117 118 119 122 123 124 125 126 128 132 135 136 137 146 147 148 150 155 156 159 160 163 165 168 169 170 171 172 175 179 181 182 185 187 190 191 192 193 195 196 197 198 201 207 208 212 213 215 219 220 227 229 232 233 234 236 238 239 240 241 245 249 257 258 259 261 262 263 264 265 267 272 273 275 278 281 286 288 290 292 293 294 296 297 228 54 80 89 20 64 37 134 184 221 18 2 277 246 15 
Number of disconnected nodes: 165
Max available bandwidth: 14900 Kbps
Average throughput: 8643.01 Kbps
Throughput to bandwidth ratio: 0.580067
Packet loss percentage: 37.5897%
Average delay: 2945.72 ms
Average jitter: 657.015 ms
G_L: 0.45

Nodes disconnected: 210 186 0 3 4 5 6 8 9 10 12 16 17 21 23 26 28 29 30 32 33 34 35 38 39 40 41 44 46 48 49 50 52 53 58 60 62 65 66 68 69 72 75 76 79 83 86 88 90 91 92 95 96 97 98 99 100 102 103 104 108 110 111 112 114 115 117 118 119 122 123 124 125 126 128 132 135 136 137 146 147 148 150 155 156 159 160 163 165 168 169 170 171 172 175 179 181 182 185 187 190 191 192 193 195 196 197 198 201 207 208 212 213 215 219 220 227 229 232 233 234 236 238 239 240 241 245 249 257 258 259 261 262 263 264 265 267 272 273 275 278 281 286 288 290 292 293 294 296 297 228 54 80 89 20 64 37 134 184 221 18 2 277 246 15 149 
Number of disconnected nodes: 166
Max available bandwidth: 14900 Kbps
Average throughput: 8606.55 Kbps
Throughput to bandwidth ratio: 0.577621
Packet loss percentage: 37.3326%
Average delay: 3055.61 ms
Average jitter: 651.855 ms
G_L: 0.4467

Nodes disconnected: 210 186 0 3 4 5 6 8 9 10 12 16 17 21 23 26 28 29 30 32 33 34 35 38 39 40 41 44 46 48 49 50 52 53 58 60 62 65 66 68 69 72 75 76 79 83 86 88 90 91 92 95 96 97 98 99 100 102 103 104 108 110 111 112 114 115 117 118 119 122 123 124 125 126 128 132 135 136 137 146 147 148 150 155 156 159 160 163 165 168 169 170 171 172 175 179 181 182 185 187 190 191 192 193 195 196 197 198 201 207 208 212 213 215 219 220 227 229 232 233 234 236 238 239 240 241 245 249 257 258 259 261 262 263 264 265 267 272 273 275 278 281 286 288 290 292 293 294 296 297 228 54 80 89 20 64 37 134 184 221 18 2 277 246 15 149 177 61 
Number of disconnected nodes: 168
Max available bandwidth: 14800 Kbps
Average throughput: 8468.1 Kbps
Throughput to bandwidth ratio: 0.572169
Packet loss percentage: 37.6133%
Average delay: 2816.79 ms
Average jitter: 638.497 ms
G_L: 0.44

Nodes disconnected: 210 186 0 3 4 5 6 8 9 10 12 16 17 21 23 26 28 29 30 32 33 34 35 38 39 40 41 44 46 48 49 50 52 53 58 60 62 65 66 68 69 72 75 76 79 83 86 88 90 91 92 95 96 97 98 99 100 102 103 104 108 110 111 112 114 115 117 118 119 122 123 124 125 126 128 132 135 136 137 146 147 148 150 155 156 159 160 163 165 168 169 170 171 172 175 179 181 182 185 187 190 191 192 193 195 196 197 198 201 207 208 212 213 215 219 220 227 229 232 233 234 236 238 239 240 241 245 249 257 258 259 261 262 263 264 265 267 272 273 275 278 281 286 288 290 292 293 294 296 297 228 54 80 89 20 64 37 134 184 221 18 2 277 246 15 149 177 61 200 130 
Number of disconnected nodes: 170
Max available bandwidth: 14600 Kbps
Average throughput: 8203.73 Kbps
Throughput to bandwidth ratio: 0.561899
Packet loss percentage: 38.7322%
Average delay: 2870.54 ms
Average jitter: 634.827 ms
G_L: 0.4333

Nodes disconnected: 210 186 0 3 4 5 6 8 9 10 12 16 17 21 23 26 28 29 30 32 33 34 35 38 39 40 41 44 46 48 49 50 52 53 58 60 62 65 66 68 69 72 75 76 79 83 86 88 90 91 92 95 96 97 98 99 100 102 103 104 108 110 111 112 114 115 117 118 119 122 123 124 125 126 128 132 135 136 137 146 147 148 150 155 156 159 160 163 165 168 169 170 171 172 175 179 181 182 185 187 190 191 192 193 195 196 197 198 201 207 208 212 213 215 219 220 227 229 232 233 234 236 238 239 240 241 245 249 257 258 259 261 262 263 264 265 267 272 273 275 278 281 286 288 290 292 293 294 296 297 228 54 80 89 20 64 37 134 184 221 18 2 277 246 15 149 177 61 200 130 24 84 13 157 
Number of disconnected nodes: 174
Max available bandwidth: 14300 Kbps
Average throughput: 7991.58 Kbps
Throughput to bandwidth ratio: 0.558852
Packet loss percentage: 38.9774%
Average delay: 2680.46 ms
Average jitter: 611.879 ms
G_L: 0.42

Nodes disconnected: 210 186 0 3 4 5 6 8 9 10 12 16 17 21 23 26 28 29 30 32 33 34 35 38 39 40 41 44 46 48 49 50 52 53 58 60 62 65 66 68 69 72 75 76 79 83 86 88 90 91 92 95 96 97 98 99 100 102 103 104 108 110 111 112 114 115 117 118 119 122 123 124 125 126 128 132 135 136 137 146 147 148 150 155 156 159 160 163 165 168 169 170 171 172 175 179 181 182 185 187 190 191 192 193 195 196 197 198 201 207 208 212 213 215 219 220 227 229 232 233 234 236 238 239 240 241 245 249 257 258 259 261 262 263 264 265 267 272 273 275 278 281 286 288 290 292 293 294 296 297 228 54 80 89 20 64 37 134 184 221 18 2 277 246 15 149 177 61 200 130 24 84 13 157 202 235 173 274 248 189 
Number of disconnected nodes: 180
Max available bandwidth: 13900 Kbps
Average throughput: 7746.59 Kbps
Throughput to bandwidth ratio: 0.557309
Packet loss percentage: 38.5648%
Average delay: 2481.95 ms
Average jitter: 589.366 ms
G_L: 0.4

Nodes disconnected: 210 186 0 3 4 5 6 8 9 10 12 16 17 21 23 26 28 29 30 32 33 34 35 38 39 40 41 44 46 48 49 50 52 53 58 60 62 65 66 68 69 72 75 76 79 83 86 88 90 91 92 95 96 97 98 99 100 102 103 104 108 110 111 112 114 115 117 118 119 122 123 124 125 126 128 132 135 136 137 146 147 148 150 155 156 159 160 163 165 168 169 170 171 172 175 179 181 182 185 187 190 191 192 193 195 196 197 198 201 207 208 212 213 215 219 220 227 229 232 233 234 236 238 239 240 241 245 249 257 258 259 261 262 263 264 265 267 272 273 275 278 281 286 288 290 292 293 294 296 297 228 54 80 89 20 64 37 134 184 221 18 2 277 246 15 149 177 61 200 130 24 84 13 157 202 235 173 274 248 189 203 
Number of disconnected nodes: 181
Max available bandwidth: 13800 Kbps
Average throughput: 7729.4 Kbps
Throughput to bandwidth ratio: 0.560101
Packet loss percentage: 38.6147%
Average delay: 2661.13 ms
Average jitter: 596.32 ms
G_L: 0.3967

Nodes disconnected: 210 186 0 3 4 5 6 8 9 10 12 16 17 21 23 26 28 29 30 32 33 34 35 38 39 40 41 44 46 48 49 50 52 53 58 60 62 65 66 68 69 72 75 76 79 83 86 88 90 91 92 95 96 97 98 99 100 102 103 104 108 110 111 112 114 115 117 118 119 122 123 124 125 126 128 132 135 136 137 146 147 148 150 155 156 159 160 163 165 168 169 170 171 172 175 179 181 182 185 187 190 191 192 193 195 196 197 198 201 207 208 212 213 215 219 220 227 229 232 233 234 236 238 239 240 241 245 249 257 258 259 261 262 263 264 265 267 272 273 275 278 281 286 288 290 292 293 294 296 297 228 54 80 89 20 64 37 134 184 221 18 2 277 246 15 149 177 61 200 130 24 84 13 157 202 235 173 274 248 189 203 299 93 174 254 
Number of disconnected nodes: 185
Max available bandwidth: 13300 Kbps
Average throughput: 7175.33 Kbps
Throughput to bandwidth ratio: 0.539498
Packet loss percentage: 40.0461%
Average delay: 2771.45 ms
Average jitter: 608.589 ms
G_L: 0.3833

Nodes disconnected: 210 186 0 3 4 5 6 8 9 10 12 16 17 21 23 26 28 29 30 32 33 34 35 38 39 40 41 44 46 48 49 50 52 53 58 60 62 65 66 68 69 72 75 76 79 83 86 88 90 91 92 95 96 97 98 99 100 102 103 104 108 110 111 112 114 115 117 118 119 122 123 124 125 126 128 132 135 136 137 146 147 148 150 155 156 159 160 163 165 168 169 170 171 172 175 179 181 182 185 187 190 191 192 193 195 196 197 198 201 207 208 212 213 215 219 220 227 229 232 233 234 236 238 239 240 241 245 249 257 258 259 261 262 263 264 265 267 272 273 275 278 281 286 288 290 292 293 294 296 297 228 54 80 89 20 64 37 134 184 221 18 2 277 246 15 149 177 61 200 130 24 84 13 157 202 235 173 274 248 189 203 299 93 174 254 225 255 
Number of disconnected nodes: 187
Max available bandwidth: 13300 Kbps
Average throughput: 7067.93 Kbps
Throughput to bandwidth ratio: 0.531423
Packet loss percentage: 40.7474%
Average delay: 2618.24 ms
Average jitter: 581.075 ms
G_L: 0.3767

Nodes disconnected: 210 186 0 3 4 5 6 8 9 10 12 16 17 21 23 26 28 29 30 32 33 34 35 38 39 40 41 44 46 48 49 50 52 53 58 60 62 65 66 68 69 72 75 76 79 83 86 88 90 91 92 95 96 97 98 99 100 102 103 104 108 110 111 112 114 115 117 118 119 122 123 124 125 126 128 132 135 136 137 146 147 148 150 155 156 159 160 163 165 168 169 170 171 172 175 179 181 182 185 187 190 191 192 193 195 196 197 198 201 207 208 212 213 215 219 220 227 229 232 233 234 236 238 239 240 241 245 249 257 258 259 261 262 263 264 265 267 272 273 275 278 281 286 288 290 292 293 294 296 297 228 54 80 89 20 64 37 134 184 221 18 2 277 246 15 149 177 61 200 130 24 84 13 157 202 235 173 274 248 189 203 299 93 174 254 225 255 1 7 11 14 19 22 25 27 31 36 42 43 45 47 51 55 56 57 59 63 70 73 74 77 78 81 82 85 87 94 101 105 106 107 109 113 116 120 121 127 129 131 133 138 139 140 141 142 143 144 145 151 152 153 154 158 161 164 166 167 176 178 180 183 188 194 199 204 205 206 209 211 214 216 217 218 222 223 224 226 230 231 237 242 243 247 250 251 252 253 256 260 266 268 269 270 271 276 279 280 282 283 284 285 287 289 291 295 298 
Number of disconnected nodes: 296
Max available bandwidth: 200 Kbps
Average throughput: 50.4362 Kbps
Throughput to bandwidth ratio: 0.252181
Packet loss percentage: 83.3195%
Average delay: -nan ms
Average jitter: -nan ms
G_L: 0.0133

Nodes disconnected: 210 186 0 3 4 5 6 8 9 10 12 16 17 21 23 26 28 29 30 32 33 34 35 38 39 40 41 44 46 48 49 50 52 53 58 60 62 65 66 68 69 72 75 76 79 83 86 88 90 91 92 95 96 97 98 99 100 102 103 104 108 110 111 112 114 115 117 118 119 122 123 124 125 126 128 132 135 136 137 146 147 148 150 155 156 159 160 163 165 168 169 170 171 172 175 179 181 182 185 187 190 191 192 193 195 196 197 198 201 207 208 212 213 215 219 220 227 229 232 233 234 236 238 239 240 241 245 249 257 258 259 261 262 263 264 265 267 272 273 275 278 281 286 288 290 292 293 294 296 297 228 54 80 89 20 64 37 134 184 221 18 2 277 246 15 149 177 61 200 130 24 84 13 157 202 235 173 274 248 189 203 299 93 174 254 225 255 1 7 11 14 19 22 25 27 31 36 42 43 45 47 51 55 56 57 59 63 70 73 74 77 78 81 82 85 87 94 101 105 106 107 109 113 116 120 121 127 129 131 133 138 139 140 141 142 143 144 145 151 152 153 154 158 161 164 166 167 176 178 180 183 188 194 199 204 205 206 209 211 214 216 217 218 222 223 224 226 230 231 237 242 243 247 250 251 252 253 256 260 266 268 269 270 271 276 279 280 282 283 284 285 287 289 291 295 298 162 244 
Number of disconnected nodes: 298
Max available bandwidth: 100 Kbps
Average throughput: 44.9936 Kbps
Throughput to bandwidth ratio: 0.449936
Packet loss percentage: 75.8157%
Average delay: -nan ms
Average jitter: -nan ms
G_L: 0.0067

Nodes disconnected: 210 186 0 3 4 5 6 8 9 10 12 16 17 21 23 26 28 29 30 32 33 34 35 38 39 40 41 44 46 48 49 50 52 53 58 60 62 65 66 68 69 72 75 76 79 83 86 88 90 91 92 95 96 97 98 99 100 102 103 104 108 110 111 112 114 115 117 118 119 122 123 124 125 126 128 132 135 136 137 146 147 148 150 155 156 159 160 163 165 168 169 170 171 172 175 179 181 182 185 187 190 191 192 193 195 196 197 198 201 207 208 212 213 215 219 220 227 229 232 233 234 236 238 239 240 241 245 249 257 258 259 261 262 263 264 265 267 272 273 275 278 281 286 288 290 292 293 294 296 297 228 54 80 89 20 64 37 134 184 221 18 2 277 246 15 149 177 61 200 130 24 84 13 157 202 235 173 274 248 189 203 299 93 174 254 225 255 1 7 11 14 19 22 25 27 31 36 42 43 45 47 51 55 56 57 59 63 70 73 74 77 78 81 82 85 87 94 101 105 106 107 109 113 116 120 121 127 129 131 133 138 139 140 141 142 143 144 145 151 152 153 154 158 161 164 166 167 176 178 180 183 188 194 199 204 205 206 209 211 214 216 217 218 222 223 224 226 230 231 237 242 243 247 250 251 252 253 256 260 266 268 269 270 271 276 279 280 282 283 284 285 287 289 291 295 298 162 244 67 71 
Number of disconnected nodes: 300
Max available bandwidth: 0 Kbps
Average throughput: 0 Kbps
Throughput to bandwidth ratio: -nan
Packet loss percentage: -nan%
Average delay: -nan ms
Average jitter: -nan ms
G_L: 0

