Nodes disconnected: 
Number of disconnected nodes: 0
Max available bandwidth: 33400 Kbps
Average throughput: 25289.2 Kbps
Throughput to bandwidth ratio: 0.757162
Packet loss percentage: 5.68588%
Average delay: 2125.04 ms
Average jitter: 597.51 ms
G_L: 1

Nodes disconnected: 234 
Number of disconnected nodes: 1
Max available bandwidth: 33400 Kbps
Average throughput: 25170.5 Kbps
Throughput to bandwidth ratio: 0.753608
Packet loss percentage: 5.81989%
Average delay: 2115.27 ms
Average jitter: 603.059 ms
G_L: 0.9967

Nodes disconnected: 234 0 3 4 5 6 8 9 10 12 16 17 21 23 26 28 29 30 32 33 34 35 38 39 40 41 44 46 48 49 50 52 53 58 60 62 65 66 68 69 72 75 76 79 83 86 88 90 91 92 95 96 97 98 99 100 102 103 104 108 110 111 112 114 115 117 118 119 122 123 124 125 126 128 132 135 136 137 146 147 148 150 155 156 159 160 163 165 168 169 170 171 172 175 179 181 182 185 186 187 190 191 192 193 195 196 197 198 201 207 208 212 213 215 219 220 227 229 232 233 236 238 239 240 241 245 249 257 258 259 261 262 263 264 265 267 272 273 275 278 281 286 288 290 292 293 294 296 297 
Number of disconnected nodes: 149
Max available bandwidth: 15900 Kbps
Average throughput: 9680.77 Kbps
Throughput to bandwidth ratio: 0.608854
Packet loss percentage: 35.5766%
Average delay: 3408.86 ms
Average jitter: 695.584 ms
G_L: 0.5033

Nodes disconnected: 234 0 3 4 5 6 8 9 10 12 16 17 21 23 26 28 29 30 32 33 34 35 38 39 40 41 44 46 48 49 50 52 53 58 60 62 65 66 68 69 72 75 76 79 83 86 88 90 91 92 95 96 97 98 99 100 102 103 104 108 110 111 112 114 115 117 118 119 122 123 124 125 126 128 132 135 136 137 146 147 148 150 155 156 159 160 163 165 168 169 170 171 172 175 179 181 182 185 186 187 190 191 192 193 195 196 197 198 201 207 208 212 213 215 219 220 227 229 232 233 236 238 239 240 241 245 249 257 258 259 261 262 263 264 265 267 272 273 275 278 281 286 288 290 292 293 294 296 297 27 
Number of disconnected nodes: 150
Max available bandwidth: 15800 Kbps
Average throughput: 9599.29 Kbps
Throughput to bandwidth ratio: 0.60755
Packet loss percentage: 35.4059%
Average delay: 3389.96 ms
Average jitter: 699.683 ms
G_L: 0.5

Nodes disconnected: 234 0 3 4 5 6 8 9 10 12 16 17 21 23 26 28 29 30 32 33 34 35 38 39 40 41 44 46 48 49 50 52 53 58 60 62 65 66 68 69 72 75 76 79 83 86 88 90 91 92 95 96 97 98 99 100 102 103 104 108 110 111 112 114 115 117 118 119 122 123 124 125 126 128 132 135 136 137 146 147 148 150 155 156 159 160 163 165 168 169 170 171 172 175 179 181 182 185 186 187 190 191 192 193 195 196 197 198 201 207 208 212 213 215 219 220 227 229 232 233 236 238 239 240 241 245 249 257 258 259 261 262 263 264 265 267 272 273 275 278 281 286 288 290 292 293 294 296 297 27 89 84 157 
Number of disconnected nodes: 153
Max available bandwidth: 15700 Kbps
Average throughput: 9433.67 Kbps
Throughput to bandwidth ratio: 0.600871
Packet loss percentage: 35.3927%
Average delay: 3230.39 ms
Average jitter: 686.123 ms
G_L: 0.49

Nodes disconnected: 234 0 3 4 5 6 8 9 10 12 16 17 21 23 26 28 29 30 32 33 34 35 38 39 40 41 44 46 48 49 50 52 53 58 60 62 65 66 68 69 72 75 76 79 83 86 88 90 91 92 95 96 97 98 99 100 102 103 104 108 110 111 112 114 115 117 118 119 122 123 124 125 126 128 132 135 136 137 146 147 148 150 155 156 159 160 163 165 168 169 170 171 172 175 179 181 182 185 186 187 190 191 192 193 195 196 197 198 201 207 208 212 213 215 219 220 227 229 232 233 236 238 239 240 241 245 249 257 258 259 261 262 263 264 265 267 272 273 275 278 281 286 288 290 292 293 294 296 297 27 89 84 157 228 
Number of disconnected nodes: 154
Max available bandwidth: 15700 Kbps
Average throughput: 9435.75 Kbps
Throughput to bandwidth ratio: 0.601003
Packet loss percentage: 35.2619%
Average delay: 3220.08 ms
Average jitter: 682.687 ms
G_L: 0.4867

Nodes disconnected: 234 0 3 4 5 6 8 9 10 12 16 17 21 23 26 28 29 30 32 33 34 35 38 39 40 41 44 46 48 49 50 52 53 58 60 62 65 66 68 69 72 75 76 79 83 86 88 90 91 92 95 96 97 98 99 100 102 103 104 108 110 111 112 114 115 117 118 119 122 123 124 125 126 128 132 135 136 137 146 147 148 150 155 156 159 160 163 165 168 169 170 171 172 175 179 181 182 185 186 187 190 191 192 193 195 196 197 198 201 207 208 212 213 215 219 220 227 229 232 233 236 238 239 240 241 245 249 257 258 259 261 262 263 264 265 267 272 273 275 278 281 286 288 290 292 293 294 296 297 27 89 84 157 228 1 203 54 246 
Number of disconnected nodes: 158
Max available bandwidth: 15400 Kbps
Average throughput: 9216.83 Kbps
Throughput to bandwidth ratio: 0.598495
Packet loss percentage: 35.5813%
Average delay: 3273.68 ms
Average jitter: 698.747 ms
G_L: 0.4733

Nodes disconnected: 234 0 3 4 5 6 8 9 10 12 16 17 21 23 26 28 29 30 32 33 34 35 38 39 40 41 44 46 48 49 50 52 53 58 60 62 65 66 68 69 72 75 76 79 83 86 88 90 91 92 95 96 97 98 99 100 102 103 104 108 110 111 112 114 115 117 118 119 122 123 124 125 126 128 132 135 136 137 146 147 148 150 155 156 159 160 163 165 168 169 170 171 172 175 179 181 182 185 186 187 190 191 192 193 195 196 197 198 201 207 208 212 213 215 219 220 227 229 232 233 236 238 239 240 241 245 249 257 258 259 261 262 263 264 265 267 272 273 275 278 281 286 288 290 292 293 294 296 297 27 89 84 157 228 1 203 54 246 19 87 
Number of disconnected nodes: 160
Max available bandwidth: 15200 Kbps
Average throughput: 9108.04 Kbps
Throughput to bandwidth ratio: 0.599213
Packet loss percentage: 35.4922%
Average delay: 3093.82 ms
Average jitter: 696.77 ms
G_L: 0.4667

Nodes disconnected: 234 0 3 4 5 6 8 9 10 12 16 17 21 23 26 28 29 30 32 33 34 35 38 39 40 41 44 46 48 49 50 52 53 58 60 62 65 66 68 69 72 75 76 79 83 86 88 90 91 92 95 96 97 98 99 100 102 103 104 108 110 111 112 114 115 117 118 119 122 123 124 125 126 128 132 135 136 137 146 147 148 150 155 156 159 160 163 165 168 169 170 171 172 175 179 181 182 185 186 187 190 191 192 193 195 196 197 198 201 207 208 212 213 215 219 220 227 229 232 233 236 238 239 240 241 245 249 257 258 259 261 262 263 264 265 267 272 273 275 278 281 286 288 290 292 293 294 296 297 27 89 84 157 228 1 203 54 246 19 87 101 
Number of disconnected nodes: 161
Max available bandwidth: 15200 Kbps
Average throughput: 9056.91 Kbps
Throughput to bandwidth ratio: 0.595849
Packet loss percentage: 35.6796%
Average delay: 3208.54 ms
Average jitter: 682.914 ms
G_L: 0.4633

Nodes disconnected: 234 0 3 4 5 6 8 9 10 12 16 17 21 23 26 28 29 30 32 33 34 35 38 39 40 41 44 46 48 49 50 52 53 58 60 62 65 66 68 69 72 75 76 79 83 86 88 90 91 92 95 96 97 98 99 100 102 103 104 108 110 111 112 114 115 117 118 119 122 123 124 125 126 128 132 135 136 137 146 147 148 150 155 156 159 160 163 165 168 169 170 171 172 175 179 181 182 185 186 187 190 191 192 193 195 196 197 198 201 207 208 212 213 215 219 220 227 229 232 233 236 238 239 240 241 245 249 257 258 259 261 262 263 264 265 267 272 273 275 278 281 286 288 290 292 293 294 296 297 27 89 84 157 228 1 203 54 246 19 87 101 177 
Number of disconnected nodes: 162
Max available bandwidth: 15200 Kbps
Average throughput: 8952.52 Kbps
Throughput to bandwidth ratio: 0.588982
Packet loss percentage: 35.9379%
Average delay: 3141.94 ms
Average jitter: 667.636 ms
G_L: 0.46

Nodes disconnected: 234 0 3 4 5 6 8 9 10 12 16 17 21 23 26 28 29 30 32 33 34 35 38 39 40 41 44 46 48 49 50 52 53 58 60 62 65 66 68 69 72 75 76 79 83 86 88 90 91 92 95 96 97 98 99 100 102 103 104 108 110 111 112 114 115 117 118 119 122 123 124 125 126 128 132 135 136 137 146 147 148 150 155 156 159 160 163 165 168 169 170 171 172 175 179 181 182 185 186 187 190 191 192 193 195 196 197 198 201 207 208 212 213 215 219 220 227 229 232 233 236 238 239 240 241 245 249 257 258 259 261 262 263 264 265 267 272 273 275 278 281 286 288 290 292 293 294 296 297 27 89 84 157 228 1 203 54 246 19 87 101 177 2 277 
Number of disconnected nodes: 164
Max available bandwidth: 15100 Kbps
Average throughput: 8868.12 Kbps
Throughput to bandwidth ratio: 0.587293
Packet loss percentage: 35.217%
Average delay: 3220.24 ms
Average jitter: 684.027 ms
G_L: 0.4533

Nodes disconnected: 234 0 3 4 5 6 8 9 10 12 16 17 21 23 26 28 29 30 32 33 34 35 38 39 40 41 44 46 48 49 50 52 53 58 60 62 65 66 68 69 72 75 76 79 83 86 88 90 91 92 95 96 97 98 99 100 102 103 104 108 110 111 112 114 115 117 118 119 122 123 124 125 126 128 132 135 136 137 146 147 148 150 155 156 159 160 163 165 168 169 170 171 172 175 179 181 182 185 186 187 190 191 192 193 195 196 197 198 201 207 208 212 213 215 219 220 227 229 232 233 236 238 239 240 241 245 249 257 258 259 261 262 263 264 265 267 272 273 275 278 281 286 288 290 292 293 294 296 297 27 89 84 157 228 1 203 54 246 19 87 101 177 2 277 20 
Number of disconnected nodes: 165
Max available bandwidth: 15000 Kbps
Average throughput: 8826.06 Kbps
Throughput to bandwidth ratio: 0.588404
Packet loss percentage: 35.3619%
Average delay: 3179.44 ms
Average jitter: 682.763 ms
G_L: 0.45

Nodes disconnected: 234 0 3 4 5 6 8 9 10 12 16 17 21 23 26 28 29 30 32 33 34 35 38 39 40 41 44 46 48 49 50 52 53 58 60 62 65 66 68 69 72 75 76 79 83 86 88 90 91 92 95 96 97 98 99 100 102 103 104 108 110 111 112 114 115 117 118 119 122 123 124 125 126 128 132 135 136 137 146 147 148 150 155 156 159 160 163 165 168 169 170 171 172 175 179 181 182 185 186 187 190 191 192 193 195 196 197 198 201 207 208 212 213 215 219 220 227 229 232 233 236 238 239 240 241 245 249 257 258 259 261 262 263 264 265 267 272 273 275 278 281 286 288 290 292 293 294 296 297 27 89 84 157 228 1 203 54 246 19 87 101 177 2 277 20 145 254 
Number of disconnected nodes: 167
Max available bandwidth: 14900 Kbps
Average throughput: 8652.63 Kbps
Throughput to bandwidth ratio: 0.580713
Packet loss percentage: 35.7433%
Average delay: 3112.97 ms
Average jitter: 688.271 ms
G_L: 0.4433

Nodes disconnected: 234 0 3 4 5 6 8 9 10 12 16 17 21 23 26 28 29 30 32 33 34 35 38 39 40 41 44 46 48 49 50 52 53 58 60 62 65 66 68 69 72 75 76 79 83 86 88 90 91 92 95 96 97 98 99 100 102 103 104 108 110 111 112 114 115 117 118 119 122 123 124 125 126 128 132 135 136 137 146 147 148 150 155 156 159 160 163 165 168 169 170 171 172 175 179 181 182 185 186 187 190 191 192 193 195 196 197 198 201 207 208 212 213 215 219 220 227 229 232 233 236 238 239 240 241 245 249 257 258 259 261 262 263 264 265 267 272 273 275 278 281 286 288 290 292 293 294 296 297 27 89 84 157 228 1 203 54 246 19 87 101 177 2 277 20 145 254 144 224 77 13 
Number of disconnected nodes: 171
Max available bandwidth: 14600 Kbps
Average throughput: 8343.25 Kbps
Throughput to bandwidth ratio: 0.571455
Packet loss percentage: 37.2474%
Average delay: 2993.33 ms
Average jitter: 630.249 ms
G_L: 0.43

Nodes disconnected: 234 0 3 4 5 6 8 9 10 12 16 17 21 23 26 28 29 30 32 33 34 35 38 39 40 41 44 46 48 49 50 52 53 58 60 62 65 66 68 69 72 75 76 79 83 86 88 90 91 92 95 96 97 98 99 100 102 103 104 108 110 111 112 114 115 117 118 119 122 123 124 125 126 128 132 135 136 137 146 147 148 150 155 156 159 160 163 165 168 169 170 171 172 175 179 181 182 185 186 187 190 191 192 193 195 196 197 198 201 207 208 212 213 215 219 220 227 229 232 233 236 238 239 240 241 245 249 257 258 259 261 262 263 264 265 267 272 273 275 278 281 286 288 290 292 293 294 296 297 27 89 84 157 228 1 203 54 246 19 87 101 177 2 277 20 145 254 144 224 77 13 45 
Number of disconnected nodes: 172
Max available bandwidth: 14500 Kbps
Average throughput: 8198.21 Kbps
Throughput to bandwidth ratio: 0.565394
Packet loss percentage: 37.2894%
Average delay: 3225.75 ms
Average jitter: 634.847 ms
G_L: 0.4267

Nodes disconnected: 234 0 3 4 5 6 8 9 10 12 16 17 21 23 26 28 29 30 32 33 34 35 38 39 40 41 44 46 48 49 50 52 53 58 60 62 65 66 68 69 72 75 76 79 83 86 88 90 91 92 95 96 97 98 99 100 102 103 104 108 110 111 112 114 115 117 118 119 122 123 124 125 126 128 132 135 136 137 146 147 148 150 155 156 159 160 163 165 168 169 170 171 172 175 179 181 182 185 186 187 190 191 192 193 195 196 197 198 201 207 208 212 213 215 219 220 227 229 232 233 236 238 239 240 241 245 249 257 258 259 261 262 263 264 265 267 272 273 275 278 281 286 288 290 292 293 294 296 297 27 89 84 157 228 1 203 54 246 19 87 101 177 2 277 20 145 254 144 224 77 13 45 61 
Number of disconnected nodes: 173
Max available bandwidth: 14400 Kbps
Average throughput: 8265.04 Kbps
Throughput to bandwidth ratio: 0.573961
Packet loss percentage: 37.2017%
Average delay: 2992.05 ms
Average jitter: 630.058 ms
G_L: 0.4233

Nodes disconnected: 234 0 3 4 5 6 8 9 10 12 16 17 21 23 26 28 29 30 32 33 34 35 38 39 40 41 44 46 48 49 50 52 53 58 60 62 65 66 68 69 72 75 76 79 83 86 88 90 91 92 95 96 97 98 99 100 102 103 104 108 110 111 112 114 115 117 118 119 122 123 124 125 126 128 132 135 136 137 146 147 148 150 155 156 159 160 163 165 168 169 170 171 172 175 179 181 182 185 186 187 190 191 192 193 195 196 197 198 201 207 208 212 213 215 219 220 227 229 232 233 236 238 239 240 241 245 249 257 258 259 261 262 263 264 265 267 272 273 275 278 281 286 288 290 292 293 294 296 297 27 89 84 157 228 1 203 54 246 19 87 101 177 2 277 20 145 254 144 224 77 13 45 61 183 
Number of disconnected nodes: 174
Max available bandwidth: 14300 Kbps
Average throughput: 8207.24 Kbps
Throughput to bandwidth ratio: 0.573933
Packet loss percentage: 37.4493%
Average delay: 2953.54 ms
Average jitter: 625.37 ms
G_L: 0.42

Nodes disconnected: 234 0 3 4 5 6 8 9 10 12 16 17 21 23 26 28 29 30 32 33 34 35 38 39 40 41 44 46 48 49 50 52 53 58 60 62 65 66 68 69 72 75 76 79 83 86 88 90 91 92 95 96 97 98 99 100 102 103 104 108 110 111 112 114 115 117 118 119 122 123 124 125 126 128 132 135 136 137 146 147 148 150 155 156 159 160 163 165 168 169 170 171 172 175 179 181 182 185 186 187 190 191 192 193 195 196 197 198 201 207 208 212 213 215 219 220 227 229 232 233 236 238 239 240 241 245 249 257 258 259 261 262 263 264 265 267 272 273 275 278 281 286 288 290 292 293 294 296 297 27 89 84 157 228 1 203 54 246 19 87 101 177 2 277 20 145 254 144 224 77 13 45 61 183 78 295 
Number of disconnected nodes: 176
Max available bandwidth: 14200 Kbps
Average throughput: 8098.02 Kbps
Throughput to bandwidth ratio: 0.570283
Packet loss percentage: 37.222%
Average delay: 3002.81 ms
Average jitter: 622.855 ms
G_L: 0.4133

Nodes disconnected: 234 0 3 4 5 6 8 9 10 12 16 17 21 23 26 28 29 30 32 33 34 35 38 39 40 41 44 46 48 49 50 52 53 58 60 62 65 66 68 69 72 75 76 79 83 86 88 90 91 92 95 96 97 98 99 100 102 103 104 108 110 111 112 114 115 117 118 119 122 123 124 125 126 128 132 135 136 137 146 147 148 150 155 156 159 160 163 165 168 169 170 171 172 175 179 181 182 185 186 187 190 191 192 193 195 196 197 198 201 207 208 212 213 215 219 220 227 229 232 233 236 238 239 240 241 245 249 257 258 259 261 262 263 264 265 267 272 273 275 278 281 286 288 290 292 293 294 296 297 27 89 84 157 228 1 203 54 246 19 87 101 177 2 277 20 145 254 144 224 77 13 45 61 183 78 295 42 204 36 214 
Number of disconnected nodes: 180
Max available bandwidth: 13700 Kbps
Average throughput: 7611.24 Kbps
Throughput to bandwidth ratio: 0.555565
Packet loss percentage: 39.671%
Average delay: 2896.85 ms
Average jitter: 606.827 ms
G_L: 0.4

Nodes disconnected: 234 0 3 4 5 6 8 9 10 12 16 17 21 23 26 28 29 30 32 33 34 35 38 39 40 41 44 46 48 49 50 52 53 58 60 62 65 66 68 69 72 75 76 79 83 86 88 90 91 92 95 96 97 98 99 100 102 103 104 108 110 111 112 114 115 117 118 119 122 123 124 125 126 128 132 135 136 137 146 147 148 150 155 156 159 160 163 165 168 169 170 171 172 175 179 181 182 185 186 187 190 191 192 193 195 196 197 198 201 207 208 212 213 215 219 220 227 229 232 233 236 238 239 240 241 245 249 257 258 259 261 262 263 264 265 267 272 273 275 278 281 286 288 290 292 293 294 296 297 27 89 84 157 228 1 203 54 246 19 87 101 177 2 277 20 145 254 144 224 77 13 45 61 183 78 295 42 204 36 214 130 231 200 74 141 206 24 253 
Number of disconnected nodes: 188
Max available bandwidth: 13000 Kbps
Average throughput: 6852.24 Kbps
Throughput to bandwidth ratio: 0.527096
Packet loss percentage: 42.4405%
Average delay: 2642.96 ms
Average jitter: 590.394 ms
G_L: 0.3733

Nodes disconnected: 234 0 3 4 5 6 8 9 10 12 16 17 21 23 26 28 29 30 32 33 34 35 38 39 40 41 44 46 48 49 50 52 53 58 60 62 65 66 68 69 72 75 76 79 83 86 88 90 91 92 95 96 97 98 99 100 102 103 104 108 110 111 112 114 115 117 118 119 122 123 124 125 126 128 132 135 136 137 146 147 148 150 155 156 159 160 163 165 168 169 170 171 172 175 179 181 182 185 186 187 190 191 192 193 195 196 197 198 201 207 208 212 213 215 219 220 227 229 232 233 236 238 239 240 241 245 249 257 258 259 261 262 263 264 265 267 272 273 275 278 281 286 288 290 292 293 294 296 297 27 89 84 157 228 1 203 54 246 19 87 101 177 2 277 20 145 254 144 224 77 13 45 61 183 78 295 42 204 36 214 130 231 200 74 141 206 24 253 127 
Number of disconnected nodes: 189
Max available bandwidth: 13000 Kbps
Average throughput: 6808.76 Kbps
Throughput to bandwidth ratio: 0.52375
Packet loss percentage: 42.3602%
Average delay: 2703.01 ms
Average jitter: 583.017 ms
G_L: 0.37

Nodes disconnected: 234 0 3 4 5 6 8 9 10 12 16 17 21 23 26 28 29 30 32 33 34 35 38 39 40 41 44 46 48 49 50 52 53 58 60 62 65 66 68 69 72 75 76 79 83 86 88 90 91 92 95 96 97 98 99 100 102 103 104 108 110 111 112 114 115 117 118 119 122 123 124 125 126 128 132 135 136 137 146 147 148 150 155 156 159 160 163 165 168 169 170 171 172 175 179 181 182 185 186 187 190 191 192 193 195 196 197 198 201 207 208 212 213 215 219 220 227 229 232 233 236 238 239 240 241 245 249 257 258 259 261 262 263 264 265 267 272 273 275 278 281 286 288 290 292 293 294 296 297 27 89 84 157 228 1 203 54 246 19 87 101 177 2 277 20 145 254 144 224 77 13 45 61 183 78 295 42 204 36 214 130 231 200 74 141 206 24 253 127 80 7 
Number of disconnected nodes: 191
Max available bandwidth: 12800 Kbps
Average throughput: 6664.38 Kbps
Throughput to bandwidth ratio: 0.520655
Packet loss percentage: 42.4864%
Average delay: 2717.44 ms
Average jitter: 571.997 ms
G_L: 0.3633

Nodes disconnected: 234 0 3 4 5 6 8 9 10 12 16 17 21 23 26 28 29 30 32 33 34 35 38 39 40 41 44 46 48 49 50 52 53 58 60 62 65 66 68 69 72 75 76 79 83 86 88 90 91 92 95 96 97 98 99 100 102 103 104 108 110 111 112 114 115 117 118 119 122 123 124 125 126 128 132 135 136 137 146 147 148 150 155 156 159 160 163 165 168 169 170 171 172 175 179 181 182 185 186 187 190 191 192 193 195 196 197 198 201 207 208 212 213 215 219 220 227 229 232 233 236 238 239 240 241 245 249 257 258 259 261 262 263 264 265 267 272 273 275 278 281 286 288 290 292 293 294 296 297 27 89 84 157 228 1 203 54 246 19 87 101 177 2 277 20 145 254 144 224 77 13 45 61 183 78 295 42 204 36 214 130 231 200 74 141 206 24 253 127 80 7 161 194 226 291 133 284 
Number of disconnected nodes: 197
Max available bandwidth: 12200 Kbps
Average throughput: 6279.38 Kbps
Throughput to bandwidth ratio: 0.514703
Packet loss percentage: 43.2383%
Average delay: 2252.87 ms
Average jitter: 544.801 ms
G_L: 0.3433

Nodes disconnected: 234 0 3 4 5 6 8 9 10 12 16 17 21 23 26 28 29 30 32 33 34 35 38 39 40 41 44 46 48 49 50 52 53 58 60 62 65 66 68 69 72 75 76 79 83 86 88 90 91 92 95 96 97 98 99 100 102 103 104 108 110 111 112 114 115 117 118 119 122 123 124 125 126 128 132 135 136 137 146 147 148 150 155 156 159 160 163 165 168 169 170 171 172 175 179 181 182 185 186 187 190 191 192 193 195 196 197 198 201 207 208 212 213 215 219 220 227 229 232 233 236 238 239 240 241 245 249 257 258 259 261 262 263 264 265 267 272 273 275 278 281 286 288 290 292 293 294 296 297 27 89 84 157 228 1 203 54 246 19 87 101 177 2 277 20 145 254 144 224 77 13 45 61 183 78 295 42 204 36 214 130 231 200 74 141 206 24 253 127 80 7 161 194 226 291 133 284 173 
Number of disconnected nodes: 198
Max available bandwidth: 12200 Kbps
Average throughput: 6206.45 Kbps
Throughput to bandwidth ratio: 0.508725
Packet loss percentage: 43.284%
Average delay: 2211.61 ms
Average jitter: 535.794 ms
G_L: 0.34

Nodes disconnected: 234 0 3 4 5 6 8 9 10 12 16 17 21 23 26 28 29 30 32 33 34 35 38 39 40 41 44 46 48 49 50 52 53 58 60 62 65 66 68 69 72 75 76 79 83 86 88 90 91 92 95 96 97 98 99 100 102 103 104 108 110 111 112 114 115 117 118 119 122 123 124 125 126 128 132 135 136 137 146 147 148 150 155 156 159 160 163 165 168 169 170 171 172 175 179 181 182 185 186 187 190 191 192 193 195 196 197 198 201 207 208 212 213 215 219 220 227 229 232 233 236 238 239 240 241 245 249 257 258 259 261 262 263 264 265 267 272 273 275 278 281 286 288 290 292 293 294 296 297 27 89 84 157 228 1 203 54 246 19 87 101 177 2 277 20 145 254 144 224 77 13 45 61 183 78 295 42 204 36 214 130 231 200 74 141 206 24 253 127 80 7 161 194 226 291 133 284 173 139 269 274 276 149 22 151 280 153 154 285 167 298 174 178 184 189 64 202 85 221 94 223 225 235 109 237 113 248 250 
Number of disconnected nodes: 228
Max available bandwidth: 9600 Kbps
Average throughput: 4403.61 Kbps
Throughput to bandwidth ratio: 0.45871
Packet loss percentage: 45.3168%
Average delay: 1870.43 ms
Average jitter: 454.096 ms
G_L: 0.24

Nodes disconnected: 234 0 3 4 5 6 8 9 10 12 16 17 21 23 26 28 29 30 32 33 34 35 38 39 40 41 44 46 48 49 50 52 53 58 60 62 65 66 68 69 72 75 76 79 83 86 88 90 91 92 95 96 97 98 99 100 102 103 104 108 110 111 112 114 115 117 118 119 122 123 124 125 126 128 132 135 136 137 146 147 148 150 155 156 159 160 163 165 168 169 170 171 172 175 179 181 182 185 186 187 190 191 192 193 195 196 197 198 201 207 208 212 213 215 219 220 227 229 232 233 236 238 239 240 241 245 249 257 258 259 261 262 263 264 265 267 272 273 275 278 281 286 288 290 292 293 294 296 297 27 89 84 157 228 1 203 54 246 19 87 101 177 2 277 20 145 254 144 224 77 13 45 61 183 78 295 42 204 36 214 130 231 200 74 141 206 24 253 127 80 7 161 194 226 291 133 284 173 139 269 274 276 149 22 151 280 153 154 285 167 298 174 178 184 189 64 202 85 221 94 223 225 235 109 237 113 248 250 129 289 287 140 14 81 18 56 282 63 
Number of disconnected nodes: 238
Max available bandwidth: 8700 Kbps
Average throughput: 3729.49 Kbps
Throughput to bandwidth ratio: 0.428678
Packet loss percentage: 46.7683%
Average delay: 1443.07 ms
Average jitter: 414.012 ms
G_L: 0.2067

Nodes disconnected: 234 0 3 4 5 6 8 9 10 12 16 17 21 23 26 28 29 30 32 33 34 35 38 39 40 41 44 46 48 49 50 52 53 58 60 62 65 66 68 69 72 75 76 79 83 86 88 90 91 92 95 96 97 98 99 100 102 103 104 108 110 111 112 114 115 117 118 119 122 123 124 125 126 128 132 135 136 137 146 147 148 150 155 156 159 160 163 165 168 169 170 171 172 175 179 181 182 185 186 187 190 191 192 193 195 196 197 198 201 207 208 212 213 215 219 220 227 229 232 233 236 238 239 240 241 245 249 257 258 259 261 262 263 264 265 267 272 273 275 278 281 286 288 290 292 293 294 296 297 27 89 84 157 228 1 203 54 246 19 87 101 177 2 277 20 145 254 144 224 77 13 45 61 183 78 295 42 204 36 214 130 231 200 74 141 206 24 253 127 80 7 161 194 226 291 133 284 173 139 269 274 276 149 22 151 280 153 154 285 167 298 174 178 184 189 64 202 85 221 94 223 225 235 109 237 113 248 250 129 289 287 140 14 81 18 56 282 63 247 
Number of disconnected nodes: 239
Max available bandwidth: 8700 Kbps
Average throughput: 3662.1 Kbps
Throughput to bandwidth ratio: 0.42093
Packet loss percentage: 46.8654%
Average delay: 1404.48 ms
Average jitter: 410.874 ms
G_L: 0.2033

Nodes disconnected: 234 0 3 4 5 6 8 9 10 12 16 17 21 23 26 28 29 30 32 33 34 35 38 39 40 41 44 46 48 49 50 52 53 58 60 62 65 66 68 69 72 75 76 79 83 86 88 90 91 92 95 96 97 98 99 100 102 103 104 108 110 111 112 114 115 117 118 119 122 123 124 125 126 128 132 135 136 137 146 147 148 150 155 156 159 160 163 165 168 169 170 171 172 175 179 181 182 185 186 187 190 191 192 193 195 196 197 198 201 207 208 212 213 215 219 220 227 229 232 233 236 238 239 240 241 245 249 257 258 259 261 262 263 264 265 267 272 273 275 278 281 286 288 290 292 293 294 296 297 27 89 84 157 228 1 203 54 246 19 87 101 177 2 277 20 145 254 144 224 77 13 45 61 183 78 295 42 204 36 214 130 231 200 74 141 206 24 253 127 80 7 161 194 226 291 133 284 173 139 269 274 276 149 22 151 280 153 154 285 167 298 174 178 184 189 64 202 85 221 94 223 225 235 109 237 113 248 250 129 289 287 140 14 81 18 56 282 63 247 138 
Number of disconnected nodes: 240
Max available bandwidth: 8600 Kbps
Average throughput: 3598.62 Kbps
Throughput to bandwidth ratio: 0.418444
Packet loss percentage: 46.873%
Average delay: 1399.31 ms
Average jitter: 417.637 ms
G_L: 0.2

Nodes disconnected: 234 0 3 4 5 6 8 9 10 12 16 17 21 23 26 28 29 30 32 33 34 35 38 39 40 41 44 46 48 49 50 52 53 58 60 62 65 66 68 69 72 75 76 79 83 86 88 90 91 92 95 96 97 98 99 100 102 103 104 108 110 111 112 114 115 117 118 119 122 123 124 125 126 128 132 135 136 137 146 147 148 150 155 156 159 160 163 165 168 169 170 171 172 175 179 181 182 185 186 187 190 191 192 193 195 196 197 198 201 207 208 212 213 215 219 220 227 229 232 233 236 238 239 240 241 245 249 257 258 259 261 262 263 264 265 267 272 273 275 278 281 286 288 290 292 293 294 296 297 27 89 84 157 228 1 203 54 246 19 87 101 177 2 277 20 145 254 144 224 77 13 45 61 183 78 295 42 204 36 214 130 231 200 74 141 206 24 253 127 80 7 161 194 226 291 133 284 173 139 269 274 276 149 22 151 280 153 154 285 167 298 174 178 184 189 64 202 85 221 94 223 225 235 109 237 113 248 250 129 289 287 140 14 81 18 56 282 63 247 138 59 43 209 
Number of disconnected nodes: 243
Max available bandwidth: 8500 Kbps
Average throughput: 3335.06 Kbps
Throughput to bandwidth ratio: 0.39236
Packet loss percentage: 47.9676%
Average delay: 1432.05 ms
Average jitter: 411.273 ms
G_L: 0.19

Nodes disconnected: 234 0 3 4 5 6 8 9 10 12 16 17 21 23 26 28 29 30 32 33 34 35 38 39 40 41 44 46 48 49 50 52 53 58 60 62 65 66 68 69 72 75 76 79 83 86 88 90 91 92 95 96 97 98 99 100 102 103 104 108 110 111 112 114 115 117 118 119 122 123 124 125 126 128 132 135 136 137 146 147 148 150 155 156 159 160 163 165 168 169 170 171 172 175 179 181 182 185 186 187 190 191 192 193 195 196 197 198 201 207 208 212 213 215 219 220 227 229 232 233 236 238 239 240 241 245 249 257 258 259 261 262 263 264 265 267 272 273 275 278 281 286 288 290 292 293 294 296 297 27 89 84 157 228 1 203 54 246 19 87 101 177 2 277 20 145 254 144 224 77 13 45 61 183 78 295 42 204 36 214 130 231 200 74 141 206 24 253 127 80 7 161 194 226 291 133 284 173 139 269 274 276 149 22 151 280 153 154 285 167 298 174 178 184 189 64 202 85 221 94 223 225 235 109 237 113 248 250 129 289 287 140 14 81 18 56 282 63 247 138 59 43 209 260 266 279 120 218 283 31 
Number of disconnected nodes: 250
Max available bandwidth: 7800 Kbps
Average throughput: 2871.09 Kbps
Throughput to bandwidth ratio: 0.368089
Packet loss percentage: 48.8589%
Average delay: 1595.22 ms
Average jitter: 421.464 ms
G_L: 0.1667

Nodes disconnected: 234 0 3 4 5 6 8 9 10 12 16 17 21 23 26 28 29 30 32 33 34 35 38 39 40 41 44 46 48 49 50 52 53 58 60 62 65 66 68 69 72 75 76 79 83 86 88 90 91 92 95 96 97 98 99 100 102 103 104 108 110 111 112 114 115 117 118 119 122 123 124 125 126 128 132 135 136 137 146 147 148 150 155 156 159 160 163 165 168 169 170 171 172 175 179 181 182 185 186 187 190 191 192 193 195 196 197 198 201 207 208 212 213 215 219 220 227 229 232 233 236 238 239 240 241 245 249 257 258 259 261 262 263 264 265 267 272 273 275 278 281 286 288 290 292 293 294 296 297 27 89 84 157 228 1 203 54 246 19 87 101 177 2 277 20 145 254 144 224 77 13 45 61 183 78 295 42 204 36 214 130 231 200 74 141 206 24 253 127 80 7 161 194 226 291 133 284 173 139 269 274 276 149 22 151 280 153 154 285 167 298 174 178 184 189 64 202 85 221 94 223 225 235 109 237 113 248 250 129 289 287 140 14 81 18 56 282 63 247 138 59 43 209 260 266 279 120 218 283 31 180 199 
Number of disconnected nodes: 252
Max available bandwidth: 7700 Kbps
Average throughput: 2730.11 Kbps
Throughput to bandwidth ratio: 0.35456
Packet loss percentage: 48.7775%
Average delay: 1590.39 ms
Average jitter: 420.525 ms
G_L: 0.16

Nodes disconnected: 234 0 3 4 5 6 8 9 10 12 16 17 21 23 26 28 29 30 32 33 34 35 38 39 40 41 44 46 48 49 50 52 53 58 60 62 65 66 68 69 72 75 76 79 83 86 88 90 91 92 95 96 97 98 99 100 102 103 104 108 110 111 112 114 115 117 118 119 122 123 124 125 126 128 132 135 136 137 146 147 148 150 155 156 159 160 163 165 168 169 170 171 172 175 179 181 182 185 186 187 190 191 192 193 195 196 197 198 201 207 208 212 213 215 219 220 227 229 232 233 236 238 239 240 241 245 249 257 258 259 261 262 263 264 265 267 272 273 275 278 281 286 288 290 292 293 294 296 297 27 89 84 157 228 1 203 54 246 19 87 101 177 2 277 20 145 254 144 224 77 13 45 61 183 78 295 42 204 36 214 130 231 200 74 141 206 24 253 127 80 7 161 194 226 291 133 284 173 139 269 274 276 149 22 151 280 153 154 285 167 298 174 178 184 189 64 202 85 221 94 223 225 235 109 237 113 248 250 129 289 287 140 14 81 18 56 282 63 247 138 59 43 209 260 266 279 120 218 283 31 180 199 299 93 270 
Number of disconnected nodes: 255
Max available bandwidth: 7200 Kbps
Average throughput: 2549.28 Kbps
Throughput to bandwidth ratio: 0.354066
Packet loss percentage: 48.7183%
Average delay: 1257.59 ms
Average jitter: 410.152 ms
G_L: 0.15

Nodes disconnected: 234 0 3 4 5 6 8 9 10 12 16 17 21 23 26 28 29 30 32 33 34 35 38 39 40 41 44 46 48 49 50 52 53 58 60 62 65 66 68 69 72 75 76 79 83 86 88 90 91 92 95 96 97 98 99 100 102 103 104 108 110 111 112 114 115 117 118 119 122 123 124 125 126 128 132 135 136 137 146 147 148 150 155 156 159 160 163 165 168 169 170 171 172 175 179 181 182 185 186 187 190 191 192 193 195 196 197 198 201 207 208 212 213 215 219 220 227 229 232 233 236 238 239 240 241 245 249 257 258 259 261 262 263 264 265 267 272 273 275 278 281 286 288 290 292 293 294 296 297 27 89 84 157 228 1 203 54 246 19 87 101 177 2 277 20 145 254 144 224 77 13 45 61 183 78 295 42 204 36 214 130 231 200 74 141 206 24 253 127 80 7 161 194 226 291 133 284 173 139 269 274 276 149 22 151 280 153 154 285 167 298 174 178 184 189 64 202 85 221 94 223 225 235 109 237 113 248 250 129 289 287 140 14 81 18 56 282 63 247 138 59 43 209 260 266 279 120 218 283 31 180 199 299 93 270 256 131 134 11 268 142 143 271 152 25 158 164 37 47 176 51 188 70 82 211 106 242 243 121 251 252 255 
Number of disconnected nodes: 282
Max available bandwidth: 3500 Kbps
Average throughput: 697.013 Kbps
Throughput to bandwidth ratio: 0.199147
Packet loss percentage: 62.8655%
Average delay: 141.484 ms
Average jitter: 276.985 ms
G_L: 0.06

Nodes disconnected: 234 0 3 4 5 6 8 9 10 12 16 17 21 23 26 28 29 30 32 33 34 35 38 39 40 41 44 46 48 49 50 52 53 58 60 62 65 66 68 69 72 75 76 79 83 86 88 90 91 92 95 96 97 98 99 100 102 103 104 108 110 111 112 114 115 117 118 119 122 123 124 125 126 128 132 135 136 137 146 147 148 150 155 156 159 160 163 165 168 169 170 171 172 175 179 181 182 185 186 187 190 191 192 193 195 196 197 198 201 207 208 212 213 215 219 220 227 229 232 233 236 238 239 240 241 245 249 257 258 259 261 262 263 264 265 267 272 273 275 278 281 286 288 290 292 293 294 296 297 27 89 84 157 228 1 203 54 246 19 87 101 177 2 277 20 145 254 144 224 77 13 45 61 183 78 295 42 204 36 214 130 231 200 74 141 206 24 253 127 80 7 161 194 226 291 133 284 173 139 269 274 276 149 22 151 280 153 154 285 167 298 174 178 184 189 64 202 85 221 94 223 225 235 109 237 113 248 250 129 289 287 140 14 81 18 56 282 63 247 138 59 43 209 260 266 279 120 218 283 31 180 199 299 93 270 256 131 134 11 268 142 143 271 152 25 158 164 37 47 176 51 188 70 82 211 106 242 243 121 251 252 255 162 67 217 166 71 230 73 105 107 205 15 210 116 244 55 216 57 222 
Number of disconnected nodes: 300
Max available bandwidth: 0 Kbps
Average throughput: 0 Kbps
Throughput to bandwidth ratio: -nan
Packet loss percentage: -nan%
Average delay: -nan ms
Average jitter: -nan ms
G_L: 0

