Nodes disconnected: 
Number of disconnected nodes: 0
Max available bandwidth: 33400 Kbps
Average throughput: 17038.6 Kbps
Throughput to bandwidth ratio: 0.510137
Packet loss percentage: 5.19954%
Average delay: 7701.11 ms
Average jitter: 4518.86 ms
G_L: 1

Nodes disconnected: 291 
Number of disconnected nodes: 1
Max available bandwidth: 33400 Kbps
Average throughput: 16968.8 Kbps
Throughput to bandwidth ratio: 0.508047
Packet loss percentage: 5.24069%
Average delay: 8460.59 ms
Average jitter: 4629.05 ms
G_L: 0.9967

Nodes disconnected: 291 0 3 4 5 6 8 9 10 12 16 17 21 23 26 28 29 30 32 33 34 35 38 39 40 41 44 46 48 49 50 52 53 58 60 62 65 66 68 69 72 75 76 79 83 86 88 90 91 92 95 96 97 98 99 100 102 103 104 108 110 111 112 114 115 117 118 119 122 123 124 125 126 128 132 135 136 137 146 147 148 150 155 156 159 160 163 165 168 169 170 171 172 175 179 181 182 185 186 187 190 191 192 193 195 196 197 198 201 207 208 212 213 215 219 220 227 229 232 233 234 236 238 239 240 241 245 249 257 258 259 261 262 263 264 265 267 272 273 275 278 281 286 288 290 292 293 294 296 297 
Number of disconnected nodes: 150
Max available bandwidth: 15900 Kbps
Average throughput: 7285.9 Kbps
Throughput to bandwidth ratio: 0.458233
Packet loss percentage: 33.9947%
Average delay: 8455.75 ms
Average jitter: 3697.36 ms
G_L: 0.5

Nodes disconnected: 291 0 3 4 5 6 8 9 10 12 16 17 21 23 26 28 29 30 32 33 34 35 38 39 40 41 44 46 48 49 50 52 53 58 60 62 65 66 68 69 72 75 76 79 83 86 88 90 91 92 95 96 97 98 99 100 102 103 104 108 110 111 112 114 115 117 118 119 122 123 124 125 126 128 132 135 136 137 146 147 148 150 155 156 159 160 163 165 168 169 170 171 172 175 179 181 182 185 186 187 190 191 192 193 195 196 197 198 201 207 208 212 213 215 219 220 227 229 232 233 234 236 238 239 240 241 245 249 257 258 259 261 262 263 264 265 267 272 273 275 278 281 286 288 290 292 293 294 296 297 89 
Number of disconnected nodes: 151
Max available bandwidth: 15900 Kbps
Average throughput: 7150.41 Kbps
Throughput to bandwidth ratio: 0.449711
Packet loss percentage: 36.4952%
Average delay: 6509.31 ms
Average jitter: 2488.05 ms
G_L: 0.4967

Nodes disconnected: 291 0 3 4 5 6 8 9 10 12 16 17 21 23 26 28 29 30 32 33 34 35 38 39 40 41 44 46 48 49 50 52 53 58 60 62 65 66 68 69 72 75 76 79 83 86 88 90 91 92 95 96 97 98 99 100 102 103 104 108 110 111 112 114 115 117 118 119 122 123 124 125 126 128 132 135 136 137 146 147 148 150 155 156 159 160 163 165 168 169 170 171 172 175 179 181 182 185 186 187 190 191 192 193 195 196 197 198 201 207 208 212 213 215 219 220 227 229 232 233 234 236 238 239 240 241 245 249 257 258 259 261 262 263 264 265 267 272 273 275 278 281 286 288 290 292 293 294 296 297 89 299 93 174 254 
Number of disconnected nodes: 155
Max available bandwidth: 15400 Kbps
Average throughput: 7169.07 Kbps
Throughput to bandwidth ratio: 0.465524
Packet loss percentage: 33.8046%
Average delay: 7778.4 ms
Average jitter: 3012.94 ms
G_L: 0.4833

Nodes disconnected: 291 0 3 4 5 6 8 9 10 12 16 17 21 23 26 28 29 30 32 33 34 35 38 39 40 41 44 46 48 49 50 52 53 58 60 62 65 66 68 69 72 75 76 79 83 86 88 90 91 92 95 96 97 98 99 100 102 103 104 108 110 111 112 114 115 117 118 119 122 123 124 125 126 128 132 135 136 137 146 147 148 150 155 156 159 160 163 165 168 169 170 171 172 175 179 181 182 185 186 187 190 191 192 193 195 196 197 198 201 207 208 212 213 215 219 220 227 229 232 233 234 236 238 239 240 241 245 249 257 258 259 261 262 263 264 265 267 272 273 275 278 281 286 288 290 292 293 294 296 297 89 299 93 174 254 209 
Number of disconnected nodes: 156
Max available bandwidth: 15400 Kbps
Average throughput: 7100.88 Kbps
Throughput to bandwidth ratio: 0.461096
Packet loss percentage: 35.8406%
Average delay: 7562.94 ms
Average jitter: 2757.61 ms
G_L: 0.48

Nodes disconnected: 291 0 3 4 5 6 8 9 10 12 16 17 21 23 26 28 29 30 32 33 34 35 38 39 40 41 44 46 48 49 50 52 53 58 60 62 65 66 68 69 72 75 76 79 83 86 88 90 91 92 95 96 97 98 99 100 102 103 104 108 110 111 112 114 115 117 118 119 122 123 124 125 126 128 132 135 136 137 146 147 148 150 155 156 159 160 163 165 168 169 170 171 172 175 179 181 182 185 186 187 190 191 192 193 195 196 197 198 201 207 208 212 213 215 219 220 227 229 232 233 234 236 238 239 240 241 245 249 257 258 259 261 262 263 264 265 267 272 273 275 278 281 286 288 290 292 293 294 296 297 89 299 93 174 254 209 131 70 230 
Number of disconnected nodes: 159
Max available bandwidth: 15200 Kbps
Average throughput: 6967.55 Kbps
Throughput to bandwidth ratio: 0.458391
Packet loss percentage: 33.3045%
Average delay: 7844.96 ms
Average jitter: 3555.24 ms
G_L: 0.47

Nodes disconnected: 291 0 3 4 5 6 8 9 10 12 16 17 21 23 26 28 29 30 32 33 34 35 38 39 40 41 44 46 48 49 50 52 53 58 60 62 65 66 68 69 72 75 76 79 83 86 88 90 91 92 95 96 97 98 99 100 102 103 104 108 110 111 112 114 115 117 118 119 122 123 124 125 126 128 132 135 136 137 146 147 148 150 155 156 159 160 163 165 168 169 170 171 172 175 179 181 182 185 186 187 190 191 192 193 195 196 197 198 201 207 208 212 213 215 219 220 227 229 232 233 234 236 238 239 240 241 245 249 257 258 259 261 262 263 264 265 267 272 273 275 278 281 286 288 290 292 293 294 296 297 89 299 93 174 254 209 131 70 230 144 224 
Number of disconnected nodes: 161
Max available bandwidth: 15100 Kbps
Average throughput: 6744.09 Kbps
Throughput to bandwidth ratio: 0.446628
Packet loss percentage: 35.1461%
Average delay: 7748.07 ms
Average jitter: 3156.97 ms
G_L: 0.4633

Nodes disconnected: 291 0 3 4 5 6 8 9 10 12 16 17 21 23 26 28 29 30 32 33 34 35 38 39 40 41 44 46 48 49 50 52 53 58 60 62 65 66 68 69 72 75 76 79 83 86 88 90 91 92 95 96 97 98 99 100 102 103 104 108 110 111 112 114 115 117 118 119 122 123 124 125 126 128 132 135 136 137 146 147 148 150 155 156 159 160 163 165 168 169 170 171 172 175 179 181 182 185 186 187 190 191 192 193 195 196 197 198 201 207 208 212 213 215 219 220 227 229 232 233 234 236 238 239 240 241 245 249 257 258 259 261 262 263 264 265 267 272 273 275 278 281 286 288 290 292 293 294 296 297 89 299 93 174 254 209 131 70 230 144 224 11 
Number of disconnected nodes: 162
Max available bandwidth: 14900 Kbps
Average throughput: 6650.6 Kbps
Throughput to bandwidth ratio: 0.446349
Packet loss percentage: 37.4143%
Average delay: 6878.31 ms
Average jitter: 2264.47 ms
G_L: 0.46

Nodes disconnected: 291 0 3 4 5 6 8 9 10 12 16 17 21 23 26 28 29 30 32 33 34 35 38 39 40 41 44 46 48 49 50 52 53 58 60 62 65 66 68 69 72 75 76 79 83 86 88 90 91 92 95 96 97 98 99 100 102 103 104 108 110 111 112 114 115 117 118 119 122 123 124 125 126 128 132 135 136 137 146 147 148 150 155 156 159 160 163 165 168 169 170 171 172 175 179 181 182 185 186 187 190 191 192 193 195 196 197 198 201 207 208 212 213 215 219 220 227 229 232 233 234 236 238 239 240 241 245 249 257 258 259 261 262 263 264 265 267 272 273 275 278 281 286 288 290 292 293 294 296 297 89 299 93 174 254 209 131 70 230 144 224 11 84 157 
Number of disconnected nodes: 164
Max available bandwidth: 14800 Kbps
Average throughput: 6725.29 Kbps
Throughput to bandwidth ratio: 0.454411
Packet loss percentage: 36.0966%
Average delay: 7476.44 ms
Average jitter: 2167.51 ms
G_L: 0.4533

Nodes disconnected: 291 0 3 4 5 6 8 9 10 12 16 17 21 23 26 28 29 30 32 33 34 35 38 39 40 41 44 46 48 49 50 52 53 58 60 62 65 66 68 69 72 75 76 79 83 86 88 90 91 92 95 96 97 98 99 100 102 103 104 108 110 111 112 114 115 117 118 119 122 123 124 125 126 128 132 135 136 137 146 147 148 150 155 156 159 160 163 165 168 169 170 171 172 175 179 181 182 185 186 187 190 191 192 193 195 196 197 198 201 207 208 212 213 215 219 220 227 229 232 233 234 236 238 239 240 241 245 249 257 258 259 261 262 263 264 265 267 272 273 275 278 281 286 288 290 292 293 294 296 297 89 299 93 174 254 209 131 70 230 144 224 11 84 157 1 2 7 13 14 15 18 19 20 22 24 27 31 36 37 42 43 45 47 51 54 55 56 57 59 61 63 64 73 74 77 78 80 81 82 85 87 94 101 105 106 107 109 113 116 120 121 127 129 130 133 134 138 139 140 141 142 143 145 149 151 152 153 154 158 161 164 166 167 173 176 177 178 180 183 184 188 189 194 199 200 202 203 204 205 206 210 211 214 216 217 218 221 222 223 225 226 228 231 235 237 242 243 246 247 248 250 251 252 253 255 256 260 266 268 269 270 271 274 276 277 279 280 282 283 284 285 287 289 295 298 
Number of disconnected nodes: 295
Max available bandwidth: 600 Kbps
Average throughput: 196.599 Kbps
Throughput to bandwidth ratio: 0.327665
Packet loss percentage: 61.4405%
Average delay: 449.735 ms
Average jitter: 315.483 ms
G_L: 0.0167

Nodes disconnected: 291 0 3 4 5 6 8 9 10 12 16 17 21 23 26 28 29 30 32 33 34 35 38 39 40 41 44 46 48 49 50 52 53 58 60 62 65 66 68 69 72 75 76 79 83 86 88 90 91 92 95 96 97 98 99 100 102 103 104 108 110 111 112 114 115 117 118 119 122 123 124 125 126 128 132 135 136 137 146 147 148 150 155 156 159 160 163 165 168 169 170 171 172 175 179 181 182 185 186 187 190 191 192 193 195 196 197 198 201 207 208 212 213 215 219 220 227 229 232 233 234 236 238 239 240 241 245 249 257 258 259 261 262 263 264 265 267 272 273 275 278 281 286 288 290 292 293 294 296 297 89 299 93 174 254 209 131 70 230 144 224 11 84 157 1 2 7 13 14 15 18 19 20 22 24 27 31 36 37 42 43 45 47 51 54 55 56 57 59 61 63 64 73 74 77 78 80 81 82 85 87 94 101 105 106 107 109 113 116 120 121 127 129 130 133 134 138 139 140 141 142 143 145 149 151 152 153 154 158 161 164 166 167 173 176 177 178 180 183 184 188 189 194 199 200 202 203 204 205 206 210 211 214 216 217 218 221 222 223 225 226 228 231 235 237 242 243 246 247 248 250 251 252 253 255 256 260 266 268 269 270 271 274 276 277 279 280 282 283 284 285 287 289 295 298 25 
Number of disconnected nodes: 296
Max available bandwidth: 200 Kbps
Average throughput: 119.709 Kbps
Throughput to bandwidth ratio: 0.598547
Packet loss percentage: 69.8574%
Average delay: 509.34 ms
Average jitter: 346.842 ms
G_L: 0.0133

Nodes disconnected: 291 0 3 4 5 6 8 9 10 12 16 17 21 23 26 28 29 30 32 33 34 35 38 39 40 41 44 46 48 49 50 52 53 58 60 62 65 66 68 69 72 75 76 79 83 86 88 90 91 92 95 96 97 98 99 100 102 103 104 108 110 111 112 114 115 117 118 119 122 123 124 125 126 128 132 135 136 137 146 147 148 150 155 156 159 160 163 165 168 169 170 171 172 175 179 181 182 185 186 187 190 191 192 193 195 196 197 198 201 207 208 212 213 215 219 220 227 229 232 233 234 236 238 239 240 241 245 249 257 258 259 261 262 263 264 265 267 272 273 275 278 281 286 288 290 292 293 294 296 297 89 299 93 174 254 209 131 70 230 144 224 11 84 157 1 2 7 13 14 15 18 19 20 22 24 27 31 36 37 42 43 45 47 51 54 55 56 57 59 61 63 64 73 74 77 78 80 81 82 85 87 94 101 105 106 107 109 113 116 120 121 127 129 130 133 134 138 139 140 141 142 143 145 149 151 152 153 154 158 161 164 166 167 173 176 177 178 180 183 184 188 189 194 199 200 202 203 204 205 206 210 211 214 216 217 218 221 222 223 225 226 228 231 235 237 242 243 246 247 248 250 251 252 253 255 256 260 266 268 269 270 271 274 276 277 279 280 282 283 284 285 287 289 295 298 25 67 71 
Number of disconnected nodes: 298
Max available bandwidth: 100 Kbps
Average throughput: 46.2144 Kbps
Throughput to bandwidth ratio: 0.462144
Packet loss percentage: 73.6345%
Average delay: 141.522 ms
Average jitter: 273.873 ms
G_L: 0.0067

Nodes disconnected: 291 0 3 4 5 6 8 9 10 12 16 17 21 23 26 28 29 30 32 33 34 35 38 39 40 41 44 46 48 49 50 52 53 58 60 62 65 66 68 69 72 75 76 79 83 86 88 90 91 92 95 96 97 98 99 100 102 103 104 108 110 111 112 114 115 117 118 119 122 123 124 125 126 128 132 135 136 137 146 147 148 150 155 156 159 160 163 165 168 169 170 171 172 175 179 181 182 185 186 187 190 191 192 193 195 196 197 198 201 207 208 212 213 215 219 220 227 229 232 233 234 236 238 239 240 241 245 249 257 258 259 261 262 263 264 265 267 272 273 275 278 281 286 288 290 292 293 294 296 297 89 299 93 174 254 209 131 70 230 144 224 11 84 157 1 2 7 13 14 15 18 19 20 22 24 27 31 36 37 42 43 45 47 51 54 55 56 57 59 61 63 64 73 74 77 78 80 81 82 85 87 94 101 105 106 107 109 113 116 120 121 127 129 130 133 134 138 139 140 141 142 143 145 149 151 152 153 154 158 161 164 166 167 173 176 177 178 180 183 184 188 189 194 199 200 202 203 204 205 206 210 211 214 216 217 218 221 222 223 225 226 228 231 235 237 242 243 246 247 248 250 251 252 253 255 256 260 266 268 269 270 271 274 276 277 279 280 282 283 284 285 287 289 295 298 25 67 71 162 244 
Number of disconnected nodes: 300
Max available bandwidth: 0 Kbps
Average throughput: 0 Kbps
Throughput to bandwidth ratio: -nan
Packet loss percentage: -nan%
Average delay: -nan ms
Average jitter: -nan ms
G_L: 0

