Nodes disconnected: 
Number of disconnected nodes: 0
Max available bandwidth: 33400 Kbps
Average throughput: 25289.2 Kbps
Throughput to bandwidth ratio: 0.757162
Packet loss percentage: 5.68588%
Average delay: 2125.04 ms
Average jitter: 597.51 ms
G_L: 1

Nodes disconnected: 2 277 
Number of disconnected nodes: 2
Max available bandwidth: 33300 Kbps
Average throughput: 25006 Kbps
Throughput to bandwidth ratio: 0.750932
Packet loss percentage: 5.98737%
Average delay: 2173.71 ms
Average jitter: 598.731 ms
G_L: 0.9933

Nodes disconnected: 2 277 228 
Number of disconnected nodes: 3
Max available bandwidth: 33300 Kbps
Average throughput: 24868.3 Kbps
Throughput to bandwidth ratio: 0.746795
Packet loss percentage: 6.10325%
Average delay: 2212.23 ms
Average jitter: 606.75 ms
G_L: 0.99

Nodes disconnected: 2 277 228 154 
Number of disconnected nodes: 4
Max available bandwidth: 33200 Kbps
Average throughput: 24780 Kbps
Throughput to bandwidth ratio: 0.746386
Packet loss percentage: 6.18147%
Average delay: 2212.45 ms
Average jitter: 605.181 ms
G_L: 0.9867

Nodes disconnected: 2 277 228 154 68 
Number of disconnected nodes: 5
Max available bandwidth: 33100 Kbps
Average throughput: 24709.3 Kbps
Throughput to bandwidth ratio: 0.746506
Packet loss percentage: 6.22855%
Average delay: 2218.15 ms
Average jitter: 604.259 ms
G_L: 0.9833

Nodes disconnected: 2 277 228 154 68 8 
Number of disconnected nodes: 6
Max available bandwidth: 33000 Kbps
Average throughput: 24665.2 Kbps
Throughput to bandwidth ratio: 0.74743
Packet loss percentage: 6.29868%
Average delay: 2188.05 ms
Average jitter: 601.125 ms
G_L: 0.98

Nodes disconnected: 2 277 228 154 68 8 0 3 4 5 6 9 10 12 16 17 21 23 26 28 29 30 32 33 34 35 38 39 40 41 44 46 48 49 50 52 53 58 60 62 65 66 69 72 75 76 79 83 86 88 90 91 92 95 96 97 98 99 100 102 103 104 108 110 111 112 114 115 117 118 119 122 123 124 125 126 127 128 132 135 136 137 146 147 148 150 155 156 159 160 163 165 168 169 170 171 172 175 179 181 182 185 186 187 190 191 192 193 195 196 197 198 201 207 208 212 213 215 219 220 227 229 232 233 234 236 238 239 240 241 245 249 257 258 259 261 262 263 264 265 267 272 273 275 278 281 286 288 290 292 293 294 296 297 
Number of disconnected nodes: 154
Max available bandwidth: 15700 Kbps
Average throughput: 9387.71 Kbps
Throughput to bandwidth ratio: 0.597943
Packet loss percentage: 35.1104%
Average delay: 3455.51 ms
Average jitter: 711.234 ms
G_L: 0.4867

Nodes disconnected: 2 277 228 154 68 8 0 3 4 5 6 9 10 12 16 17 21 23 26 28 29 30 32 33 34 35 38 39 40 41 44 46 48 49 50 52 53 58 60 62 65 66 69 72 75 76 79 83 86 88 90 91 92 95 96 97 98 99 100 102 103 104 108 110 111 112 114 115 117 118 119 122 123 124 125 126 127 128 132 135 136 137 146 147 148 150 155 156 159 160 163 165 168 169 170 171 172 175 179 181 182 185 186 187 190 191 192 193 195 196 197 198 201 207 208 212 213 215 219 220 227 229 232 233 234 236 238 239 240 241 245 249 257 258 259 261 262 263 264 265 267 272 273 275 278 281 286 288 290 292 293 294 296 297 178 
Number of disconnected nodes: 155
Max available bandwidth: 15700 Kbps
Average throughput: 9337.58 Kbps
Throughput to bandwidth ratio: 0.594751
Packet loss percentage: 35.5042%
Average delay: 3526.13 ms
Average jitter: 690.68 ms
G_L: 0.4833

Nodes disconnected: 2 277 228 154 68 8 0 3 4 5 6 9 10 12 16 17 21 23 26 28 29 30 32 33 34 35 38 39 40 41 44 46 48 49 50 52 53 58 60 62 65 66 69 72 75 76 79 83 86 88 90 91 92 95 96 97 98 99 100 102 103 104 108 110 111 112 114 115 117 118 119 122 123 124 125 126 127 128 132 135 136 137 146 147 148 150 155 156 159 160 163 165 168 169 170 171 172 175 179 181 182 185 186 187 190 191 192 193 195 196 197 198 201 207 208 212 213 215 219 220 227 229 232 233 234 236 238 239 240 241 245 249 257 258 259 261 262 263 264 265 267 272 273 275 278 281 286 288 290 292 293 294 296 297 178 209 143 
Number of disconnected nodes: 157
Max available bandwidth: 15500 Kbps
Average throughput: 9170.81 Kbps
Throughput to bandwidth ratio: 0.591665
Packet loss percentage: 35.9857%
Average delay: 3250.25 ms
Average jitter: 679.08 ms
G_L: 0.4767

Nodes disconnected: 2 277 228 154 68 8 0 3 4 5 6 9 10 12 16 17 21 23 26 28 29 30 32 33 34 35 38 39 40 41 44 46 48 49 50 52 53 58 60 62 65 66 69 72 75 76 79 83 86 88 90 91 92 95 96 97 98 99 100 102 103 104 108 110 111 112 114 115 117 118 119 122 123 124 125 126 127 128 132 135 136 137 146 147 148 150 155 156 159 160 163 165 168 169 170 171 172 175 179 181 182 185 186 187 190 191 192 193 195 196 197 198 201 207 208 212 213 215 219 220 227 229 232 233 234 236 238 239 240 241 245 249 257 258 259 261 262 263 264 265 267 272 273 275 278 281 286 288 290 292 293 294 296 297 178 209 143 200 130 20 
Number of disconnected nodes: 160
Max available bandwidth: 15200 Kbps
Average throughput: 8870.39 Kbps
Throughput to bandwidth ratio: 0.583578
Packet loss percentage: 36.8994%
Average delay: 3309.81 ms
Average jitter: 668.648 ms
G_L: 0.4667

Nodes disconnected: 2 277 228 154 68 8 0 3 4 5 6 9 10 12 16 17 21 23 26 28 29 30 32 33 34 35 38 39 40 41 44 46 48 49 50 52 53 58 60 62 65 66 69 72 75 76 79 83 86 88 90 91 92 95 96 97 98 99 100 102 103 104 108 110 111 112 114 115 117 118 119 122 123 124 125 126 127 128 132 135 136 137 146 147 148 150 155 156 159 160 163 165 168 169 170 171 172 175 179 181 182 185 186 187 190 191 192 193 195 196 197 198 201 207 208 212 213 215 219 220 227 229 232 233 234 236 238 239 240 241 245 249 257 258 259 261 262 263 264 265 267 272 273 275 278 281 286 288 290 292 293 294 296 297 178 209 143 200 130 20 205 
Number of disconnected nodes: 161
Max available bandwidth: 15200 Kbps
Average throughput: 8852.26 Kbps
Throughput to bandwidth ratio: 0.582386
Packet loss percentage: 37.3509%
Average delay: 3371.2 ms
Average jitter: 664.301 ms
G_L: 0.4633

Nodes disconnected: 2 277 228 154 68 8 0 3 4 5 6 9 10 12 16 17 21 23 26 28 29 30 32 33 34 35 38 39 40 41 44 46 48 49 50 52 53 58 60 62 65 66 69 72 75 76 79 83 86 88 90 91 92 95 96 97 98 99 100 102 103 104 108 110 111 112 114 115 117 118 119 122 123 124 125 126 127 128 132 135 136 137 146 147 148 150 155 156 159 160 163 165 168 169 170 171 172 175 179 181 182 185 186 187 190 191 192 193 195 196 197 198 201 207 208 212 213 215 219 220 227 229 232 233 234 236 238 239 240 241 245 249 257 258 259 261 262 263 264 265 267 272 273 275 278 281 286 288 290 292 293 294 296 297 178 209 143 200 130 20 205 59 43 
Number of disconnected nodes: 163
Max available bandwidth: 15100 Kbps
Average throughput: 8685.85 Kbps
Throughput to bandwidth ratio: 0.575222
Packet loss percentage: 37.2783%
Average delay: 3374.64 ms
Average jitter: 650.079 ms
G_L: 0.4567

Nodes disconnected: 2 277 228 154 68 8 0 3 4 5 6 9 10 12 16 17 21 23 26 28 29 30 32 33 34 35 38 39 40 41 44 46 48 49 50 52 53 58 60 62 65 66 69 72 75 76 79 83 86 88 90 91 92 95 96 97 98 99 100 102 103 104 108 110 111 112 114 115 117 118 119 122 123 124 125 126 127 128 132 135 136 137 146 147 148 150 155 156 159 160 163 165 168 169 170 171 172 175 179 181 182 185 186 187 190 191 192 193 195 196 197 198 201 207 208 212 213 215 219 220 227 229 232 233 234 236 238 239 240 241 245 249 257 258 259 261 262 263 264 265 267 272 273 275 278 281 286 288 290 292 293 294 296 297 178 209 143 200 130 20 205 59 43 248 202 
Number of disconnected nodes: 165
Max available bandwidth: 14900 Kbps
Average throughput: 8709.82 Kbps
Throughput to bandwidth ratio: 0.584551
Packet loss percentage: 36.8626%
Average delay: 3198.61 ms
Average jitter: 631.347 ms
G_L: 0.45

Nodes disconnected: 2 277 228 154 68 8 0 3 4 5 6 9 10 12 16 17 21 23 26 28 29 30 32 33 34 35 38 39 40 41 44 46 48 49 50 52 53 58 60 62 65 66 69 72 75 76 79 83 86 88 90 91 92 95 96 97 98 99 100 102 103 104 108 110 111 112 114 115 117 118 119 122 123 124 125 126 127 128 132 135 136 137 146 147 148 150 155 156 159 160 163 165 168 169 170 171 172 175 179 181 182 185 186 187 190 191 192 193 195 196 197 198 201 207 208 212 213 215 219 220 227 229 232 233 234 236 238 239 240 241 245 249 257 258 259 261 262 263 264 265 267 272 273 275 278 281 286 288 290 292 293 294 296 297 178 209 143 200 130 20 205 59 43 248 202 274 189 246 
Number of disconnected nodes: 168
Max available bandwidth: 14800 Kbps
Average throughput: 8611.49 Kbps
Throughput to bandwidth ratio: 0.581858
Packet loss percentage: 36.5186%
Average delay: 3120.38 ms
Average jitter: 622.285 ms
G_L: 0.44

Nodes disconnected: 2 277 228 154 68 8 0 3 4 5 6 9 10 12 16 17 21 23 26 28 29 30 32 33 34 35 38 39 40 41 44 46 48 49 50 52 53 58 60 62 65 66 69 72 75 76 79 83 86 88 90 91 92 95 96 97 98 99 100 102 103 104 108 110 111 112 114 115 117 118 119 122 123 124 125 126 127 128 132 135 136 137 146 147 148 150 155 156 159 160 163 165 168 169 170 171 172 175 179 181 182 185 186 187 190 191 192 193 195 196 197 198 201 207 208 212 213 215 219 220 227 229 232 233 234 236 238 239 240 241 245 249 257 258 259 261 262 263 264 265 267 272 273 275 278 281 286 288 290 292 293 294 296 297 178 209 143 200 130 20 205 59 43 248 202 274 189 246 11 
Number of disconnected nodes: 169
Max available bandwidth: 14600 Kbps
Average throughput: 8606 Kbps
Throughput to bandwidth ratio: 0.589452
Packet loss percentage: 36.4226%
Average delay: 3087.62 ms
Average jitter: 616.529 ms
G_L: 0.4367

Nodes disconnected: 2 277 228 154 68 8 0 3 4 5 6 9 10 12 16 17 21 23 26 28 29 30 32 33 34 35 38 39 40 41 44 46 48 49 50 52 53 58 60 62 65 66 69 72 75 76 79 83 86 88 90 91 92 95 96 97 98 99 100 102 103 104 108 110 111 112 114 115 117 118 119 122 123 124 125 126 127 128 132 135 136 137 146 147 148 150 155 156 159 160 163 165 168 169 170 171 172 175 179 181 182 185 186 187 190 191 192 193 195 196 197 198 201 207 208 212 213 215 219 220 227 229 232 233 234 236 238 239 240 241 245 249 257 258 259 261 262 263 264 265 267 272 273 275 278 281 286 288 290 292 293 294 296 297 178 209 143 200 130 20 205 59 43 248 202 274 189 246 11 1 7 13 14 15 18 22 24 25 27 31 36 37 42 45 47 51 54 55 56 57 61 63 64 70 73 74 77 78 80 81 82 84 85 89 93 94 101 105 106 107 109 113 116 120 121 129 131 133 134 138 139 140 141 142 144 145 149 151 152 153 157 158 161 164 166 167 173 174 176 177 180 183 184 188 194 199 203 204 206 210 211 214 216 217 218 221 222 223 224 225 226 230 231 235 237 242 243 247 250 251 252 253 254 255 256 260 266 268 269 270 271 276 279 280 282 283 284 285 287 289 291 295 298 299 
Number of disconnected nodes: 294
Max available bandwidth: 400 Kbps
Average throughput: 99.5046 Kbps
Throughput to bandwidth ratio: 0.248762
Packet loss percentage: 81.531%
Average delay: -nan ms
Average jitter: -nan ms
G_L: 0.02

Nodes disconnected: 2 277 228 154 68 8 0 3 4 5 6 9 10 12 16 17 21 23 26 28 29 30 32 33 34 35 38 39 40 41 44 46 48 49 50 52 53 58 60 62 65 66 69 72 75 76 79 83 86 88 90 91 92 95 96 97 98 99 100 102 103 104 108 110 111 112 114 115 117 118 119 122 123 124 125 126 127 128 132 135 136 137 146 147 148 150 155 156 159 160 163 165 168 169 170 171 172 175 179 181 182 185 186 187 190 191 192 193 195 196 197 198 201 207 208 212 213 215 219 220 227 229 232 233 234 236 238 239 240 241 245 249 257 258 259 261 262 263 264 265 267 272 273 275 278 281 286 288 290 292 293 294 296 297 178 209 143 200 130 20 205 59 43 248 202 274 189 246 11 1 7 13 14 15 18 22 24 25 27 31 36 37 42 45 47 51 54 55 56 57 61 63 64 70 73 74 77 78 80 81 82 84 85 89 93 94 101 105 106 107 109 113 116 120 121 129 131 133 134 138 139 140 141 142 144 145 149 151 152 153 157 158 161 164 166 167 173 174 176 177 180 183 184 188 194 199 203 204 206 210 211 214 216 217 218 221 222 223 224 225 226 230 231 235 237 242 243 247 250 251 252 253 254 255 256 260 266 268 269 270 271 276 279 280 282 283 284 285 287 289 291 295 298 299 19 87 
Number of disconnected nodes: 296
Max available bandwidth: 200 Kbps
Average throughput: 50.4362 Kbps
Throughput to bandwidth ratio: 0.252181
Packet loss percentage: 83.3195%
Average delay: -nan ms
Average jitter: -nan ms
G_L: 0.0133

Nodes disconnected: 2 277 228 154 68 8 0 3 4 5 6 9 10 12 16 17 21 23 26 28 29 30 32 33 34 35 38 39 40 41 44 46 48 49 50 52 53 58 60 62 65 66 69 72 75 76 79 83 86 88 90 91 92 95 96 97 98 99 100 102 103 104 108 110 111 112 114 115 117 118 119 122 123 124 125 126 127 128 132 135 136 137 146 147 148 150 155 156 159 160 163 165 168 169 170 171 172 175 179 181 182 185 186 187 190 191 192 193 195 196 197 198 201 207 208 212 213 215 219 220 227 229 232 233 234 236 238 239 240 241 245 249 257 258 259 261 262 263 264 265 267 272 273 275 278 281 286 288 290 292 293 294 296 297 178 209 143 200 130 20 205 59 43 248 202 274 189 246 11 1 7 13 14 15 18 22 24 25 27 31 36 37 42 45 47 51 54 55 56 57 61 63 64 70 73 74 77 78 80 81 82 84 85 89 93 94 101 105 106 107 109 113 116 120 121 129 131 133 134 138 139 140 141 142 144 145 149 151 152 153 157 158 161 164 166 167 173 174 176 177 180 183 184 188 194 199 203 204 206 210 211 214 216 217 218 221 222 223 224 225 226 230 231 235 237 242 243 247 250 251 252 253 254 255 256 260 266 268 269 270 271 276 279 280 282 283 284 285 287 289 291 295 298 299 19 87 162 67 244 71 
Number of disconnected nodes: 300
Max available bandwidth: 0 Kbps
Average throughput: 0 Kbps
Throughput to bandwidth ratio: -nan
Packet loss percentage: -nan%
Average delay: -nan ms
Average jitter: -nan ms
G_L: 0

