Nodes disconnected: 
Number of disconnected nodes: 0
Max available bandwidth: 33400 Kbps
Average throughput: 17023.3 Kbps
Throughput to bandwidth ratio: 0.50968
Packet loss percentage: 5.17526%
Average delay: 8246.59 ms
Average jitter: 4648.73 ms
G_L: 1

Nodes disconnected: 203 204 
Number of disconnected nodes: 2
Max available bandwidth: 33100 Kbps
Average throughput: 16999 Kbps
Throughput to bandwidth ratio: 0.513566
Packet loss percentage: 5.75178%
Average delay: 8024.55 ms
Average jitter: 4299.94 ms
G_L: 0.9933

Nodes disconnected: 203 204 0 3 4 5 6 8 9 10 12 16 17 21 23 26 28 29 30 32 33 34 35 38 39 40 41 44 46 48 49 50 52 53 58 60 62 65 66 68 69 72 75 76 79 83 86 88 90 91 92 95 96 97 98 99 100 102 103 104 108 110 111 112 114 115 117 118 119 122 123 124 125 126 127 128 132 135 136 137 146 147 148 150 155 156 159 160 163 165 168 169 170 171 172 175 179 181 182 185 186 187 189 190 191 192 193 195 196 197 198 201 202 207 208 212 213 214 215 219 220 227 229 232 233 234 236 238 239 240 241 245 246 248 249 257 258 259 261 262 263 264 265 267 272 273 274 275 278 281 286 288 290 292 293 294 296 297 
Number of disconnected nodes: 158
Max available bandwidth: 15300 Kbps
Average throughput: 7112.11 Kbps
Throughput to bandwidth ratio: 0.464844
Packet loss percentage: 37.5874%
Average delay: 6187.92 ms
Average jitter: 1768.5 ms
G_L: 0.4733

Nodes disconnected: 203 204 0 3 4 5 6 8 9 10 12 16 17 21 23 26 28 29 30 32 33 34 35 38 39 40 41 44 46 48 49 50 52 53 58 60 62 65 66 68 69 72 75 76 79 83 86 88 90 91 92 95 96 97 98 99 100 102 103 104 108 110 111 112 114 115 117 118 119 122 123 124 125 126 127 128 132 135 136 137 146 147 148 150 155 156 159 160 163 165 168 169 170 171 172 175 179 181 182 185 186 187 189 190 191 192 193 195 196 197 198 201 202 207 208 212 213 214 215 219 220 227 229 232 233 234 236 238 239 240 241 245 246 248 249 257 258 259 261 262 263 264 265 267 272 273 274 275 278 281 286 288 290 292 293 294 296 297 270 
Number of disconnected nodes: 159
Max available bandwidth: 15300 Kbps
Average throughput: 7187.53 Kbps
Throughput to bandwidth ratio: 0.469773
Packet loss percentage: 35.8486%
Average delay: 8452 ms
Average jitter: 2738.86 ms
G_L: 0.47

Nodes disconnected: 203 204 0 3 4 5 6 8 9 10 12 16 17 21 23 26 28 29 30 32 33 34 35 38 39 40 41 44 46 48 49 50 52 53 58 60 62 65 66 68 69 72 75 76 79 83 86 88 90 91 92 95 96 97 98 99 100 102 103 104 108 110 111 112 114 115 117 118 119 122 123 124 125 126 127 128 132 135 136 137 146 147 148 150 155 156 159 160 163 165 168 169 170 171 172 175 179 181 182 185 186 187 189 190 191 192 193 195 196 197 198 201 202 207 208 212 213 214 215 219 220 227 229 232 233 234 236 238 239 240 241 245 246 248 249 257 258 259 261 262 263 264 265 267 272 273 274 275 278 281 286 288 290 292 293 294 296 297 270 94 
Number of disconnected nodes: 160
Max available bandwidth: 15200 Kbps
Average throughput: 6998.79 Kbps
Throughput to bandwidth ratio: 0.460447
Packet loss percentage: 36.4831%
Average delay: 7690.27 ms
Average jitter: 2618.8 ms
G_L: 0.4667

Nodes disconnected: 203 204 0 3 4 5 6 8 9 10 12 16 17 21 23 26 28 29 30 32 33 34 35 38 39 40 41 44 46 48 49 50 52 53 58 60 62 65 66 68 69 72 75 76 79 83 86 88 90 91 92 95 96 97 98 99 100 102 103 104 108 110 111 112 114 115 117 118 119 122 123 124 125 126 127 128 132 135 136 137 146 147 148 150 155 156 159 160 163 165 168 169 170 171 172 175 179 181 182 185 186 187 189 190 191 192 193 195 196 197 198 201 202 207 208 212 213 214 215 219 220 227 229 232 233 234 236 238 239 240 241 245 246 248 249 257 258 259 261 262 263 264 265 267 272 273 274 275 278 281 286 288 290 292 293 294 296 297 270 94 154 
Number of disconnected nodes: 161
Max available bandwidth: 15100 Kbps
Average throughput: 6927.67 Kbps
Throughput to bandwidth ratio: 0.458786
Packet loss percentage: 36.5678%
Average delay: 7634.48 ms
Average jitter: 2573.68 ms
G_L: 0.4633

Nodes disconnected: 203 204 0 3 4 5 6 8 9 10 12 16 17 21 23 26 28 29 30 32 33 34 35 38 39 40 41 44 46 48 49 50 52 53 58 60 62 65 66 68 69 72 75 76 79 83 86 88 90 91 92 95 96 97 98 99 100 102 103 104 108 110 111 112 114 115 117 118 119 122 123 124 125 126 127 128 132 135 136 137 146 147 148 150 155 156 159 160 163 165 168 169 170 171 172 175 179 181 182 185 186 187 189 190 191 192 193 195 196 197 198 201 202 207 208 212 213 214 215 219 220 227 229 232 233 234 236 238 239 240 241 245 246 248 249 257 258 259 261 262 263 264 265 267 272 273 274 275 278 281 286 288 290 292 293 294 296 297 270 94 154 209 143 
Number of disconnected nodes: 163
Max available bandwidth: 14900 Kbps
Average throughput: 6916.49 Kbps
Throughput to bandwidth ratio: 0.464194
Packet loss percentage: 34.6954%
Average delay: 8691.84 ms
Average jitter: 3063.39 ms
G_L: 0.4567

Nodes disconnected: 203 204 0 3 4 5 6 8 9 10 12 16 17 21 23 26 28 29 30 32 33 34 35 38 39 40 41 44 46 48 49 50 52 53 58 60 62 65 66 68 69 72 75 76 79 83 86 88 90 91 92 95 96 97 98 99 100 102 103 104 108 110 111 112 114 115 117 118 119 122 123 124 125 126 127 128 132 135 136 137 146 147 148 150 155 156 159 160 163 165 168 169 170 171 172 175 179 181 182 185 186 187 189 190 191 192 193 195 196 197 198 201 202 207 208 212 213 214 215 219 220 227 229 232 233 234 236 238 239 240 241 245 246 248 249 257 258 259 261 262 263 264 265 267 272 273 274 275 278 281 286 288 290 292 293 294 296 297 270 94 154 209 143 1 2 7 11 13 14 15 18 20 22 24 27 31 36 37 42 43 45 47 51 54 55 56 57 59 61 63 64 70 73 74 77 78 80 81 82 84 85 93 101 105 106 107 109 113 116 120 121 129 130 131 133 134 138 139 140 141 142 144 145 149 151 152 153 157 158 161 164 166 167 173 174 176 177 178 180 183 184 188 194 199 200 205 206 210 211 216 217 218 221 222 223 224 225 226 228 230 231 235 237 242 243 247 250 251 252 253 254 255 256 260 266 268 269 271 276 277 279 280 282 283 284 285 287 289 291 295 298 299 
Number of disconnected nodes: 292
Max available bandwidth: 800 Kbps
Average throughput: 359.302 Kbps
Throughput to bandwidth ratio: 0.449127
Packet loss percentage: 58.1322%
Average delay: 719.778 ms
Average jitter: 398.882 ms
G_L: 0.0267

Nodes disconnected: 203 204 0 3 4 5 6 8 9 10 12 16 17 21 23 26 28 29 30 32 33 34 35 38 39 40 41 44 46 48 49 50 52 53 58 60 62 65 66 68 69 72 75 76 79 83 86 88 90 91 92 95 96 97 98 99 100 102 103 104 108 110 111 112 114 115 117 118 119 122 123 124 125 126 127 128 132 135 136 137 146 147 148 150 155 156 159 160 163 165 168 169 170 171 172 175 179 181 182 185 186 187 189 190 191 192 193 195 196 197 198 201 202 207 208 212 213 214 215 219 220 227 229 232 233 234 236 238 239 240 241 245 246 248 249 257 258 259 261 262 263 264 265 267 272 273 274 275 278 281 286 288 290 292 293 294 296 297 270 94 154 209 143 1 2 7 11 13 14 15 18 20 22 24 27 31 36 37 42 43 45 47 51 54 55 56 57 59 61 63 64 70 73 74 77 78 80 81 82 84 85 93 101 105 106 107 109 113 116 120 121 129 130 131 133 134 138 139 140 141 142 144 145 149 151 152 153 157 158 161 164 166 167 173 174 176 177 178 180 183 184 188 194 199 200 205 206 210 211 216 217 218 221 222 223 224 225 226 228 230 231 235 237 242 243 247 250 251 252 253 254 255 256 260 266 268 269 271 276 277 279 280 282 283 284 285 287 289 291 295 298 299 19 87 
Number of disconnected nodes: 294
Max available bandwidth: 600 Kbps
Average throughput: 239.164 Kbps
Throughput to bandwidth ratio: 0.398607
Packet loss percentage: 58.1512%
Average delay: 342.584 ms
Average jitter: 321.36 ms
G_L: 0.02

Nodes disconnected: 203 204 0 3 4 5 6 8 9 10 12 16 17 21 23 26 28 29 30 32 33 34 35 38 39 40 41 44 46 48 49 50 52 53 58 60 62 65 66 68 69 72 75 76 79 83 86 88 90 91 92 95 96 97 98 99 100 102 103 104 108 110 111 112 114 115 117 118 119 122 123 124 125 126 127 128 132 135 136 137 146 147 148 150 155 156 159 160 163 165 168 169 170 171 172 175 179 181 182 185 186 187 189 190 191 192 193 195 196 197 198 201 202 207 208 212 213 214 215 219 220 227 229 232 233 234 236 238 239 240 241 245 246 248 249 257 258 259 261 262 263 264 265 267 272 273 274 275 278 281 286 288 290 292 293 294 296 297 270 94 154 209 143 1 2 7 11 13 14 15 18 20 22 24 27 31 36 37 42 43 45 47 51 54 55 56 57 59 61 63 64 70 73 74 77 78 80 81 82 84 85 93 101 105 106 107 109 113 116 120 121 129 130 131 133 134 138 139 140 141 142 144 145 149 151 152 153 157 158 161 164 166 167 173 174 176 177 178 180 183 184 188 194 199 200 205 206 210 211 216 217 218 221 222 223 224 225 226 228 230 231 235 237 242 243 247 250 251 252 253 254 255 256 260 266 268 269 271 276 277 279 280 282 283 284 285 287 289 291 295 298 299 19 87 89 25 
Number of disconnected nodes: 296
Max available bandwidth: 200 Kbps
Average throughput: 150.181 Kbps
Throughput to bandwidth ratio: 0.750907
Packet loss percentage: 66.3812%
Average delay: 567.714 ms
Average jitter: 359.3 ms
G_L: 0.0133

Nodes disconnected: 203 204 0 3 4 5 6 8 9 10 12 16 17 21 23 26 28 29 30 32 33 34 35 38 39 40 41 44 46 48 49 50 52 53 58 60 62 65 66 68 69 72 75 76 79 83 86 88 90 91 92 95 96 97 98 99 100 102 103 104 108 110 111 112 114 115 117 118 119 122 123 124 125 126 127 128 132 135 136 137 146 147 148 150 155 156 159 160 163 165 168 169 170 171 172 175 179 181 182 185 186 187 189 190 191 192 193 195 196 197 198 201 202 207 208 212 213 214 215 219 220 227 229 232 233 234 236 238 239 240 241 245 246 248 249 257 258 259 261 262 263 264 265 267 272 273 274 275 278 281 286 288 290 292 293 294 296 297 270 94 154 209 143 1 2 7 11 13 14 15 18 20 22 24 27 31 36 37 42 43 45 47 51 54 55 56 57 59 61 63 64 70 73 74 77 78 80 81 82 84 85 93 101 105 106 107 109 113 116 120 121 129 130 131 133 134 138 139 140 141 142 144 145 149 151 152 153 157 158 161 164 166 167 173 174 176 177 178 180 183 184 188 194 199 200 205 206 210 211 216 217 218 221 222 223 224 225 226 228 230 231 235 237 242 243 247 250 251 252 253 254 255 256 260 266 268 269 271 276 277 279 280 282 283 284 285 287 289 291 295 298 299 19 87 89 25 162 67 244 71 
Number of disconnected nodes: 300
Max available bandwidth: 0 Kbps
Average throughput: 0 Kbps
Throughput to bandwidth ratio: -nan
Packet loss percentage: -nan%
Average delay: -nan ms
Average jitter: -nan ms
G_L: 0

