Nodes disconnected: 
Number of disconnected nodes: 0
Max available bandwidth: 33400 Kbps
Average throughput: 16965.9 Kbps
Throughput to bandwidth ratio: 0.507961
Packet loss percentage: 5.2134%
Average delay: 7715.67 ms
Average jitter: 4387.91 ms
G_L: 1

Nodes disconnected: 184 
Number of disconnected nodes: 1
Max available bandwidth: 33400 Kbps
Average throughput: 17065 Kbps
Throughput to bandwidth ratio: 0.510927
Packet loss percentage: 5.18935%
Average delay: 7825.31 ms
Average jitter: 4461.2 ms
G_L: 0.9967

Nodes disconnected: 184 5 
Number of disconnected nodes: 2
Max available bandwidth: 33300 Kbps
Average throughput: 16956.1 Kbps
Throughput to bandwidth ratio: 0.509194
Packet loss percentage: 5.22778%
Average delay: 7656.36 ms
Average jitter: 4050.55 ms
G_L: 0.9933

Nodes disconnected: 184 5 27 
Number of disconnected nodes: 3
Max available bandwidth: 33200 Kbps
Average throughput: 17013.9 Kbps
Throughput to bandwidth ratio: 0.512467
Packet loss percentage: 5.26182%
Average delay: 7836.47 ms
Average jitter: 4315.45 ms
G_L: 0.99

Nodes disconnected: 184 5 27 0 3 4 6 8 9 10 12 16 17 21 23 26 28 29 30 32 33 34 35 38 39 40 41 44 46 48 49 50 52 53 58 60 62 65 66 68 69 72 75 76 79 83 86 88 90 91 92 95 96 97 98 99 100 102 103 104 108 110 111 112 114 115 117 118 119 122 123 124 125 126 127 128 132 135 136 137 146 147 148 150 155 156 159 160 161 163 165 168 169 170 171 172 175 179 181 182 185 186 187 190 191 192 193 195 196 197 198 201 207 208 212 213 215 219 220 227 229 232 233 234 236 238 239 240 241 245 249 257 258 259 261 262 263 264 265 267 272 273 275 278 281 286 288 290 292 293 294 296 297 
Number of disconnected nodes: 153
Max available bandwidth: 15700 Kbps
Average throughput: 7039.97 Kbps
Throughput to bandwidth ratio: 0.448406
Packet loss percentage: 35.9968%
Average delay: 7281.11 ms
Average jitter: 2927.11 ms
G_L: 0.49

Nodes disconnected: 184 5 27 0 3 4 6 8 9 10 12 16 17 21 23 26 28 29 30 32 33 34 35 38 39 40 41 44 46 48 49 50 52 53 58 60 62 65 66 68 69 72 75 76 79 83 86 88 90 91 92 95 96 97 98 99 100 102 103 104 108 110 111 112 114 115 117 118 119 122 123 124 125 126 127 128 132 135 136 137 146 147 148 150 155 156 159 160 161 163 165 168 169 170 171 172 175 179 181 182 185 186 187 190 191 192 193 195 196 197 198 201 207 208 212 213 215 219 220 227 229 232 233 234 236 238 239 240 241 245 249 257 258 259 261 262 263 264 265 267 272 273 275 278 281 286 288 290 292 293 294 296 297 211 
Number of disconnected nodes: 154
Max available bandwidth: 15700 Kbps
Average throughput: 7008.1 Kbps
Throughput to bandwidth ratio: 0.446376
Packet loss percentage: 36.4266%
Average delay: 7749.11 ms
Average jitter: 2925.09 ms
G_L: 0.4867

Nodes disconnected: 184 5 27 0 3 4 6 8 9 10 12 16 17 21 23 26 28 29 30 32 33 34 35 38 39 40 41 44 46 48 49 50 52 53 58 60 62 65 66 68 69 72 75 76 79 83 86 88 90 91 92 95 96 97 98 99 100 102 103 104 108 110 111 112 114 115 117 118 119 122 123 124 125 126 127 128 132 135 136 137 146 147 148 150 155 156 159 160 161 163 165 168 169 170 171 172 175 179 181 182 185 186 187 190 191 192 193 195 196 197 198 201 207 208 212 213 215 219 220 227 229 232 233 234 236 238 239 240 241 245 249 257 258 259 261 262 263 264 265 267 272 273 275 278 281 286 288 290 292 293 294 296 297 211 101 
Number of disconnected nodes: 155
Max available bandwidth: 15700 Kbps
Average throughput: 7069.27 Kbps
Throughput to bandwidth ratio: 0.450272
Packet loss percentage: 37.0158%
Average delay: 7819.07 ms
Average jitter: 2506.89 ms
G_L: 0.4833

Nodes disconnected: 184 5 27 0 3 4 6 8 9 10 12 16 17 21 23 26 28 29 30 32 33 34 35 38 39 40 41 44 46 48 49 50 52 53 58 60 62 65 66 68 69 72 75 76 79 83 86 88 90 91 92 95 96 97 98 99 100 102 103 104 108 110 111 112 114 115 117 118 119 122 123 124 125 126 127 128 132 135 136 137 146 147 148 150 155 156 159 160 161 163 165 168 169 170 171 172 175 179 181 182 185 186 187 190 191 192 193 195 196 197 198 201 207 208 212 213 215 219 220 227 229 232 233 234 236 238 239 240 241 245 249 257 258 259 261 262 263 264 265 267 272 273 275 278 281 286 288 290 292 293 294 296 297 211 101 144 224 
Number of disconnected nodes: 157
Max available bandwidth: 15600 Kbps
Average throughput: 6906.43 Kbps
Throughput to bandwidth ratio: 0.44272
Packet loss percentage: 36.4909%
Average delay: 7622.4 ms
Average jitter: 2790.08 ms
G_L: 0.4767

Nodes disconnected: 184 5 27 0 3 4 6 8 9 10 12 16 17 21 23 26 28 29 30 32 33 34 35 38 39 40 41 44 46 48 49 50 52 53 58 60 62 65 66 68 69 72 75 76 79 83 86 88 90 91 92 95 96 97 98 99 100 102 103 104 108 110 111 112 114 115 117 118 119 122 123 124 125 126 127 128 132 135 136 137 146 147 148 150 155 156 159 160 161 163 165 168 169 170 171 172 175 179 181 182 185 186 187 190 191 192 193 195 196 197 198 201 207 208 212 213 215 219 220 227 229 232 233 234 236 238 239 240 241 245 249 257 258 259 261 262 263 264 265 267 272 273 275 278 281 286 288 290 292 293 294 296 297 211 101 144 224 209 143 
Number of disconnected nodes: 159
Max available bandwidth: 15400 Kbps
Average throughput: 6818.84 Kbps
Throughput to bandwidth ratio: 0.442782
Packet loss percentage: 35.8737%
Average delay: 8291.92 ms
Average jitter: 2933.75 ms
G_L: 0.47

Nodes disconnected: 184 5 27 0 3 4 6 8 9 10 12 16 17 21 23 26 28 29 30 32 33 34 35 38 39 40 41 44 46 48 49 50 52 53 58 60 62 65 66 68 69 72 75 76 79 83 86 88 90 91 92 95 96 97 98 99 100 102 103 104 108 110 111 112 114 115 117 118 119 122 123 124 125 126 127 128 132 135 136 137 146 147 148 150 155 156 159 160 161 163 165 168 169 170 171 172 175 179 181 182 185 186 187 190 191 192 193 195 196 197 198 201 207 208 212 213 215 219 220 227 229 232 233 234 236 238 239 240 241 245 249 257 258 259 261 262 263 264 265 267 272 273 275 278 281 286 288 290 292 293 294 296 297 211 101 144 224 209 143 1 2 7 11 13 14 15 18 20 22 24 31 36 37 42 43 45 47 51 54 55 56 57 59 61 63 64 70 73 74 77 78 80 81 82 84 85 93 94 105 106 107 109 113 116 120 121 129 130 131 133 134 138 139 140 141 142 145 149 151 152 153 154 157 158 164 166 167 173 174 176 177 178 180 183 188 189 194 199 200 202 203 204 205 206 210 214 216 217 218 221 222 223 225 226 228 230 231 235 237 242 243 246 247 248 250 251 252 253 254 255 256 260 266 268 269 270 271 274 276 277 279 280 282 283 284 285 287 289 291 295 298 299 
Number of disconnected nodes: 292
Max available bandwidth: 800 Kbps
Average throughput: 423.923 Kbps
Throughput to bandwidth ratio: 0.529904
Packet loss percentage: 52.6094%
Average delay: 590.236 ms
Average jitter: 401.279 ms
G_L: 0.0267

Nodes disconnected: 184 5 27 0 3 4 6 8 9 10 12 16 17 21 23 26 28 29 30 32 33 34 35 38 39 40 41 44 46 48 49 50 52 53 58 60 62 65 66 68 69 72 75 76 79 83 86 88 90 91 92 95 96 97 98 99 100 102 103 104 108 110 111 112 114 115 117 118 119 122 123 124 125 126 127 128 132 135 136 137 146 147 148 150 155 156 159 160 161 163 165 168 169 170 171 172 175 179 181 182 185 186 187 190 191 192 193 195 196 197 198 201 207 208 212 213 215 219 220 227 229 232 233 234 236 238 239 240 241 245 249 257 258 259 261 262 263 264 265 267 272 273 275 278 281 286 288 290 292 293 294 296 297 211 101 144 224 209 143 1 2 7 11 13 14 15 18 20 22 24 31 36 37 42 43 45 47 51 54 55 56 57 59 61 63 64 70 73 74 77 78 80 81 82 84 85 93 94 105 106 107 109 113 116 120 121 129 130 131 133 134 138 139 140 141 142 145 149 151 152 153 154 157 158 164 166 167 173 174 176 177 178 180 183 188 189 194 199 200 202 203 204 205 206 210 214 216 217 218 221 222 223 225 226 228 230 231 235 237 242 243 246 247 248 250 251 252 253 254 255 256 260 266 268 269 270 271 274 276 277 279 280 282 283 284 285 287 289 291 295 298 299 89 
Number of disconnected nodes: 293
Max available bandwidth: 800 Kbps
Average throughput: 379.931 Kbps
Throughput to bandwidth ratio: 0.474914
Packet loss percentage: 48.3075%
Average delay: 555.269 ms
Average jitter: 402.155 ms
G_L: 0.0233

Nodes disconnected: 184 5 27 0 3 4 6 8 9 10 12 16 17 21 23 26 28 29 30 32 33 34 35 38 39 40 41 44 46 48 49 50 52 53 58 60 62 65 66 68 69 72 75 76 79 83 86 88 90 91 92 95 96 97 98 99 100 102 103 104 108 110 111 112 114 115 117 118 119 122 123 124 125 126 127 128 132 135 136 137 146 147 148 150 155 156 159 160 161 163 165 168 169 170 171 172 175 179 181 182 185 186 187 190 191 192 193 195 196 197 198 201 207 208 212 213 215 219 220 227 229 232 233 234 236 238 239 240 241 245 249 257 258 259 261 262 263 264 265 267 272 273 275 278 281 286 288 290 292 293 294 296 297 211 101 144 224 209 143 1 2 7 11 13 14 15 18 20 22 24 31 36 37 42 43 45 47 51 54 55 56 57 59 61 63 64 70 73 74 77 78 80 81 82 84 85 93 94 105 106 107 109 113 116 120 121 129 130 131 133 134 138 139 140 141 142 145 149 151 152 153 154 157 158 164 166 167 173 174 176 177 178 180 183 188 189 194 199 200 202 203 204 205 206 210 214 216 217 218 221 222 223 225 226 228 230 231 235 237 242 243 246 247 248 250 251 252 253 254 255 256 260 266 268 269 270 271 274 276 277 279 280 282 283 284 285 287 289 291 295 298 299 89 19 244 87 
Number of disconnected nodes: 296
Max available bandwidth: 600 Kbps
Average throughput: 147.353 Kbps
Throughput to bandwidth ratio: 0.245588
Packet loss percentage: 63.0376%
Average delay: 493.064 ms
Average jitter: 358.804 ms
G_L: 0.0133

Nodes disconnected: 184 5 27 0 3 4 6 8 9 10 12 16 17 21 23 26 28 29 30 32 33 34 35 38 39 40 41 44 46 48 49 50 52 53 58 60 62 65 66 68 69 72 75 76 79 83 86 88 90 91 92 95 96 97 98 99 100 102 103 104 108 110 111 112 114 115 117 118 119 122 123 124 125 126 127 128 132 135 136 137 146 147 148 150 155 156 159 160 161 163 165 168 169 170 171 172 175 179 181 182 185 186 187 190 191 192 193 195 196 197 198 201 207 208 212 213 215 219 220 227 229 232 233 234 236 238 239 240 241 245 249 257 258 259 261 262 263 264 265 267 272 273 275 278 281 286 288 290 292 293 294 296 297 211 101 144 224 209 143 1 2 7 11 13 14 15 18 20 22 24 31 36 37 42 43 45 47 51 54 55 56 57 59 61 63 64 70 73 74 77 78 80 81 82 84 85 93 94 105 106 107 109 113 116 120 121 129 130 131 133 134 138 139 140 141 142 145 149 151 152 153 154 157 158 164 166 167 173 174 176 177 178 180 183 188 189 194 199 200 202 203 204 205 206 210 214 216 217 218 221 222 223 225 226 228 230 231 235 237 242 243 246 247 248 250 251 252 253 254 255 256 260 266 268 269 270 271 274 276 277 279 280 282 283 284 285 287 289 291 295 298 299 89 19 244 87 25 162 67 71 
Number of disconnected nodes: 300
Max available bandwidth: 0 Kbps
Average throughput: 0 Kbps
Throughput to bandwidth ratio: -nan
Packet loss percentage: -nan%
Average delay: -nan ms
Average jitter: -nan ms
G_L: 0

