Nodes disconnected: 
Number of disconnected nodes: 0
Max available bandwidth: 33400 Kbps
Average throughput: 17071.3 Kbps
Throughput to bandwidth ratio: 0.511118
Packet loss percentage: 5.22137%
Average delay: 8404.73 ms
Average jitter: 4411.43 ms
G_L: 1

Nodes disconnected: 0 3 4 5 6 8 9 10 12 16 17 21 23 26 28 29 30 32 33 34 35 38 39 40 41 44 46 48 49 50 52 53 58 60 62 65 66 68 69 70 72 75 76 79 83 86 88 90 91 92 95 96 97 98 99 100 102 103 104 108 110 111 112 114 115 117 118 119 122 123 124 125 126 128 132 135 136 137 143 146 147 148 150 155 156 157 159 160 163 165 168 169 170 171 172 175 179 181 182 185 186 187 190 191 192 193 195 196 197 198 201 202 203 204 207 208 209 212 213 214 215 219 220 221 227 229 232 233 234 236 238 239 240 241 245 248 249 256 257 258 259 261 262 263 264 265 267 272 273 275 278 281 286 288 290 292 293 294 296 297 
Number of disconnected nodes: 160
Max available bandwidth: 15000 Kbps
Average throughput: 6914.63 Kbps
Throughput to bandwidth ratio: 0.460975
Packet loss percentage: 38.4423%
Average delay: 7524.22 ms
Average jitter: 2073.52 ms
G_L: 0.4667

Nodes disconnected: 0 3 4 5 6 8 9 10 12 16 17 21 23 26 28 29 30 32 33 34 35 38 39 40 41 44 46 48 49 50 52 53 58 60 62 65 66 68 69 70 72 75 76 79 83 86 88 90 91 92 95 96 97 98 99 100 102 103 104 108 110 111 112 114 115 117 118 119 122 123 124 125 126 128 132 135 136 137 143 146 147 148 150 155 156 157 159 160 163 165 168 169 170 171 172 175 179 181 182 185 186 187 190 191 192 193 195 196 197 198 201 202 203 204 207 208 209 212 213 214 215 219 220 221 227 229 232 233 234 236 238 239 240 241 245 248 249 256 257 258 259 261 262 263 264 265 267 272 273 275 278 281 286 288 290 292 293 294 296 297 225 106 250 178 276 246 151 153 154 285 94 255 
Number of disconnected nodes: 172
Max available bandwidth: 13700 Kbps
Average throughput: 6280.26 Kbps
Throughput to bandwidth ratio: 0.458413
Packet loss percentage: 37.3041%
Average delay: 6365.51 ms
Average jitter: 2336.04 ms
G_L: 0.4267

Nodes disconnected: 0 3 4 5 6 8 9 10 12 16 17 21 23 26 28 29 30 32 33 34 35 38 39 40 41 44 46 48 49 50 52 53 58 60 62 65 66 68 69 70 72 75 76 79 83 86 88 90 91 92 95 96 97 98 99 100 102 103 104 108 110 111 112 114 115 117 118 119 122 123 124 125 126 128 132 135 136 137 143 146 147 148 150 155 156 157 159 160 163 165 168 169 170 171 172 175 179 181 182 185 186 187 190 191 192 193 195 196 197 198 201 202 203 204 207 208 209 212 213 214 215 219 220 221 227 229 232 233 234 236 238 239 240 241 245 248 249 256 257 258 259 261 262 263 264 265 267 272 273 275 278 281 286 288 290 292 293 294 296 297 225 106 250 178 276 246 151 153 154 285 94 255 173 
Number of disconnected nodes: 173
Max available bandwidth: 13700 Kbps
Average throughput: 6276.11 Kbps
Throughput to bandwidth ratio: 0.45811
Packet loss percentage: 36.6512%
Average delay: 8145.86 ms
Average jitter: 3065.42 ms
G_L: 0.4233

Nodes disconnected: 0 3 4 5 6 8 9 10 12 16 17 21 23 26 28 29 30 32 33 34 35 38 39 40 41 44 46 48 49 50 52 53 58 60 62 65 66 68 69 70 72 75 76 79 83 86 88 90 91 92 95 96 97 98 99 100 102 103 104 108 110 111 112 114 115 117 118 119 122 123 124 125 126 128 132 135 136 137 143 146 147 148 150 155 156 157 159 160 163 165 168 169 170 171 172 175 179 181 182 185 186 187 190 191 192 193 195 196 197 198 201 202 203 204 207 208 209 212 213 214 215 219 220 221 227 229 232 233 234 236 238 239 240 241 245 248 249 256 257 258 259 261 262 263 264 265 267 272 273 275 278 281 286 288 290 292 293 294 296 297 225 106 250 178 276 246 151 153 154 285 94 255 173 78 
Number of disconnected nodes: 174
Max available bandwidth: 13600 Kbps
Average throughput: 6272.36 Kbps
Throughput to bandwidth ratio: 0.461203
Packet loss percentage: 38.0231%
Average delay: 7654.67 ms
Average jitter: 2559.83 ms
G_L: 0.42

Nodes disconnected: 0 3 4 5 6 8 9 10 12 16 17 21 23 26 28 29 30 32 33 34 35 38 39 40 41 44 46 48 49 50 52 53 58 60 62 65 66 68 69 70 72 75 76 79 83 86 88 90 91 92 95 96 97 98 99 100 102 103 104 108 110 111 112 114 115 117 118 119 122 123 124 125 126 128 132 135 136 137 143 146 147 148 150 155 156 157 159 160 163 165 168 169 170 171 172 175 179 181 182 185 186 187 190 191 192 193 195 196 197 198 201 202 203 204 207 208 209 212 213 214 215 219 220 221 227 229 232 233 234 236 238 239 240 241 245 248 249 256 257 258 259 261 262 263 264 265 267 272 273 275 278 281 286 288 290 292 293 294 296 297 225 106 250 178 276 246 151 153 154 285 94 255 173 78 59 43 
Number of disconnected nodes: 176
Max available bandwidth: 13500 Kbps
Average throughput: 6170.9 Kbps
Throughput to bandwidth ratio: 0.457104
Packet loss percentage: 36.3366%
Average delay: 7930.56 ms
Average jitter: 2950.75 ms
G_L: 0.4133

Nodes disconnected: 0 3 4 5 6 8 9 10 12 16 17 21 23 26 28 29 30 32 33 34 35 38 39 40 41 44 46 48 49 50 52 53 58 60 62 65 66 68 69 70 72 75 76 79 83 86 88 90 91 92 95 96 97 98 99 100 102 103 104 108 110 111 112 114 115 117 118 119 122 123 124 125 126 128 132 135 136 137 143 146 147 148 150 155 156 157 159 160 163 165 168 169 170 171 172 175 179 181 182 185 186 187 190 191 192 193 195 196 197 198 201 202 203 204 207 208 209 212 213 214 215 219 220 221 227 229 232 233 234 236 238 239 240 241 245 248 249 256 257 258 259 261 262 263 264 265 267 272 273 275 278 281 286 288 290 292 293 294 296 297 225 106 250 178 276 246 151 153 154 285 94 255 173 78 59 43 27 
Number of disconnected nodes: 177
Max available bandwidth: 13400 Kbps
Average throughput: 6077.24 Kbps
Throughput to bandwidth ratio: 0.453525
Packet loss percentage: 36.437%
Average delay: 7749.75 ms
Average jitter: 2916.48 ms
G_L: 0.41

Nodes disconnected: 0 3 4 5 6 8 9 10 12 16 17 21 23 26 28 29 30 32 33 34 35 38 39 40 41 44 46 48 49 50 52 53 58 60 62 65 66 68 69 70 72 75 76 79 83 86 88 90 91 92 95 96 97 98 99 100 102 103 104 108 110 111 112 114 115 117 118 119 122 123 124 125 126 128 132 135 136 137 143 146 147 148 150 155 156 157 159 160 163 165 168 169 170 171 172 175 179 181 182 185 186 187 190 191 192 193 195 196 197 198 201 202 203 204 207 208 209 212 213 214 215 219 220 221 227 229 232 233 234 236 238 239 240 241 245 248 249 256 257 258 259 261 262 263 264 265 267 272 273 275 278 281 286 288 290 292 293 294 296 297 225 106 250 178 276 246 151 153 154 285 94 255 173 78 59 43 27 89 
Number of disconnected nodes: 178
Max available bandwidth: 13400 Kbps
Average throughput: 6047.38 Kbps
Throughput to bandwidth ratio: 0.451297
Packet loss percentage: 36.9913%
Average delay: 6881.39 ms
Average jitter: 2387 ms
G_L: 0.4067

Nodes disconnected: 0 3 4 5 6 8 9 10 12 16 17 21 23 26 28 29 30 32 33 34 35 38 39 40 41 44 46 48 49 50 52 53 58 60 62 65 66 68 69 70 72 75 76 79 83 86 88 90 91 92 95 96 97 98 99 100 102 103 104 108 110 111 112 114 115 117 118 119 122 123 124 125 126 128 132 135 136 137 143 146 147 148 150 155 156 157 159 160 163 165 168 169 170 171 172 175 179 181 182 185 186 187 190 191 192 193 195 196 197 198 201 202 203 204 207 208 209 212 213 214 215 219 220 221 227 229 232 233 234 236 238 239 240 241 245 248 249 256 257 258 259 261 262 263 264 265 267 272 273 275 278 281 286 288 290 292 293 294 296 297 225 106 250 178 276 246 151 153 154 285 94 255 173 78 59 43 27 89 1 130 260 11 13 141 144 20 24 289 42 180 54 61 199 200 73 74 77 206 216 224 231 107 116 253 
Number of disconnected nodes: 204
Max available bandwidth: 11000 Kbps
Average throughput: 4708.72 Kbps
Throughput to bandwidth ratio: 0.428066
Packet loss percentage: 40.6652%
Average delay: 7193.65 ms
Average jitter: 2144.85 ms
G_L: 0.32

Nodes disconnected: 0 3 4 5 6 8 9 10 12 16 17 21 23 26 28 29 30 32 33 34 35 38 39 40 41 44 46 48 49 50 52 53 58 60 62 65 66 68 69 70 72 75 76 79 83 86 88 90 91 92 95 96 97 98 99 100 102 103 104 108 110 111 112 114 115 117 118 119 122 123 124 125 126 128 132 135 136 137 143 146 147 148 150 155 156 157 159 160 163 165 168 169 170 171 172 175 179 181 182 185 186 187 190 191 192 193 195 196 197 198 201 202 203 204 207 208 209 212 213 214 215 219 220 221 227 229 232 233 234 236 238 239 240 241 245 248 249 256 257 258 259 261 262 263 264 265 267 272 273 275 278 281 286 288 290 292 293 294 296 297 225 106 250 178 276 246 151 153 154 285 94 255 173 78 59 43 27 89 1 130 260 11 13 141 144 20 24 289 42 180 54 61 199 200 73 74 77 206 216 224 231 107 116 253 131 269 230 
Number of disconnected nodes: 207
Max available bandwidth: 10900 Kbps
Average throughput: 4485.72 Kbps
Throughput to bandwidth ratio: 0.411534
Packet loss percentage: 43.482%
Average delay: 6919.39 ms
Average jitter: 1789.48 ms
G_L: 0.31

Nodes disconnected: 0 3 4 5 6 8 9 10 12 16 17 21 23 26 28 29 30 32 33 34 35 38 39 40 41 44 46 48 49 50 52 53 58 60 62 65 66 68 69 70 72 75 76 79 83 86 88 90 91 92 95 96 97 98 99 100 102 103 104 108 110 111 112 114 115 117 118 119 122 123 124 125 126 128 132 135 136 137 143 146 147 148 150 155 156 157 159 160 163 165 168 169 170 171 172 175 179 181 182 185 186 187 190 191 192 193 195 196 197 198 201 202 203 204 207 208 209 212 213 214 215 219 220 221 227 229 232 233 234 236 238 239 240 241 245 248 249 256 257 258 259 261 262 263 264 265 267 272 273 275 278 281 286 288 290 292 293 294 296 297 225 106 250 178 276 246 151 153 154 285 94 255 173 78 59 43 27 89 1 130 260 11 13 141 144 20 24 289 42 180 54 61 199 200 73 74 77 206 216 224 231 107 116 253 131 269 230 274 189 
Number of disconnected nodes: 209
Max available bandwidth: 10800 Kbps
Average throughput: 4431.24 Kbps
Throughput to bandwidth ratio: 0.4103
Packet loss percentage: 41.7235%
Average delay: 6874.68 ms
Average jitter: 1819.55 ms
G_L: 0.3033

Nodes disconnected: 0 3 4 5 6 8 9 10 12 16 17 21 23 26 28 29 30 32 33 34 35 38 39 40 41 44 46 48 49 50 52 53 58 60 62 65 66 68 69 70 72 75 76 79 83 86 88 90 91 92 95 96 97 98 99 100 102 103 104 108 110 111 112 114 115 117 118 119 122 123 124 125 126 128 132 135 136 137 143 146 147 148 150 155 156 157 159 160 163 165 168 169 170 171 172 175 179 181 182 185 186 187 190 191 192 193 195 196 197 198 201 202 203 204 207 208 209 212 213 214 215 219 220 221 227 229 232 233 234 236 238 239 240 241 245 248 249 256 257 258 259 261 262 263 264 265 267 272 273 275 278 281 286 288 290 292 293 294 296 297 225 106 250 178 276 246 151 153 154 285 94 255 173 78 59 43 27 89 1 130 260 11 13 141 144 20 24 289 42 180 54 61 199 200 73 74 77 206 216 224 231 107 116 253 131 269 230 274 189 174 
Number of disconnected nodes: 210
Max available bandwidth: 10800 Kbps
Average throughput: 4503.08 Kbps
Throughput to bandwidth ratio: 0.416952
Packet loss percentage: 39.538%
Average delay: 7402.81 ms
Average jitter: 1899.7 ms
G_L: 0.3

Nodes disconnected: 0 3 4 5 6 8 9 10 12 16 17 21 23 26 28 29 30 32 33 34 35 38 39 40 41 44 46 48 49 50 52 53 58 60 62 65 66 68 69 70 72 75 76 79 83 86 88 90 91 92 95 96 97 98 99 100 102 103 104 108 110 111 112 114 115 117 118 119 122 123 124 125 126 128 132 135 136 137 143 146 147 148 150 155 156 157 159 160 163 165 168 169 170 171 172 175 179 181 182 185 186 187 190 191 192 193 195 196 197 198 201 202 203 204 207 208 209 212 213 214 215 219 220 221 227 229 232 233 234 236 238 239 240 241 245 248 249 256 257 258 259 261 262 263 264 265 267 272 273 275 278 281 286 288 290 292 293 294 296 297 225 106 250 178 276 246 151 153 154 285 94 255 173 78 59 43 27 89 1 130 260 11 13 141 144 20 24 289 42 180 54 61 199 200 73 74 77 206 216 224 231 107 116 253 131 269 230 274 189 174 228 
Number of disconnected nodes: 211
Max available bandwidth: 10800 Kbps
Average throughput: 4482.06 Kbps
Throughput to bandwidth ratio: 0.415005
Packet loss percentage: 39.4023%
Average delay: 6861.4 ms
Average jitter: 2051.44 ms
G_L: 0.2967

Nodes disconnected: 0 3 4 5 6 8 9 10 12 16 17 21 23 26 28 29 30 32 33 34 35 38 39 40 41 44 46 48 49 50 52 53 58 60 62 65 66 68 69 70 72 75 76 79 83 86 88 90 91 92 95 96 97 98 99 100 102 103 104 108 110 111 112 114 115 117 118 119 122 123 124 125 126 128 132 135 136 137 143 146 147 148 150 155 156 157 159 160 163 165 168 169 170 171 172 175 179 181 182 185 186 187 190 191 192 193 195 196 197 198 201 202 203 204 207 208 209 212 213 214 215 219 220 221 227 229 232 233 234 236 238 239 240 241 245 248 249 256 257 258 259 261 262 263 264 265 267 272 273 275 278 281 286 288 290 292 293 294 296 297 225 106 250 178 276 246 151 153 154 285 94 255 173 78 59 43 27 89 1 130 260 11 13 141 144 20 24 289 42 180 54 61 199 200 73 74 77 206 216 224 231 107 116 253 131 269 230 274 189 174 228 177 205 222 270 
Number of disconnected nodes: 215
Max available bandwidth: 10800 Kbps
Average throughput: 4187.4 Kbps
Throughput to bandwidth ratio: 0.387722
Packet loss percentage: 44.5368%
Average delay: 5475.8 ms
Average jitter: 1188.08 ms
G_L: 0.2833

Nodes disconnected: 0 3 4 5 6 8 9 10 12 16 17 21 23 26 28 29 30 32 33 34 35 38 39 40 41 44 46 48 49 50 52 53 58 60 62 65 66 68 69 70 72 75 76 79 83 86 88 90 91 92 95 96 97 98 99 100 102 103 104 108 110 111 112 114 115 117 118 119 122 123 124 125 126 128 132 135 136 137 143 146 147 148 150 155 156 157 159 160 163 165 168 169 170 171 172 175 179 181 182 185 186 187 190 191 192 193 195 196 197 198 201 202 203 204 207 208 209 212 213 214 215 219 220 221 227 229 232 233 234 236 238 239 240 241 245 248 249 256 257 258 259 261 262 263 264 265 267 272 273 275 278 281 286 288 290 292 293 294 296 297 225 106 250 178 276 246 151 153 154 285 94 255 173 78 59 43 27 89 1 130 260 11 13 141 144 20 24 289 42 180 54 61 199 200 73 74 77 206 216 224 231 107 116 253 131 269 230 274 189 174 228 177 205 222 270 210 
Number of disconnected nodes: 216
Max available bandwidth: 10800 Kbps
Average throughput: 4130.85 Kbps
Throughput to bandwidth ratio: 0.382486
Packet loss percentage: 42.0748%
Average delay: 5802.48 ms
Average jitter: 1497.11 ms
G_L: 0.28

Nodes disconnected: 0 3 4 5 6 8 9 10 12 16 17 21 23 26 28 29 30 32 33 34 35 38 39 40 41 44 46 48 49 50 52 53 58 60 62 65 66 68 69 70 72 75 76 79 83 86 88 90 91 92 95 96 97 98 99 100 102 103 104 108 110 111 112 114 115 117 118 119 122 123 124 125 126 128 132 135 136 137 143 146 147 148 150 155 156 157 159 160 163 165 168 169 170 171 172 175 179 181 182 185 186 187 190 191 192 193 195 196 197 198 201 202 203 204 207 208 209 212 213 214 215 219 220 221 227 229 232 233 234 236 238 239 240 241 245 248 249 256 257 258 259 261 262 263 264 265 267 272 273 275 278 281 286 288 290 292 293 294 296 297 225 106 250 178 276 246 151 153 154 285 94 255 173 78 59 43 27 89 1 130 260 11 13 141 144 20 24 289 42 180 54 61 199 200 73 74 77 206 216 224 231 107 116 253 131 269 230 274 189 174 228 177 205 222 270 210 211 
Number of disconnected nodes: 217
Max available bandwidth: 10800 Kbps
Average throughput: 4105.8 Kbps
Throughput to bandwidth ratio: 0.380167
Packet loss percentage: 41.9814%
Average delay: 6898.77 ms
Average jitter: 1732.29 ms
G_L: 0.2767

Nodes disconnected: 0 3 4 5 6 8 9 10 12 16 17 21 23 26 28 29 30 32 33 34 35 38 39 40 41 44 46 48 49 50 52 53 58 60 62 65 66 68 69 70 72 75 76 79 83 86 88 90 91 92 95 96 97 98 99 100 102 103 104 108 110 111 112 114 115 117 118 119 122 123 124 125 126 128 132 135 136 137 143 146 147 148 150 155 156 157 159 160 163 165 168 169 170 171 172 175 179 181 182 185 186 187 190 191 192 193 195 196 197 198 201 202 203 204 207 208 209 212 213 214 215 219 220 221 227 229 232 233 234 236 238 239 240 241 245 248 249 256 257 258 259 261 262 263 264 265 267 272 273 275 278 281 286 288 290 292 293 294 296 297 225 106 250 178 276 246 151 153 154 285 94 255 173 78 59 43 27 89 1 130 260 11 13 141 144 20 24 289 42 180 54 61 199 200 73 74 77 206 216 224 231 107 116 253 131 269 230 274 189 174 228 177 205 222 270 210 211 242 
Number of disconnected nodes: 218
Max available bandwidth: 10700 Kbps
Average throughput: 4083.1 Kbps
Throughput to bandwidth ratio: 0.381598
Packet loss percentage: 41.0724%
Average delay: 6749.74 ms
Average jitter: 1821.29 ms
G_L: 0.2733

Nodes disconnected: 0 3 4 5 6 8 9 10 12 16 17 21 23 26 28 29 30 32 33 34 35 38 39 40 41 44 46 48 49 50 52 53 58 60 62 65 66 68 69 70 72 75 76 79 83 86 88 90 91 92 95 96 97 98 99 100 102 103 104 108 110 111 112 114 115 117 118 119 122 123 124 125 126 128 132 135 136 137 143 146 147 148 150 155 156 157 159 160 163 165 168 169 170 171 172 175 179 181 182 185 186 187 190 191 192 193 195 196 197 198 201 202 203 204 207 208 209 212 213 214 215 219 220 221 227 229 232 233 234 236 238 239 240 241 245 248 249 256 257 258 259 261 262 263 264 265 267 272 273 275 278 281 286 288 290 292 293 294 296 297 225 106 250 178 276 246 151 153 154 285 94 255 173 78 59 43 27 89 1 130 260 11 13 141 144 20 24 289 42 180 54 61 199 200 73 74 77 206 216 224 231 107 116 253 131 269 230 274 189 174 228 177 205 222 270 210 211 242 268 
Number of disconnected nodes: 219
Max available bandwidth: 10700 Kbps
Average throughput: 3866.07 Kbps
Throughput to bandwidth ratio: 0.361315
Packet loss percentage: 43.233%
Average delay: 5422.83 ms
Average jitter: 1537.98 ms
G_L: 0.27

Nodes disconnected: 0 3 4 5 6 8 9 10 12 16 17 21 23 26 28 29 30 32 33 34 35 38 39 40 41 44 46 48 49 50 52 53 58 60 62 65 66 68 69 70 72 75 76 79 83 86 88 90 91 92 95 96 97 98 99 100 102 103 104 108 110 111 112 114 115 117 118 119 122 123 124 125 126 128 132 135 136 137 143 146 147 148 150 155 156 157 159 160 163 165 168 169 170 171 172 175 179 181 182 185 186 187 190 191 192 193 195 196 197 198 201 202 203 204 207 208 209 212 213 214 215 219 220 221 227 229 232 233 234 236 238 239 240 241 245 248 249 256 257 258 259 261 262 263 264 265 267 272 273 275 278 281 286 288 290 292 293 294 296 297 225 106 250 178 276 246 151 153 154 285 94 255 173 78 59 43 27 89 1 130 260 11 13 141 144 20 24 289 42 180 54 61 199 200 73 74 77 206 216 224 231 107 116 253 131 269 230 274 189 174 228 177 205 222 270 210 211 242 268 82 282 63 
Number of disconnected nodes: 222
Max available bandwidth: 10400 Kbps
Average throughput: 3867.29 Kbps
Throughput to bandwidth ratio: 0.371854
Packet loss percentage: 43.889%
Average delay: 5549.64 ms
Average jitter: 1302.78 ms
G_L: 0.26

Nodes disconnected: 0 3 4 5 6 8 9 10 12 16 17 21 23 26 28 29 30 32 33 34 35 38 39 40 41 44 46 48 49 50 52 53 58 60 62 65 66 68 69 70 72 75 76 79 83 86 88 90 91 92 95 96 97 98 99 100 102 103 104 108 110 111 112 114 115 117 118 119 122 123 124 125 126 128 132 135 136 137 143 146 147 148 150 155 156 157 159 160 163 165 168 169 170 171 172 175 179 181 182 185 186 187 190 191 192 193 195 196 197 198 201 202 203 204 207 208 209 212 213 214 215 219 220 221 227 229 232 233 234 236 238 239 240 241 245 248 249 256 257 258 259 261 262 263 264 265 267 272 273 275 278 281 286 288 290 292 293 294 296 297 225 106 250 178 276 246 151 153 154 285 94 255 173 78 59 43 27 89 1 130 260 11 13 141 144 20 24 289 42 180 54 61 199 200 73 74 77 206 216 224 231 107 116 253 131 269 230 274 189 174 228 177 205 222 270 210 211 242 268 82 282 63 295 
Number of disconnected nodes: 223
Max available bandwidth: 10400 Kbps
Average throughput: 3823.79 Kbps
Throughput to bandwidth ratio: 0.367672
Packet loss percentage: 40.2768%
Average delay: 5489.61 ms
Average jitter: 1778.38 ms
G_L: 0.2567

Nodes disconnected: 0 3 4 5 6 8 9 10 12 16 17 21 23 26 28 29 30 32 33 34 35 38 39 40 41 44 46 48 49 50 52 53 58 60 62 65 66 68 69 70 72 75 76 79 83 86 88 90 91 92 95 96 97 98 99 100 102 103 104 108 110 111 112 114 115 117 118 119 122 123 124 125 126 128 132 135 136 137 143 146 147 148 150 155 156 157 159 160 163 165 168 169 170 171 172 175 179 181 182 185 186 187 190 191 192 193 195 196 197 198 201 202 203 204 207 208 209 212 213 214 215 219 220 221 227 229 232 233 234 236 238 239 240 241 245 248 249 256 257 258 259 261 262 263 264 265 267 272 273 275 278 281 286 288 290 292 293 294 296 297 225 106 250 178 276 246 151 153 154 285 94 255 173 78 59 43 27 89 1 130 260 11 13 141 144 20 24 289 42 180 54 61 199 200 73 74 77 206 216 224 231 107 116 253 131 269 230 274 189 174 228 177 205 222 270 210 211 242 268 82 282 63 295 37 
Number of disconnected nodes: 224
Max available bandwidth: 10300 Kbps
Average throughput: 3836.93 Kbps
Throughput to bandwidth ratio: 0.372517
Packet loss percentage: 41.4047%
Average delay: 5936.33 ms
Average jitter: 1524.41 ms
G_L: 0.2533

Nodes disconnected: 0 3 4 5 6 8 9 10 12 16 17 21 23 26 28 29 30 32 33 34 35 38 39 40 41 44 46 48 49 50 52 53 58 60 62 65 66 68 69 70 72 75 76 79 83 86 88 90 91 92 95 96 97 98 99 100 102 103 104 108 110 111 112 114 115 117 118 119 122 123 124 125 126 128 132 135 136 137 143 146 147 148 150 155 156 157 159 160 163 165 168 169 170 171 172 175 179 181 182 185 186 187 190 191 192 193 195 196 197 198 201 202 203 204 207 208 209 212 213 214 215 219 220 221 227 229 232 233 234 236 238 239 240 241 245 248 249 256 257 258 259 261 262 263 264 265 267 272 273 275 278 281 286 288 290 292 293 294 296 297 225 106 250 178 276 246 151 153 154 285 94 255 173 78 59 43 27 89 1 130 260 11 13 141 144 20 24 289 42 180 54 61 199 200 73 74 77 206 216 224 231 107 116 253 131 269 230 274 189 174 228 177 205 222 270 210 211 242 268 82 282 63 295 37 129 36 299 140 81 18 252 22 56 188 93 254 287 
Number of disconnected nodes: 237
Max available bandwidth: 8600 Kbps
Average throughput: 3341.83 Kbps
Throughput to bandwidth ratio: 0.388585
Packet loss percentage: 41.8973%
Average delay: 4236.11 ms
Average jitter: 1160.86 ms
G_L: 0.21

Nodes disconnected: 0 3 4 5 6 8 9 10 12 16 17 21 23 26 28 29 30 32 33 34 35 38 39 40 41 44 46 48 49 50 52 53 58 60 62 65 66 68 69 70 72 75 76 79 83 86 88 90 91 92 95 96 97 98 99 100 102 103 104 108 110 111 112 114 115 117 118 119 122 123 124 125 126 128 132 135 136 137 143 146 147 148 150 155 156 157 159 160 163 165 168 169 170 171 172 175 179 181 182 185 186 187 190 191 192 193 195 196 197 198 201 202 203 204 207 208 209 212 213 214 215 219 220 221 227 229 232 233 234 236 238 239 240 241 245 248 249 256 257 258 259 261 262 263 264 265 267 272 273 275 278 281 286 288 290 292 293 294 296 297 225 106 250 178 276 246 151 153 154 285 94 255 173 78 59 43 27 89 1 130 260 11 13 141 144 20 24 289 42 180 54 61 199 200 73 74 77 206 216 224 231 107 116 253 131 269 230 274 189 174 228 177 205 222 270 210 211 242 268 82 282 63 295 37 129 36 299 140 81 18 252 22 56 188 93 254 287 167 
Number of disconnected nodes: 238
Max available bandwidth: 8500 Kbps
Average throughput: 3374.74 Kbps
Throughput to bandwidth ratio: 0.397028
Packet loss percentage: 39.7818%
Average delay: 4916.21 ms
Average jitter: 1226.23 ms
G_L: 0.2067

Nodes disconnected: 0 3 4 5 6 8 9 10 12 16 17 21 23 26 28 29 30 32 33 34 35 38 39 40 41 44 46 48 49 50 52 53 58 60 62 65 66 68 69 70 72 75 76 79 83 86 88 90 91 92 95 96 97 98 99 100 102 103 104 108 110 111 112 114 115 117 118 119 122 123 124 125 126 128 132 135 136 137 143 146 147 148 150 155 156 157 159 160 163 165 168 169 170 171 172 175 179 181 182 185 186 187 190 191 192 193 195 196 197 198 201 202 203 204 207 208 209 212 213 214 215 219 220 221 227 229 232 233 234 236 238 239 240 241 245 248 249 256 257 258 259 261 262 263 264 265 267 272 273 275 278 281 286 288 290 292 293 294 296 297 225 106 250 178 276 246 151 153 154 285 94 255 173 78 59 43 27 89 1 130 260 11 13 141 144 20 24 289 42 180 54 61 199 200 73 74 77 206 216 224 231 107 116 253 131 269 230 274 189 174 228 177 205 222 270 210 211 242 268 82 282 63 295 37 129 36 299 140 81 18 252 22 56 188 93 254 287 167 280 101 139 85 
Number of disconnected nodes: 242
Max available bandwidth: 8000 Kbps
Average throughput: 3177.84 Kbps
Throughput to bandwidth ratio: 0.39723
Packet loss percentage: 39.9961%
Average delay: 4717.82 ms
Average jitter: 1469.53 ms
G_L: 0.1933

Nodes disconnected: 0 3 4 5 6 8 9 10 12 16 17 21 23 26 28 29 30 32 33 34 35 38 39 40 41 44 46 48 49 50 52 53 58 60 62 65 66 68 69 70 72 75 76 79 83 86 88 90 91 92 95 96 97 98 99 100 102 103 104 108 110 111 112 114 115 117 118 119 122 123 124 125 126 128 132 135 136 137 143 146 147 148 150 155 156 157 159 160 163 165 168 169 170 171 172 175 179 181 182 185 186 187 190 191 192 193 195 196 197 198 201 202 203 204 207 208 209 212 213 214 215 219 220 221 227 229 232 233 234 236 238 239 240 241 245 248 249 256 257 258 259 261 262 263 264 265 267 272 273 275 278 281 286 288 290 292 293 294 296 297 225 106 250 178 276 246 151 153 154 285 94 255 173 78 59 43 27 89 1 130 260 11 13 141 144 20 24 289 42 180 54 61 199 200 73 74 77 206 216 224 231 107 116 253 131 269 230 274 189 174 228 177 205 222 270 210 211 242 268 82 282 63 295 37 129 36 299 140 81 18 252 22 56 188 93 254 287 167 280 101 139 85 7 266 80 279 120 121 218 283 31 
Number of disconnected nodes: 251
Max available bandwidth: 7000 Kbps
Average throughput: 2729.43 Kbps
Throughput to bandwidth ratio: 0.389919
Packet loss percentage: 38.4645%
Average delay: 4291.41 ms
Average jitter: 1019.47 ms
G_L: 0.1633

Nodes disconnected: 0 3 4 5 6 8 9 10 12 16 17 21 23 26 28 29 30 32 33 34 35 38 39 40 41 44 46 48 49 50 52 53 58 60 62 65 66 68 69 70 72 75 76 79 83 86 88 90 91 92 95 96 97 98 99 100 102 103 104 108 110 111 112 114 115 117 118 119 122 123 124 125 126 128 132 135 136 137 143 146 147 148 150 155 156 157 159 160 163 165 168 169 170 171 172 175 179 181 182 185 186 187 190 191 192 193 195 196 197 198 201 202 203 204 207 208 209 212 213 214 215 219 220 221 227 229 232 233 234 236 238 239 240 241 245 248 249 256 257 258 259 261 262 263 264 265 267 272 273 275 278 281 286 288 290 292 293 294 296 297 225 106 250 178 276 246 151 153 154 285 94 255 173 78 59 43 27 89 1 130 260 11 13 141 144 20 24 289 42 180 54 61 199 200 73 74 77 206 216 224 231 107 116 253 131 269 230 274 189 174 228 177 205 222 270 210 211 242 268 82 282 63 295 37 129 36 299 140 81 18 252 22 56 188 93 254 287 167 280 101 139 85 7 266 80 279 120 121 218 283 31 149 
Number of disconnected nodes: 252
Max available bandwidth: 7000 Kbps
Average throughput: 2697.18 Kbps
Throughput to bandwidth ratio: 0.385311
Packet loss percentage: 36.7491%
Average delay: 4679.27 ms
Average jitter: 957.697 ms
G_L: 0.16

Nodes disconnected: 0 3 4 5 6 8 9 10 12 16 17 21 23 26 28 29 30 32 33 34 35 38 39 40 41 44 46 48 49 50 52 53 58 60 62 65 66 68 69 70 72 75 76 79 83 86 88 90 91 92 95 96 97 98 99 100 102 103 104 108 110 111 112 114 115 117 118 119 122 123 124 125 126 128 132 135 136 137 143 146 147 148 150 155 156 157 159 160 163 165 168 169 170 171 172 175 179 181 182 185 186 187 190 191 192 193 195 196 197 198 201 202 203 204 207 208 209 212 213 214 215 219 220 221 227 229 232 233 234 236 238 239 240 241 245 248 249 256 257 258 259 261 262 263 264 265 267 272 273 275 278 281 286 288 290 292 293 294 296 297 225 106 250 178 276 246 151 153 154 285 94 255 173 78 59 43 27 89 1 130 260 11 13 141 144 20 24 289 42 180 54 61 199 200 73 74 77 206 216 224 231 107 116 253 131 269 230 274 189 174 228 177 205 222 270 210 211 242 268 82 282 63 295 37 129 36 299 140 81 18 252 22 56 188 93 254 287 167 280 101 139 85 7 266 80 279 120 121 218 283 31 149 2 133 134 138 14 15 142 145 271 277 152 25 284 158 161 162 291 164 166 298 45 47 176 51 55 183 57 184 64 194 67 71 84 217 223 226 105 235 109 237 113 243 244 247 251 127 
Number of disconnected nodes: 298
Max available bandwidth: 200 Kbps
Average throughput: 46.3254 Kbps
Throughput to bandwidth ratio: 0.231627
Packet loss percentage: 64.702%
Average delay: 141.067 ms
Average jitter: 272.343 ms
G_L: 0.0067

Nodes disconnected: 0 3 4 5 6 8 9 10 12 16 17 21 23 26 28 29 30 32 33 34 35 38 39 40 41 44 46 48 49 50 52 53 58 60 62 65 66 68 69 70 72 75 76 79 83 86 88 90 91 92 95 96 97 98 99 100 102 103 104 108 110 111 112 114 115 117 118 119 122 123 124 125 126 128 132 135 136 137 143 146 147 148 150 155 156 157 159 160 163 165 168 169 170 171 172 175 179 181 182 185 186 187 190 191 192 193 195 196 197 198 201 202 203 204 207 208 209 212 213 214 215 219 220 221 227 229 232 233 234 236 238 239 240 241 245 248 249 256 257 258 259 261 262 263 264 265 267 272 273 275 278 281 286 288 290 292 293 294 296 297 225 106 250 178 276 246 151 153 154 285 94 255 173 78 59 43 27 89 1 130 260 11 13 141 144 20 24 289 42 180 54 61 199 200 73 74 77 206 216 224 231 107 116 253 131 269 230 274 189 174 228 177 205 222 270 210 211 242 268 82 282 63 295 37 129 36 299 140 81 18 252 22 56 188 93 254 287 167 280 101 139 85 7 266 80 279 120 121 218 283 31 149 2 133 134 138 14 15 142 145 271 277 152 25 284 158 161 162 291 164 166 298 45 47 176 51 55 183 57 184 64 194 67 71 84 217 223 226 105 235 109 237 113 243 244 247 251 127 19 87 
Number of disconnected nodes: 300
Max available bandwidth: 0 Kbps
Average throughput: 0 Kbps
Throughput to bandwidth ratio: -nan
Packet loss percentage: -nan%
Average delay: -nan ms
Average jitter: -nan ms
G_L: 0

