Nodes disconnected: 
Number of disconnected nodes: 0
Max available bandwidth: 33400 Kbps
Average throughput: 25289.2 Kbps
Throughput to bandwidth ratio: 0.757162
Packet loss percentage: 5.68588%
Average delay: 2125.04 ms
Average jitter: 597.51 ms
G_L: 1

Nodes disconnected: 133 
Number of disconnected nodes: 1
Max available bandwidth: 33200 Kbps
Average throughput: 25215.4 Kbps
Throughput to bandwidth ratio: 0.759501
Packet loss percentage: 5.76619%
Average delay: 2175.95 ms
Average jitter: 599.756 ms
G_L: 0.9967

Nodes disconnected: 133 235 
Number of disconnected nodes: 2
Max available bandwidth: 33100 Kbps
Average throughput: 25142.5 Kbps
Throughput to bandwidth ratio: 0.759593
Packet loss percentage: 5.85794%
Average delay: 2136.84 ms
Average jitter: 596.991 ms
G_L: 0.9933

Nodes disconnected: 133 235 0 3 4 5 6 8 9 10 12 16 17 21 23 26 28 29 30 32 33 34 35 38 39 40 41 44 46 48 49 50 52 53 58 60 62 65 66 68 69 70 72 75 76 79 83 86 88 90 91 92 95 96 97 98 99 100 102 103 104 108 110 111 112 114 115 117 118 119 122 123 124 125 126 128 132 135 136 137 143 146 147 148 150 155 156 157 159 160 163 165 168 169 170 171 172 175 179 181 182 185 186 187 190 191 192 193 194 195 196 197 198 201 202 203 204 207 208 209 212 213 214 215 219 220 221 227 229 232 233 234 236 238 239 240 241 245 248 249 256 257 258 259 261 262 263 264 265 267 272 273 275 278 281 284 286 288 290 291 292 293 294 296 297 
Number of disconnected nodes: 165
Max available bandwidth: 14500 Kbps
Average throughput: 8788.81 Kbps
Throughput to bandwidth ratio: 0.606125
Packet loss percentage: 36.8681%
Average delay: 2868.28 ms
Average jitter: 641.605 ms
G_L: 0.45

Nodes disconnected: 133 235 0 3 4 5 6 8 9 10 12 16 17 21 23 26 28 29 30 32 33 34 35 38 39 40 41 44 46 48 49 50 52 53 58 60 62 65 66 68 69 70 72 75 76 79 83 86 88 90 91 92 95 96 97 98 99 100 102 103 104 108 110 111 112 114 115 117 118 119 122 123 124 125 126 128 132 135 136 137 143 146 147 148 150 155 156 157 159 160 163 165 168 169 170 171 172 175 179 181 182 185 186 187 190 191 192 193 194 195 196 197 198 201 202 203 204 207 208 209 212 213 214 215 219 220 221 227 229 232 233 234 236 238 239 240 241 245 248 249 256 257 258 259 261 262 263 264 265 267 272 273 275 278 281 284 286 288 290 291 292 293 294 296 297 154 174 
Number of disconnected nodes: 167
Max available bandwidth: 14400 Kbps
Average throughput: 8579.78 Kbps
Throughput to bandwidth ratio: 0.595818
Packet loss percentage: 37.1981%
Average delay: 3047.57 ms
Average jitter: 663.969 ms
G_L: 0.4433

Nodes disconnected: 133 235 0 3 4 5 6 8 9 10 12 16 17 21 23 26 28 29 30 32 33 34 35 38 39 40 41 44 46 48 49 50 52 53 58 60 62 65 66 68 69 70 72 75 76 79 83 86 88 90 91 92 95 96 97 98 99 100 102 103 104 108 110 111 112 114 115 117 118 119 122 123 124 125 126 128 132 135 136 137 143 146 147 148 150 155 156 157 159 160 163 165 168 169 170 171 172 175 179 181 182 185 186 187 190 191 192 193 194 195 196 197 198 201 202 203 204 207 208 209 212 213 214 215 219 220 221 227 229 232 233 234 236 238 239 240 241 245 248 249 256 257 258 259 261 262 263 264 265 267 272 273 275 278 281 284 286 288 290 291 292 293 294 296 297 154 174 224 1 130 231 200 74 141 206 178 20 54 24 253 
Number of disconnected nodes: 180
Max available bandwidth: 13400 Kbps
Average throughput: 7446.18 Kbps
Throughput to bandwidth ratio: 0.555685
Packet loss percentage: 41.2412%
Average delay: 2644.44 ms
Average jitter: 594.173 ms
G_L: 0.4

Nodes disconnected: 133 235 0 3 4 5 6 8 9 10 12 16 17 21 23 26 28 29 30 32 33 34 35 38 39 40 41 44 46 48 49 50 52 53 58 60 62 65 66 68 69 70 72 75 76 79 83 86 88 90 91 92 95 96 97 98 99 100 102 103 104 108 110 111 112 114 115 117 118 119 122 123 124 125 126 128 132 135 136 137 143 146 147 148 150 155 156 157 159 160 163 165 168 169 170 171 172 175 179 181 182 185 186 187 190 191 192 193 194 195 196 197 198 201 202 203 204 207 208 209 212 213 214 215 219 220 221 227 229 232 233 234 236 238 239 240 241 245 248 249 256 257 258 259 261 262 263 264 265 267 272 273 275 278 281 284 286 288 290 291 292 293 294 296 297 154 174 224 1 130 231 200 74 141 206 178 20 54 24 253 109 
Number of disconnected nodes: 181
Max available bandwidth: 13300 Kbps
Average throughput: 7396.73 Kbps
Throughput to bandwidth ratio: 0.556145
Packet loss percentage: 41.193%
Average delay: 2731.32 ms
Average jitter: 603.907 ms
G_L: 0.3967

Nodes disconnected: 133 235 0 3 4 5 6 8 9 10 12 16 17 21 23 26 28 29 30 32 33 34 35 38 39 40 41 44 46 48 49 50 52 53 58 60 62 65 66 68 69 70 72 75 76 79 83 86 88 90 91 92 95 96 97 98 99 100 102 103 104 108 110 111 112 114 115 117 118 119 122 123 124 125 126 128 132 135 136 137 143 146 147 148 150 155 156 157 159 160 163 165 168 169 170 171 172 175 179 181 182 185 186 187 190 191 192 193 194 195 196 197 198 201 202 203 204 207 208 209 212 213 214 215 219 220 221 227 229 232 233 234 236 238 239 240 241 245 248 249 256 257 258 259 261 262 263 264 265 267 272 273 275 278 281 284 286 288 290 291 292 293 294 296 297 154 174 224 1 130 231 200 74 141 206 178 20 54 24 253 109 199 73 42 43 107 13 77 144 116 180 59 61 
Number of disconnected nodes: 193
Max available bandwidth: 12100 Kbps
Average throughput: 6543.89 Kbps
Throughput to bandwidth ratio: 0.540817
Packet loss percentage: 42.6621%
Average delay: 2460.99 ms
Average jitter: 544.831 ms
G_L: 0.3567

Nodes disconnected: 133 235 0 3 4 5 6 8 9 10 12 16 17 21 23 26 28 29 30 32 33 34 35 38 39 40 41 44 46 48 49 50 52 53 58 60 62 65 66 68 69 70 72 75 76 79 83 86 88 90 91 92 95 96 97 98 99 100 102 103 104 108 110 111 112 114 115 117 118 119 122 123 124 125 126 128 132 135 136 137 143 146 147 148 150 155 156 157 159 160 163 165 168 169 170 171 172 175 179 181 182 185 186 187 190 191 192 193 194 195 196 197 198 201 202 203 204 207 208 209 212 213 214 215 219 220 221 227 229 232 233 234 236 238 239 240 241 245 248 249 256 257 258 259 261 262 263 264 265 267 272 273 275 278 281 284 286 288 290 291 292 293 294 296 297 154 174 224 1 130 231 200 74 141 206 178 20 54 24 253 109 199 73 42 43 107 13 77 144 116 180 59 61 94 
Number of disconnected nodes: 194
Max available bandwidth: 12000 Kbps
Average throughput: 6520.72 Kbps
Throughput to bandwidth ratio: 0.543393
Packet loss percentage: 42.7704%
Average delay: 2531.22 ms
Average jitter: 541.471 ms
G_L: 0.3533

Nodes disconnected: 133 235 0 3 4 5 6 8 9 10 12 16 17 21 23 26 28 29 30 32 33 34 35 38 39 40 41 44 46 48 49 50 52 53 58 60 62 65 66 68 69 70 72 75 76 79 83 86 88 90 91 92 95 96 97 98 99 100 102 103 104 108 110 111 112 114 115 117 118 119 122 123 124 125 126 128 132 135 136 137 143 146 147 148 150 155 156 157 159 160 163 165 168 169 170 171 172 175 179 181 182 185 186 187 190 191 192 193 194 195 196 197 198 201 202 203 204 207 208 209 212 213 214 215 219 220 221 227 229 232 233 234 236 238 239 240 241 245 248 249 256 257 258 259 261 262 263 264 265 267 272 273 275 278 281 284 286 288 290 291 292 293 294 296 297 154 174 224 1 130 231 200 74 141 206 178 20 54 24 253 109 199 73 42 43 107 13 77 144 116 180 59 61 94 138 298 
Number of disconnected nodes: 196
Max available bandwidth: 11900 Kbps
Average throughput: 6418.66 Kbps
Throughput to bandwidth ratio: 0.539383
Packet loss percentage: 42.5475%
Average delay: 2545.13 ms
Average jitter: 524.13 ms
G_L: 0.3467

Nodes disconnected: 133 235 0 3 4 5 6 8 9 10 12 16 17 21 23 26 28 29 30 32 33 34 35 38 39 40 41 44 46 48 49 50 52 53 58 60 62 65 66 68 69 70 72 75 76 79 83 86 88 90 91 92 95 96 97 98 99 100 102 103 104 108 110 111 112 114 115 117 118 119 122 123 124 125 126 128 132 135 136 137 143 146 147 148 150 155 156 157 159 160 163 165 168 169 170 171 172 175 179 181 182 185 186 187 190 191 192 193 194 195 196 197 198 201 202 203 204 207 208 209 212 213 214 215 219 220 221 227 229 232 233 234 236 238 239 240 241 245 248 249 256 257 258 259 261 262 263 264 265 267 272 273 275 278 281 284 286 288 290 291 292 293 294 296 297 154 174 224 1 130 231 200 74 141 206 178 20 54 24 253 109 199 73 42 43 107 13 77 144 116 180 59 61 94 138 298 216 
Number of disconnected nodes: 197
Max available bandwidth: 11800 Kbps
Average throughput: 6339.01 Kbps
Throughput to bandwidth ratio: 0.537205
Packet loss percentage: 42.9431%
Average delay: 2570.74 ms
Average jitter: 552.524 ms
G_L: 0.3433

Nodes disconnected: 133 235 0 3 4 5 6 8 9 10 12 16 17 21 23 26 28 29 30 32 33 34 35 38 39 40 41 44 46 48 49 50 52 53 58 60 62 65 66 68 69 70 72 75 76 79 83 86 88 90 91 92 95 96 97 98 99 100 102 103 104 108 110 111 112 114 115 117 118 119 122 123 124 125 126 128 132 135 136 137 143 146 147 148 150 155 156 157 159 160 163 165 168 169 170 171 172 175 179 181 182 185 186 187 190 191 192 193 194 195 196 197 198 201 202 203 204 207 208 209 212 213 214 215 219 220 221 227 229 232 233 234 236 238 239 240 241 245 248 249 256 257 258 259 261 262 263 264 265 267 272 273 275 278 281 284 286 288 290 291 292 293 294 296 297 154 174 224 1 130 231 200 74 141 206 178 20 54 24 253 109 199 73 42 43 107 13 77 144 116 180 59 61 94 138 298 216 89 279 
Number of disconnected nodes: 199
Max available bandwidth: 11800 Kbps
Average throughput: 6136.53 Kbps
Throughput to bandwidth ratio: 0.520045
Packet loss percentage: 43.638%
Average delay: 2605.53 ms
Average jitter: 557.543 ms
G_L: 0.3367

Nodes disconnected: 133 235 0 3 4 5 6 8 9 10 12 16 17 21 23 26 28 29 30 32 33 34 35 38 39 40 41 44 46 48 49 50 52 53 58 60 62 65 66 68 69 70 72 75 76 79 83 86 88 90 91 92 95 96 97 98 99 100 102 103 104 108 110 111 112 114 115 117 118 119 122 123 124 125 126 128 132 135 136 137 143 146 147 148 150 155 156 157 159 160 163 165 168 169 170 171 172 175 179 181 182 185 186 187 190 191 192 193 194 195 196 197 198 201 202 203 204 207 208 209 212 213 214 215 219 220 221 227 229 232 233 234 236 238 239 240 241 245 248 249 256 257 258 259 261 262 263 264 265 267 272 273 275 278 281 284 286 288 290 291 292 293 294 296 297 154 174 224 1 130 231 200 74 141 206 178 20 54 24 253 109 199 73 42 43 107 13 77 144 116 180 59 61 94 138 298 216 89 279 161 189 
Number of disconnected nodes: 201
Max available bandwidth: 11600 Kbps
Average throughput: 6021.72 Kbps
Throughput to bandwidth ratio: 0.519114
Packet loss percentage: 43.8015%
Average delay: 2579 ms
Average jitter: 539.052 ms
G_L: 0.33

Nodes disconnected: 133 235 0 3 4 5 6 8 9 10 12 16 17 21 23 26 28 29 30 32 33 34 35 38 39 40 41 44 46 48 49 50 52 53 58 60 62 65 66 68 69 70 72 75 76 79 83 86 88 90 91 92 95 96 97 98 99 100 102 103 104 108 110 111 112 114 115 117 118 119 122 123 124 125 126 128 132 135 136 137 143 146 147 148 150 155 156 157 159 160 163 165 168 169 170 171 172 175 179 181 182 185 186 187 190 191 192 193 194 195 196 197 198 201 202 203 204 207 208 209 212 213 214 215 219 220 221 227 229 232 233 234 236 238 239 240 241 245 248 249 256 257 258 259 261 262 263 264 265 267 272 273 275 278 281 284 286 288 290 291 292 293 294 296 297 154 174 224 1 130 231 200 74 141 206 178 20 54 24 253 109 199 73 42 43 107 13 77 144 116 180 59 61 94 138 298 216 89 279 161 189 101 139 269 78 85 22 280 
Number of disconnected nodes: 208
Max available bandwidth: 10900 Kbps
Average throughput: 5503.8 Kbps
Throughput to bandwidth ratio: 0.504935
Packet loss percentage: 44.2766%
Average delay: 2717.16 ms
Average jitter: 550.219 ms
G_L: 0.3067

Nodes disconnected: 133 235 0 3 4 5 6 8 9 10 12 16 17 21 23 26 28 29 30 32 33 34 35 38 39 40 41 44 46 48 49 50 52 53 58 60 62 65 66 68 69 70 72 75 76 79 83 86 88 90 91 92 95 96 97 98 99 100 102 103 104 108 110 111 112 114 115 117 118 119 122 123 124 125 126 128 132 135 136 137 143 146 147 148 150 155 156 157 159 160 163 165 168 169 170 171 172 175 179 181 182 185 186 187 190 191 192 193 194 195 196 197 198 201 202 203 204 207 208 209 212 213 214 215 219 220 221 227 229 232 233 234 236 238 239 240 241 245 248 249 256 257 258 259 261 262 263 264 265 267 272 273 275 278 281 284 286 288 290 291 292 293 294 296 297 154 174 224 1 130 231 200 74 141 206 178 20 54 24 253 109 199 73 42 43 107 13 77 144 116 180 59 61 94 138 298 216 89 279 161 189 101 139 269 78 85 22 280 129 260 7 266 14 15 142 271 18 19 149 282 283 31 287 289 176 177 55 56 183 184 63 64 80 81 82 211 87 218 222 223 228 105 244 247 120 251 
Number of disconnected nodes: 246
Max available bandwidth: 7100 Kbps
Average throughput: 2998.52 Kbps
Throughput to bandwidth ratio: 0.422326
Packet loss percentage: 50.2487%
Average delay: 1762.26 ms
Average jitter: 481.41 ms
G_L: 0.18

Nodes disconnected: 133 235 0 3 4 5 6 8 9 10 12 16 17 21 23 26 28 29 30 32 33 34 35 38 39 40 41 44 46 48 49 50 52 53 58 60 62 65 66 68 69 70 72 75 76 79 83 86 88 90 91 92 95 96 97 98 99 100 102 103 104 108 110 111 112 114 115 117 118 119 122 123 124 125 126 128 132 135 136 137 143 146 147 148 150 155 156 157 159 160 163 165 168 169 170 171 172 175 179 181 182 185 186 187 190 191 192 193 194 195 196 197 198 201 202 203 204 207 208 209 212 213 214 215 219 220 221 227 229 232 233 234 236 238 239 240 241 245 248 249 256 257 258 259 261 262 263 264 265 267 272 273 275 278 281 284 286 288 290 291 292 293 294 296 297 154 174 224 1 130 231 200 74 141 206 178 20 54 24 253 109 199 73 42 43 107 13 77 144 116 180 59 61 94 138 298 216 89 279 161 189 101 139 269 78 85 22 280 129 260 7 266 14 15 142 271 18 19 149 282 283 31 287 289 176 177 55 56 183 184 63 64 80 81 82 211 87 218 222 223 228 105 244 247 120 251 276 
Number of disconnected nodes: 247
Max available bandwidth: 7000 Kbps
Average throughput: 2930.35 Kbps
Throughput to bandwidth ratio: 0.418622
Packet loss percentage: 50.2855%
Average delay: 2028.91 ms
Average jitter: 478.442 ms
G_L: 0.1767

Nodes disconnected: 133 235 0 3 4 5 6 8 9 10 12 16 17 21 23 26 28 29 30 32 33 34 35 38 39 40 41 44 46 48 49 50 52 53 58 60 62 65 66 68 69 70 72 75 76 79 83 86 88 90 91 92 95 96 97 98 99 100 102 103 104 108 110 111 112 114 115 117 118 119 122 123 124 125 126 128 132 135 136 137 143 146 147 148 150 155 156 157 159 160 163 165 168 169 170 171 172 175 179 181 182 185 186 187 190 191 192 193 194 195 196 197 198 201 202 203 204 207 208 209 212 213 214 215 219 220 221 227 229 232 233 234 236 238 239 240 241 245 248 249 256 257 258 259 261 262 263 264 265 267 272 273 275 278 281 284 286 288 290 291 292 293 294 296 297 154 174 224 1 130 231 200 74 141 206 178 20 54 24 253 109 199 73 42 43 107 13 77 144 116 180 59 61 94 138 298 216 89 279 161 189 101 139 269 78 85 22 280 129 260 7 266 14 15 142 271 18 19 149 282 283 31 287 289 176 177 55 56 183 184 63 64 80 81 82 211 87 218 222 223 228 105 244 247 120 251 276 285 
Number of disconnected nodes: 248
Max available bandwidth: 7000 Kbps
Average throughput: 2946.37 Kbps
Throughput to bandwidth ratio: 0.42091
Packet loss percentage: 49.6579%
Average delay: 2008.25 ms
Average jitter: 486.3 ms
G_L: 0.1733

Nodes disconnected: 133 235 0 3 4 5 6 8 9 10 12 16 17 21 23 26 28 29 30 32 33 34 35 38 39 40 41 44 46 48 49 50 52 53 58 60 62 65 66 68 69 70 72 75 76 79 83 86 88 90 91 92 95 96 97 98 99 100 102 103 104 108 110 111 112 114 115 117 118 119 122 123 124 125 126 128 132 135 136 137 143 146 147 148 150 155 156 157 159 160 163 165 168 169 170 171 172 175 179 181 182 185 186 187 190 191 192 193 194 195 196 197 198 201 202 203 204 207 208 209 212 213 214 215 219 220 221 227 229 232 233 234 236 238 239 240 241 245 248 249 256 257 258 259 261 262 263 264 265 267 272 273 275 278 281 284 286 288 290 291 292 293 294 296 297 154 174 224 1 130 231 200 74 141 206 178 20 54 24 253 109 199 73 42 43 107 13 77 144 116 180 59 61 94 138 298 216 89 279 161 189 101 139 269 78 85 22 280 129 260 7 266 14 15 142 271 18 19 149 282 283 31 287 289 176 177 55 56 183 184 63 64 80 81 82 211 87 218 222 223 228 105 244 247 120 251 276 285 121 51 127 
Number of disconnected nodes: 251
Max available bandwidth: 6700 Kbps
Average throughput: 2820.96 Kbps
Throughput to bandwidth ratio: 0.421039
Packet loss percentage: 48.5132%
Average delay: 1918.15 ms
Average jitter: 495.566 ms
G_L: 0.1633

Nodes disconnected: 133 235 0 3 4 5 6 8 9 10 12 16 17 21 23 26 28 29 30 32 33 34 35 38 39 40 41 44 46 48 49 50 52 53 58 60 62 65 66 68 69 70 72 75 76 79 83 86 88 90 91 92 95 96 97 98 99 100 102 103 104 108 110 111 112 114 115 117 118 119 122 123 124 125 126 128 132 135 136 137 143 146 147 148 150 155 156 157 159 160 163 165 168 169 170 171 172 175 179 181 182 185 186 187 190 191 192 193 194 195 196 197 198 201 202 203 204 207 208 209 212 213 214 215 219 220 221 227 229 232 233 234 236 238 239 240 241 245 248 249 256 257 258 259 261 262 263 264 265 267 272 273 275 278 281 284 286 288 290 291 292 293 294 296 297 154 174 224 1 130 231 200 74 141 206 178 20 54 24 253 109 199 73 42 43 107 13 77 144 116 180 59 61 94 138 298 216 89 279 161 189 101 139 269 78 85 22 280 129 260 7 266 14 15 142 271 18 19 149 282 283 31 287 289 176 177 55 56 183 184 63 64 80 81 82 211 87 218 222 223 228 105 244 247 120 251 276 285 121 51 127 225 2 131 164 36 226 230 173 113 210 277 217 
Number of disconnected nodes: 263
Max available bandwidth: 5700 Kbps
Average throughput: 1991.08 Kbps
Throughput to bandwidth ratio: 0.349313
Packet loss percentage: 52.5008%
Average delay: 1586.77 ms
Average jitter: 411.812 ms
G_L: 0.1233

Nodes disconnected: 133 235 0 3 4 5 6 8 9 10 12 16 17 21 23 26 28 29 30 32 33 34 35 38 39 40 41 44 46 48 49 50 52 53 58 60 62 65 66 68 69 70 72 75 76 79 83 86 88 90 91 92 95 96 97 98 99 100 102 103 104 108 110 111 112 114 115 117 118 119 122 123 124 125 126 128 132 135 136 137 143 146 147 148 150 155 156 157 159 160 163 165 168 169 170 171 172 175 179 181 182 185 186 187 190 191 192 193 194 195 196 197 198 201 202 203 204 207 208 209 212 213 214 215 219 220 221 227 229 232 233 234 236 238 239 240 241 245 248 249 256 257 258 259 261 262 263 264 265 267 272 273 275 278 281 284 286 288 290 291 292 293 294 296 297 154 174 224 1 130 231 200 74 141 206 178 20 54 24 253 109 199 73 42 43 107 13 77 144 116 180 59 61 94 138 298 216 89 279 161 189 101 139 269 78 85 22 280 129 260 7 266 14 15 142 271 18 19 149 282 283 31 287 289 176 177 55 56 183 184 63 64 80 81 82 211 87 218 222 223 228 105 244 247 120 251 276 285 121 51 127 225 2 131 164 36 226 230 173 113 210 277 217 153 250 151 
Number of disconnected nodes: 266
Max available bandwidth: 5300 Kbps
Average throughput: 1669.48 Kbps
Throughput to bandwidth ratio: 0.314996
Packet loss percentage: 55.8077%
Average delay: 1425.3 ms
Average jitter: 374.272 ms
G_L: 0.1133

Nodes disconnected: 133 235 0 3 4 5 6 8 9 10 12 16 17 21 23 26 28 29 30 32 33 34 35 38 39 40 41 44 46 48 49 50 52 53 58 60 62 65 66 68 69 70 72 75 76 79 83 86 88 90 91 92 95 96 97 98 99 100 102 103 104 108 110 111 112 114 115 117 118 119 122 123 124 125 126 128 132 135 136 137 143 146 147 148 150 155 156 157 159 160 163 165 168 169 170 171 172 175 179 181 182 185 186 187 190 191 192 193 194 195 196 197 198 201 202 203 204 207 208 209 212 213 214 215 219 220 221 227 229 232 233 234 236 238 239 240 241 245 248 249 256 257 258 259 261 262 263 264 265 267 272 273 275 278 281 284 286 288 290 291 292 293 294 296 297 154 174 224 1 130 231 200 74 141 206 178 20 54 24 253 109 199 73 42 43 107 13 77 144 116 180 59 61 94 138 298 216 89 279 161 189 101 139 269 78 85 22 280 129 260 7 266 14 15 142 271 18 19 149 282 283 31 287 289 176 177 55 56 183 184 63 64 80 81 82 211 87 218 222 223 228 105 244 247 120 251 276 285 121 51 127 225 2 131 164 36 226 230 173 113 210 277 217 153 250 151 295 
Number of disconnected nodes: 267
Max available bandwidth: 5300 Kbps
Average throughput: 1614.26 Kbps
Throughput to bandwidth ratio: 0.304577
Packet loss percentage: 56.4509%
Average delay: 1490.06 ms
Average jitter: 367.652 ms
G_L: 0.11

Nodes disconnected: 133 235 0 3 4 5 6 8 9 10 12 16 17 21 23 26 28 29 30 32 33 34 35 38 39 40 41 44 46 48 49 50 52 53 58 60 62 65 66 68 69 70 72 75 76 79 83 86 88 90 91 92 95 96 97 98 99 100 102 103 104 108 110 111 112 114 115 117 118 119 122 123 124 125 126 128 132 135 136 137 143 146 147 148 150 155 156 157 159 160 163 165 168 169 170 171 172 175 179 181 182 185 186 187 190 191 192 193 194 195 196 197 198 201 202 203 204 207 208 209 212 213 214 215 219 220 221 227 229 232 233 234 236 238 239 240 241 245 248 249 256 257 258 259 261 262 263 264 265 267 272 273 275 278 281 284 286 288 290 291 292 293 294 296 297 154 174 224 1 130 231 200 74 141 206 178 20 54 24 253 109 199 73 42 43 107 13 77 144 116 180 59 61 94 138 298 216 89 279 161 189 101 139 269 78 85 22 280 129 260 7 266 14 15 142 271 18 19 149 282 283 31 287 289 176 177 55 56 183 184 63 64 80 81 82 211 87 218 222 223 228 105 244 247 120 251 276 285 121 51 127 225 2 131 164 36 226 230 173 113 210 277 217 153 250 151 295 84 
Number of disconnected nodes: 268
Max available bandwidth: 5300 Kbps
Average throughput: 1566.9 Kbps
Throughput to bandwidth ratio: 0.295642
Packet loss percentage: 56.2746%
Average delay: 1435.13 ms
Average jitter: 391.708 ms
G_L: 0.1067

Nodes disconnected: 133 235 0 3 4 5 6 8 9 10 12 16 17 21 23 26 28 29 30 32 33 34 35 38 39 40 41 44 46 48 49 50 52 53 58 60 62 65 66 68 69 70 72 75 76 79 83 86 88 90 91 92 95 96 97 98 99 100 102 103 104 108 110 111 112 114 115 117 118 119 122 123 124 125 126 128 132 135 136 137 143 146 147 148 150 155 156 157 159 160 163 165 168 169 170 171 172 175 179 181 182 185 186 187 190 191 192 193 194 195 196 197 198 201 202 203 204 207 208 209 212 213 214 215 219 220 221 227 229 232 233 234 236 238 239 240 241 245 248 249 256 257 258 259 261 262 263 264 265 267 272 273 275 278 281 284 286 288 290 291 292 293 294 296 297 154 174 224 1 130 231 200 74 141 206 178 20 54 24 253 109 199 73 42 43 107 13 77 144 116 180 59 61 94 138 298 216 89 279 161 189 101 139 269 78 85 22 280 129 260 7 266 14 15 142 271 18 19 149 282 283 31 287 289 176 177 55 56 183 184 63 64 80 81 82 211 87 218 222 223 228 105 244 247 120 251 276 285 121 51 127 225 2 131 164 36 226 230 173 113 210 277 217 153 250 151 295 84 37 
Number of disconnected nodes: 269
Max available bandwidth: 5200 Kbps
Average throughput: 1500.58 Kbps
Throughput to bandwidth ratio: 0.288574
Packet loss percentage: 57.0203%
Average delay: 520.333 ms
Average jitter: 333.185 ms
G_L: 0.1033

Nodes disconnected: 133 235 0 3 4 5 6 8 9 10 12 16 17 21 23 26 28 29 30 32 33 34 35 38 39 40 41 44 46 48 49 50 52 53 58 60 62 65 66 68 69 70 72 75 76 79 83 86 88 90 91 92 95 96 97 98 99 100 102 103 104 108 110 111 112 114 115 117 118 119 122 123 124 125 126 128 132 135 136 137 143 146 147 148 150 155 156 157 159 160 163 165 168 169 170 171 172 175 179 181 182 185 186 187 190 191 192 193 194 195 196 197 198 201 202 203 204 207 208 209 212 213 214 215 219 220 221 227 229 232 233 234 236 238 239 240 241 245 248 249 256 257 258 259 261 262 263 264 265 267 272 273 275 278 281 284 286 288 290 291 292 293 294 296 297 154 174 224 1 130 231 200 74 141 206 178 20 54 24 253 109 199 73 42 43 107 13 77 144 116 180 59 61 94 138 298 216 89 279 161 189 101 139 269 78 85 22 280 129 260 7 266 14 15 142 271 18 19 149 282 283 31 287 289 176 177 55 56 183 184 63 64 80 81 82 211 87 218 222 223 228 105 244 247 120 251 276 285 121 51 127 225 2 131 164 36 226 230 173 113 210 277 217 153 250 151 295 84 37 134 11 140 268 270 145 274 152 25 27 158 162 166 167 299 45 47 57 188 67 71 205 93 106 237 242 243 246 252 254 255 
Number of disconnected nodes: 300
Max available bandwidth: 0 Kbps
Average throughput: 0 Kbps
Throughput to bandwidth ratio: -nan
Packet loss percentage: -nan%
Average delay: -nan ms
Average jitter: -nan ms
G_L: 0

