Nodes disconnected: 
Number of disconnected nodes: 0
Max available bandwidth: 33400 Kbps
Average throughput: 25289.2 Kbps
Throughput to bandwidth ratio: 0.757162
Packet loss percentage: 5.68588%
Average delay: 2125.04 ms
Average jitter: 597.51 ms
G_L: 1

Nodes disconnected: 288 
Number of disconnected nodes: 1
Max available bandwidth: 33400 Kbps
Average throughput: 25159.8 Kbps
Throughput to bandwidth ratio: 0.753286
Packet loss percentage: 5.78718%
Average delay: 2196.4 ms
Average jitter: 600.995 ms
G_L: 0.9967

Nodes disconnected: 288 174 
Number of disconnected nodes: 2
Max available bandwidth: 33400 Kbps
Average throughput: 24950.7 Kbps
Throughput to bandwidth ratio: 0.747026
Packet loss percentage: 5.90893%
Average delay: 2058.2 ms
Average jitter: 594.665 ms
G_L: 0.9933

Nodes disconnected: 288 174 78 
Number of disconnected nodes: 3
Max available bandwidth: 33300 Kbps
Average throughput: 24981.1 Kbps
Throughput to bandwidth ratio: 0.750183
Packet loss percentage: 5.86147%
Average delay: 2053.33 ms
Average jitter: 588.446 ms
G_L: 0.99

Nodes disconnected: 288 174 78 88 
Number of disconnected nodes: 4
Max available bandwidth: 33300 Kbps
Average throughput: 24885.9 Kbps
Throughput to bandwidth ratio: 0.747325
Packet loss percentage: 5.98459%
Average delay: 2104.21 ms
Average jitter: 597.11 ms
G_L: 0.9867

Nodes disconnected: 288 174 78 88 163 292 139 269 83 280 186 
Number of disconnected nodes: 11
Max available bandwidth: 32900 Kbps
Average throughput: 23879.4 Kbps
Throughput to bandwidth ratio: 0.725816
Packet loss percentage: 7.08254%
Average delay: 2092.84 ms
Average jitter: 597.404 ms
G_L: 0.9633

Nodes disconnected: 288 174 78 88 163 292 139 269 83 280 186 40 
Number of disconnected nodes: 12
Max available bandwidth: 32800 Kbps
Average throughput: 23883.7 Kbps
Throughput to bandwidth ratio: 0.728163
Packet loss percentage: 7.07223%
Average delay: 2129.25 ms
Average jitter: 597.448 ms
G_L: 0.96

Nodes disconnected: 288 174 78 88 163 292 139 269 83 280 186 40 178 154 
Number of disconnected nodes: 14
Max available bandwidth: 32700 Kbps
Average throughput: 23688.3 Kbps
Throughput to bandwidth ratio: 0.724414
Packet loss percentage: 7.47221%
Average delay: 2123.02 ms
Average jitter: 594.861 ms
G_L: 0.9533

Nodes disconnected: 288 174 78 88 163 292 139 269 83 280 186 40 178 154 0 3 4 5 6 8 9 10 12 16 17 21 22 23 26 28 29 30 32 33 34 35 38 39 41 44 46 48 49 50 52 53 58 60 62 65 66 68 69 70 72 75 76 79 85 86 90 91 92 95 96 97 98 99 100 101 102 103 104 108 110 111 112 114 115 117 118 119 122 123 124 125 126 128 132 135 136 137 143 146 147 148 150 155 156 157 159 160 165 168 169 170 171 172 175 179 181 182 185 187 190 191 192 193 195 196 197 198 201 202 207 208 209 212 213 215 219 220 221 227 229 232 233 234 236 238 239 240 241 245 248 249 256 257 258 259 261 262 263 264 265 267 272 273 275 276 278 281 286 290 293 294 296 297 
Number of disconnected nodes: 168
Max available bandwidth: 14400 Kbps
Average throughput: 8381.58 Kbps
Throughput to bandwidth ratio: 0.582054
Packet loss percentage: 38.1405%
Average delay: 3033.13 ms
Average jitter: 647.981 ms
G_L: 0.44

Nodes disconnected: 288 174 78 88 163 292 139 269 83 280 186 40 178 154 0 3 4 5 6 8 9 10 12 16 17 21 22 23 26 28 29 30 32 33 34 35 38 39 41 44 46 48 49 50 52 53 58 60 62 65 66 68 69 70 72 75 76 79 85 86 90 91 92 95 96 97 98 99 100 101 102 103 104 108 110 111 112 114 115 117 118 119 122 123 124 125 126 128 132 135 136 137 143 146 147 148 150 155 156 157 159 160 165 168 169 170 171 172 175 179 181 182 185 187 190 191 192 193 195 196 197 198 201 202 207 208 209 212 213 215 219 220 221 227 229 232 233 234 236 238 239 240 241 245 248 249 256 257 258 259 261 262 263 264 265 267 272 273 275 276 278 281 286 290 293 294 296 297 200 130 20 
Number of disconnected nodes: 171
Max available bandwidth: 14100 Kbps
Average throughput: 8054.17 Kbps
Throughput to bandwidth ratio: 0.571218
Packet loss percentage: 39.177%
Average delay: 3087.18 ms
Average jitter: 658.127 ms
G_L: 0.43

Nodes disconnected: 288 174 78 88 163 292 139 269 83 280 186 40 178 154 0 3 4 5 6 8 9 10 12 16 17 21 22 23 26 28 29 30 32 33 34 35 38 39 41 44 46 48 49 50 52 53 58 60 62 65 66 68 69 70 72 75 76 79 85 86 90 91 92 95 96 97 98 99 100 101 102 103 104 108 110 111 112 114 115 117 118 119 122 123 124 125 126 128 132 135 136 137 143 146 147 148 150 155 156 157 159 160 165 168 169 170 171 172 175 179 181 182 185 187 190 191 192 193 195 196 197 198 201 202 207 208 209 212 213 215 219 220 221 227 229 232 233 234 236 238 239 240 241 245 248 249 256 257 258 259 261 262 263 264 265 267 272 273 275 276 278 281 286 290 293 294 296 297 200 130 20 11 
Number of disconnected nodes: 172
Max available bandwidth: 13900 Kbps
Average throughput: 8044.63 Kbps
Throughput to bandwidth ratio: 0.578751
Packet loss percentage: 38.5783%
Average delay: 3161.11 ms
Average jitter: 645.751 ms
G_L: 0.4267

Nodes disconnected: 288 174 78 88 163 292 139 269 83 280 186 40 178 154 0 3 4 5 6 8 9 10 12 16 17 21 22 23 26 28 29 30 32 33 34 35 38 39 41 44 46 48 49 50 52 53 58 60 62 65 66 68 69 70 72 75 76 79 85 86 90 91 92 95 96 97 98 99 100 101 102 103 104 108 110 111 112 114 115 117 118 119 122 123 124 125 126 128 132 135 136 137 143 146 147 148 150 155 156 157 159 160 165 168 169 170 171 172 175 179 181 182 185 187 190 191 192 193 195 196 197 198 201 202 207 208 209 212 213 215 219 220 221 227 229 232 233 234 236 238 239 240 241 245 248 249 256 257 258 259 261 262 263 264 265 267 272 273 275 276 278 281 286 290 293 294 296 297 200 130 20 11 203 204 214 
Number of disconnected nodes: 175
Max available bandwidth: 13600 Kbps
Average throughput: 7883.65 Kbps
Throughput to bandwidth ratio: 0.57968
Packet loss percentage: 39.0468%
Average delay: 3293.62 ms
Average jitter: 657.619 ms
G_L: 0.4167

Nodes disconnected: 288 174 78 88 163 292 139 269 83 280 186 40 178 154 0 3 4 5 6 8 9 10 12 16 17 21 22 23 26 28 29 30 32 33 34 35 38 39 41 44 46 48 49 50 52 53 58 60 62 65 66 68 69 70 72 75 76 79 85 86 90 91 92 95 96 97 98 99 100 101 102 103 104 108 110 111 112 114 115 117 118 119 122 123 124 125 126 128 132 135 136 137 143 146 147 148 150 155 156 157 159 160 165 168 169 170 171 172 175 179 181 182 185 187 190 191 192 193 195 196 197 198 201 202 207 208 209 212 213 215 219 220 221 227 229 232 233 234 236 238 239 240 241 245 248 249 256 257 258 259 261 262 263 264 265 267 272 273 275 276 278 281 286 290 293 294 296 297 200 130 20 11 203 204 214 222 
Number of disconnected nodes: 176
Max available bandwidth: 13600 Kbps
Average throughput: 7767.46 Kbps
Throughput to bandwidth ratio: 0.571137
Packet loss percentage: 39.1865%
Average delay: 3334.51 ms
Average jitter: 666.544 ms
G_L: 0.4133

Nodes disconnected: 288 174 78 88 163 292 139 269 83 280 186 40 178 154 0 3 4 5 6 8 9 10 12 16 17 21 22 23 26 28 29 30 32 33 34 35 38 39 41 44 46 48 49 50 52 53 58 60 62 65 66 68 69 70 72 75 76 79 85 86 90 91 92 95 96 97 98 99 100 101 102 103 104 108 110 111 112 114 115 117 118 119 122 123 124 125 126 128 132 135 136 137 143 146 147 148 150 155 156 157 159 160 165 168 169 170 171 172 175 179 181 182 185 187 190 191 192 193 195 196 197 198 201 202 207 208 209 212 213 215 219 220 221 227 229 232 233 234 236 238 239 240 241 245 248 249 256 257 258 259 261 262 263 264 265 267 272 273 275 276 278 281 286 290 293 294 296 297 200 130 20 11 203 204 214 222 54 
Number of disconnected nodes: 177
Max available bandwidth: 13500 Kbps
Average throughput: 7704.9 Kbps
Throughput to bandwidth ratio: 0.570733
Packet loss percentage: 39.4352%
Average delay: 3275.45 ms
Average jitter: 679.151 ms
G_L: 0.41

Nodes disconnected: 288 174 78 88 163 292 139 269 83 280 186 40 178 154 0 3 4 5 6 8 9 10 12 16 17 21 22 23 26 28 29 30 32 33 34 35 38 39 41 44 46 48 49 50 52 53 58 60 62 65 66 68 69 70 72 75 76 79 85 86 90 91 92 95 96 97 98 99 100 101 102 103 104 108 110 111 112 114 115 117 118 119 122 123 124 125 126 128 132 135 136 137 143 146 147 148 150 155 156 157 159 160 165 168 169 170 171 172 175 179 181 182 185 187 190 191 192 193 195 196 197 198 201 202 207 208 209 212 213 215 219 220 221 227 229 232 233 234 236 238 239 240 241 245 248 249 256 257 258 259 261 262 263 264 265 267 272 273 275 276 278 281 286 290 293 294 296 297 200 130 20 11 203 204 214 222 54 184 84 37 
Number of disconnected nodes: 180
Max available bandwidth: 13400 Kbps
Average throughput: 7488.44 Kbps
Throughput to bandwidth ratio: 0.558839
Packet loss percentage: 39.7781%
Average delay: 3400.26 ms
Average jitter: 663.285 ms
G_L: 0.4

Nodes disconnected: 288 174 78 88 163 292 139 269 83 280 186 40 178 154 0 3 4 5 6 8 9 10 12 16 17 21 22 23 26 28 29 30 32 33 34 35 38 39 41 44 46 48 49 50 52 53 58 60 62 65 66 68 69 70 72 75 76 79 85 86 90 91 92 95 96 97 98 99 100 101 102 103 104 108 110 111 112 114 115 117 118 119 122 123 124 125 126 128 132 135 136 137 143 146 147 148 150 155 156 157 159 160 165 168 169 170 171 172 175 179 181 182 185 187 190 191 192 193 195 196 197 198 201 202 207 208 209 212 213 215 219 220 221 227 229 232 233 234 236 238 239 240 241 245 248 249 256 257 258 259 261 262 263 264 265 267 272 273 275 276 278 281 286 290 293 294 296 297 200 130 20 11 203 204 214 222 54 184 84 37 2 277 
Number of disconnected nodes: 182
Max available bandwidth: 13300 Kbps
Average throughput: 7449.59 Kbps
Throughput to bandwidth ratio: 0.560119
Packet loss percentage: 39.2791%
Average delay: 3346.29 ms
Average jitter: 664.055 ms
G_L: 0.3933

Nodes disconnected: 288 174 78 88 163 292 139 269 83 280 186 40 178 154 0 3 4 5 6 8 9 10 12 16 17 21 22 23 26 28 29 30 32 33 34 35 38 39 41 44 46 48 49 50 52 53 58 60 62 65 66 68 69 70 72 75 76 79 85 86 90 91 92 95 96 97 98 99 100 101 102 103 104 108 110 111 112 114 115 117 118 119 122 123 124 125 126 128 132 135 136 137 143 146 147 148 150 155 156 157 159 160 165 168 169 170 171 172 175 179 181 182 185 187 190 191 192 193 195 196 197 198 201 202 207 208 209 212 213 215 219 220 221 227 229 232 233 234 236 238 239 240 241 245 248 249 256 257 258 259 261 262 263 264 265 267 272 273 275 276 278 281 286 290 293 294 296 297 200 130 20 11 203 204 214 222 54 184 84 37 2 277 216 113 217 173 
Number of disconnected nodes: 186
Max available bandwidth: 12900 Kbps
Average throughput: 7137.02 Kbps
Throughput to bandwidth ratio: 0.553257
Packet loss percentage: 39.4291%
Average delay: 3570.49 ms
Average jitter: 697.578 ms
G_L: 0.38

Nodes disconnected: 288 174 78 88 163 292 139 269 83 280 186 40 178 154 0 3 4 5 6 8 9 10 12 16 17 21 22 23 26 28 29 30 32 33 34 35 38 39 41 44 46 48 49 50 52 53 58 60 62 65 66 68 69 70 72 75 76 79 85 86 90 91 92 95 96 97 98 99 100 101 102 103 104 108 110 111 112 114 115 117 118 119 122 123 124 125 126 128 132 135 136 137 143 146 147 148 150 155 156 157 159 160 165 168 169 170 171 172 175 179 181 182 185 187 190 191 192 193 195 196 197 198 201 202 207 208 209 212 213 215 219 220 221 227 229 232 233 234 236 238 239 240 241 245 248 249 256 257 258 259 261 262 263 264 265 267 272 273 275 276 278 281 286 290 293 294 296 297 200 130 20 11 203 204 214 222 54 184 84 37 2 277 216 113 217 173 255 
Number of disconnected nodes: 187
Max available bandwidth: 12900 Kbps
Average throughput: 7072.21 Kbps
Throughput to bandwidth ratio: 0.548233
Packet loss percentage: 39.4364%
Average delay: 3805.33 ms
Average jitter: 701.194 ms
G_L: 0.3767

Nodes disconnected: 288 174 78 88 163 292 139 269 83 280 186 40 178 154 0 3 4 5 6 8 9 10 12 16 17 21 22 23 26 28 29 30 32 33 34 35 38 39 41 44 46 48 49 50 52 53 58 60 62 65 66 68 69 70 72 75 76 79 85 86 90 91 92 95 96 97 98 99 100 101 102 103 104 108 110 111 112 114 115 117 118 119 122 123 124 125 126 128 132 135 136 137 143 146 147 148 150 155 156 157 159 160 165 168 169 170 171 172 175 179 181 182 185 187 190 191 192 193 195 196 197 198 201 202 207 208 209 212 213 215 219 220 221 227 229 232 233 234 236 238 239 240 241 245 248 249 256 257 258 259 261 262 263 264 265 267 272 273 275 276 278 281 286 290 293 294 296 297 200 130 20 11 203 204 214 222 54 184 84 37 2 277 216 113 217 173 255 268 
Number of disconnected nodes: 188
Max available bandwidth: 12900 Kbps
Average throughput: 6999.19 Kbps
Throughput to bandwidth ratio: 0.542573
Packet loss percentage: 39.5288%
Average delay: 3658.26 ms
Average jitter: 707.973 ms
G_L: 0.3733

Nodes disconnected: 288 174 78 88 163 292 139 269 83 280 186 40 178 154 0 3 4 5 6 8 9 10 12 16 17 21 22 23 26 28 29 30 32 33 34 35 38 39 41 44 46 48 49 50 52 53 58 60 62 65 66 68 69 70 72 75 76 79 85 86 90 91 92 95 96 97 98 99 100 101 102 103 104 108 110 111 112 114 115 117 118 119 122 123 124 125 126 128 132 135 136 137 143 146 147 148 150 155 156 157 159 160 165 168 169 170 171 172 175 179 181 182 185 187 190 191 192 193 195 196 197 198 201 202 207 208 209 212 213 215 219 220 221 227 229 232 233 234 236 238 239 240 241 245 248 249 256 257 258 259 261 262 263 264 265 267 272 273 275 276 278 281 286 290 293 294 296 297 200 130 20 11 203 204 214 222 54 184 84 37 2 277 216 113 217 173 255 268 131 
Number of disconnected nodes: 189
Max available bandwidth: 12800 Kbps
Average throughput: 6964.83 Kbps
Throughput to bandwidth ratio: 0.544128
Packet loss percentage: 39.468%
Average delay: 3750.78 ms
Average jitter: 698.823 ms
G_L: 0.37

Nodes disconnected: 288 174 78 88 163 292 139 269 83 280 186 40 178 154 0 3 4 5 6 8 9 10 12 16 17 21 22 23 26 28 29 30 32 33 34 35 38 39 41 44 46 48 49 50 52 53 58 60 62 65 66 68 69 70 72 75 76 79 85 86 90 91 92 95 96 97 98 99 100 101 102 103 104 108 110 111 112 114 115 117 118 119 122 123 124 125 126 128 132 135 136 137 143 146 147 148 150 155 156 157 159 160 165 168 169 170 171 172 175 179 181 182 185 187 190 191 192 193 195 196 197 198 201 202 207 208 209 212 213 215 219 220 221 227 229 232 233 234 236 238 239 240 241 245 248 249 256 257 258 259 261 262 263 264 265 267 272 273 275 276 278 281 286 290 293 294 296 297 200 130 20 11 203 204 214 222 54 184 84 37 2 277 216 113 217 173 255 268 131 145 
Number of disconnected nodes: 190
Max available bandwidth: 12700 Kbps
Average throughput: 6875.24 Kbps
Throughput to bandwidth ratio: 0.541357
Packet loss percentage: 39.5241%
Average delay: 3613 ms
Average jitter: 689.171 ms
G_L: 0.3667

Nodes disconnected: 288 174 78 88 163 292 139 269 83 280 186 40 178 154 0 3 4 5 6 8 9 10 12 16 17 21 22 23 26 28 29 30 32 33 34 35 38 39 41 44 46 48 49 50 52 53 58 60 62 65 66 68 69 70 72 75 76 79 85 86 90 91 92 95 96 97 98 99 100 101 102 103 104 108 110 111 112 114 115 117 118 119 122 123 124 125 126 128 132 135 136 137 143 146 147 148 150 155 156 157 159 160 165 168 169 170 171 172 175 179 181 182 185 187 190 191 192 193 195 196 197 198 201 202 207 208 209 212 213 215 219 220 221 227 229 232 233 234 236 238 239 240 241 245 248 249 256 257 258 259 261 262 263 264 265 267 272 273 275 276 278 281 286 290 293 294 296 297 200 130 20 11 203 204 214 222 54 184 84 37 2 277 216 113 217 173 255 268 131 145 64 224 144 295 
Number of disconnected nodes: 194
Max available bandwidth: 12400 Kbps
Average throughput: 6601.03 Kbps
Throughput to bandwidth ratio: 0.532341
Packet loss percentage: 40.8937%
Average delay: 3554.83 ms
Average jitter: 652.661 ms
G_L: 0.3533

Nodes disconnected: 288 174 78 88 163 292 139 269 83 280 186 40 178 154 0 3 4 5 6 8 9 10 12 16 17 21 22 23 26 28 29 30 32 33 34 35 38 39 41 44 46 48 49 50 52 53 58 60 62 65 66 68 69 70 72 75 76 79 85 86 90 91 92 95 96 97 98 99 100 101 102 103 104 108 110 111 112 114 115 117 118 119 122 123 124 125 126 128 132 135 136 137 143 146 147 148 150 155 156 157 159 160 165 168 169 170 171 172 175 179 181 182 185 187 190 191 192 193 195 196 197 198 201 202 207 208 209 212 213 215 219 220 221 227 229 232 233 234 236 238 239 240 241 245 248 249 256 257 258 259 261 262 263 264 265 267 272 273 275 276 278 281 286 290 293 294 296 297 200 130 20 11 203 204 214 222 54 184 84 37 2 277 216 113 217 173 255 268 131 145 64 224 144 295 279 31 
Number of disconnected nodes: 196
Max available bandwidth: 12200 Kbps
Average throughput: 6403.17 Kbps
Throughput to bandwidth ratio: 0.52485
Packet loss percentage: 40.9485%
Average delay: 3675.56 ms
Average jitter: 655.614 ms
G_L: 0.3467

Nodes disconnected: 288 174 78 88 163 292 139 269 83 280 186 40 178 154 0 3 4 5 6 8 9 10 12 16 17 21 22 23 26 28 29 30 32 33 34 35 38 39 41 44 46 48 49 50 52 53 58 60 62 65 66 68 69 70 72 75 76 79 85 86 90 91 92 95 96 97 98 99 100 101 102 103 104 108 110 111 112 114 115 117 118 119 122 123 124 125 126 128 132 135 136 137 143 146 147 148 150 155 156 157 159 160 165 168 169 170 171 172 175 179 181 182 185 187 190 191 192 193 195 196 197 198 201 202 207 208 209 212 213 215 219 220 221 227 229 232 233 234 236 238 239 240 241 245 248 249 256 257 258 259 261 262 263 264 265 267 272 273 275 276 278 281 286 290 293 294 296 297 200 130 20 11 203 204 214 222 54 184 84 37 2 277 216 113 217 173 255 268 131 145 64 224 144 295 279 31 80 274 51 189 158 127 
Number of disconnected nodes: 202
Max available bandwidth: 11800 Kbps
Average throughput: 6153.31 Kbps
Throughput to bandwidth ratio: 0.521467
Packet loss percentage: 39.893%
Average delay: 3371.41 ms
Average jitter: 643.465 ms
G_L: 0.3267

Nodes disconnected: 288 174 78 88 163 292 139 269 83 280 186 40 178 154 0 3 4 5 6 8 9 10 12 16 17 21 22 23 26 28 29 30 32 33 34 35 38 39 41 44 46 48 49 50 52 53 58 60 62 65 66 68 69 70 72 75 76 79 85 86 90 91 92 95 96 97 98 99 100 101 102 103 104 108 110 111 112 114 115 117 118 119 122 123 124 125 126 128 132 135 136 137 143 146 147 148 150 155 156 157 159 160 165 168 169 170 171 172 175 179 181 182 185 187 190 191 192 193 195 196 197 198 201 202 207 208 209 212 213 215 219 220 221 227 229 232 233 234 236 238 239 240 241 245 248 249 256 257 258 259 261 262 263 264 265 267 272 273 275 276 278 281 286 290 293 294 296 297 200 130 20 11 203 204 214 222 54 184 84 37 2 277 216 113 217 173 255 268 131 145 64 224 144 295 279 31 80 274 51 189 158 127 24 246 47 
Number of disconnected nodes: 205
Max available bandwidth: 11600 Kbps
Average throughput: 6040.87 Kbps
Throughput to bandwidth ratio: 0.520764
Packet loss percentage: 40.2071%
Average delay: 3365.23 ms
Average jitter: 607.315 ms
G_L: 0.3167

Nodes disconnected: 288 174 78 88 163 292 139 269 83 280 186 40 178 154 0 3 4 5 6 8 9 10 12 16 17 21 22 23 26 28 29 30 32 33 34 35 38 39 41 44 46 48 49 50 52 53 58 60 62 65 66 68 69 70 72 75 76 79 85 86 90 91 92 95 96 97 98 99 100 101 102 103 104 108 110 111 112 114 115 117 118 119 122 123 124 125 126 128 132 135 136 137 143 146 147 148 150 155 156 157 159 160 165 168 169 170 171 172 175 179 181 182 185 187 190 191 192 193 195 196 197 198 201 202 207 208 209 212 213 215 219 220 221 227 229 232 233 234 236 238 239 240 241 245 248 249 256 257 258 259 261 262 263 264 265 267 272 273 275 276 278 281 286 290 293 294 296 297 200 130 20 11 203 204 214 222 54 184 84 37 2 277 216 113 217 173 255 268 131 145 64 224 144 295 279 31 80 274 51 189 158 127 24 246 47 107 
Number of disconnected nodes: 206
Max available bandwidth: 11600 Kbps
Average throughput: 6011.04 Kbps
Throughput to bandwidth ratio: 0.518193
Packet loss percentage: 40.4283%
Average delay: 3374.29 ms
Average jitter: 601.055 ms
G_L: 0.3133

Nodes disconnected: 288 174 78 88 163 292 139 269 83 280 186 40 178 154 0 3 4 5 6 8 9 10 12 16 17 21 22 23 26 28 29 30 32 33 34 35 38 39 41 44 46 48 49 50 52 53 58 60 62 65 66 68 69 70 72 75 76 79 85 86 90 91 92 95 96 97 98 99 100 101 102 103 104 108 110 111 112 114 115 117 118 119 122 123 124 125 126 128 132 135 136 137 143 146 147 148 150 155 156 157 159 160 165 168 169 170 171 172 175 179 181 182 185 187 190 191 192 193 195 196 197 198 201 202 207 208 209 212 213 215 219 220 221 227 229 232 233 234 236 238 239 240 241 245 248 249 256 257 258 259 261 262 263 264 265 267 272 273 275 276 278 281 286 290 293 294 296 297 200 130 20 11 203 204 214 222 54 184 84 37 2 277 216 113 217 173 255 268 131 145 64 224 144 295 279 31 80 274 51 189 158 127 24 246 47 107 205 
Number of disconnected nodes: 207
Max available bandwidth: 11600 Kbps
Average throughput: 5934.74 Kbps
Throughput to bandwidth ratio: 0.511616
Packet loss percentage: 40.5576%
Average delay: 3283.61 ms
Average jitter: 593.637 ms
G_L: 0.31

Nodes disconnected: 288 174 78 88 163 292 139 269 83 280 186 40 178 154 0 3 4 5 6 8 9 10 12 16 17 21 22 23 26 28 29 30 32 33 34 35 38 39 41 44 46 48 49 50 52 53 58 60 62 65 66 68 69 70 72 75 76 79 85 86 90 91 92 95 96 97 98 99 100 101 102 103 104 108 110 111 112 114 115 117 118 119 122 123 124 125 126 128 132 135 136 137 143 146 147 148 150 155 156 157 159 160 165 168 169 170 171 172 175 179 181 182 185 187 190 191 192 193 195 196 197 198 201 202 207 208 209 212 213 215 219 220 221 227 229 232 233 234 236 238 239 240 241 245 248 249 256 257 258 259 261 262 263 264 265 267 272 273 275 276 278 281 286 290 293 294 296 297 200 130 20 11 203 204 214 222 54 184 84 37 2 277 216 113 217 173 255 268 131 145 64 224 144 295 279 31 80 274 51 189 158 127 24 246 47 107 205 291 
Number of disconnected nodes: 208
Max available bandwidth: 11600 Kbps
Average throughput: 5887.03 Kbps
Throughput to bandwidth ratio: 0.507503
Packet loss percentage: 40.6371%
Average delay: 3141.08 ms
Average jitter: 587.775 ms
G_L: 0.3067

Nodes disconnected: 288 174 78 88 163 292 139 269 83 280 186 40 178 154 0 3 4 5 6 8 9 10 12 16 17 21 22 23 26 28 29 30 32 33 34 35 38 39 41 44 46 48 49 50 52 53 58 60 62 65 66 68 69 70 72 75 76 79 85 86 90 91 92 95 96 97 98 99 100 101 102 103 104 108 110 111 112 114 115 117 118 119 122 123 124 125 126 128 132 135 136 137 143 146 147 148 150 155 156 157 159 160 165 168 169 170 171 172 175 179 181 182 185 187 190 191 192 193 195 196 197 198 201 202 207 208 209 212 213 215 219 220 221 227 229 232 233 234 236 238 239 240 241 245 248 249 256 257 258 259 261 262 263 264 265 267 272 273 275 276 278 281 286 290 293 294 296 297 200 130 20 11 203 204 214 222 54 184 84 37 2 277 216 113 217 173 255 268 131 145 64 224 144 295 279 31 80 274 51 189 158 127 24 246 47 107 205 291 1 199 231 73 42 43 74 13 77 141 206 116 180 253 59 61 254 
Number of disconnected nodes: 225
Max available bandwidth: 10000 Kbps
Average throughput: 4516.82 Kbps
Throughput to bandwidth ratio: 0.451682
Packet loss percentage: 44.4019%
Average delay: 2816.36 ms
Average jitter: 534.358 ms
G_L: 0.25

Nodes disconnected: 288 174 78 88 163 292 139 269 83 280 186 40 178 154 0 3 4 5 6 8 9 10 12 16 17 21 22 23 26 28 29 30 32 33 34 35 38 39 41 44 46 48 49 50 52 53 58 60 62 65 66 68 69 70 72 75 76 79 85 86 90 91 92 95 96 97 98 99 100 101 102 103 104 108 110 111 112 114 115 117 118 119 122 123 124 125 126 128 132 135 136 137 143 146 147 148 150 155 156 157 159 160 165 168 169 170 171 172 175 179 181 182 185 187 190 191 192 193 195 196 197 198 201 202 207 208 209 212 213 215 219 220 221 227 229 232 233 234 236 238 239 240 241 245 248 249 256 257 258 259 261 262 263 264 265 267 272 273 275 276 278 281 286 290 293 294 296 297 200 130 20 11 203 204 214 222 54 184 84 37 2 277 216 113 217 173 255 268 131 145 64 224 144 295 279 31 80 274 51 189 158 127 24 246 47 107 205 291 1 199 231 73 42 43 74 13 77 141 206 116 180 253 59 61 254 260 7 266 299 270 18 183 120 121 218 283 
Number of disconnected nodes: 236
Max available bandwidth: 9000 Kbps
Average throughput: 3801.74 Kbps
Throughput to bandwidth ratio: 0.422415
Packet loss percentage: 46.1239%
Average delay: 2548.1 ms
Average jitter: 515.812 ms
G_L: 0.2133

Nodes disconnected: 288 174 78 88 163 292 139 269 83 280 186 40 178 154 0 3 4 5 6 8 9 10 12 16 17 21 22 23 26 28 29 30 32 33 34 35 38 39 41 44 46 48 49 50 52 53 58 60 62 65 66 68 69 70 72 75 76 79 85 86 90 91 92 95 96 97 98 99 100 101 102 103 104 108 110 111 112 114 115 117 118 119 122 123 124 125 126 128 132 135 136 137 143 146 147 148 150 155 156 157 159 160 165 168 169 170 171 172 175 179 181 182 185 187 190 191 192 193 195 196 197 198 201 202 207 208 209 212 213 215 219 220 221 227 229 232 233 234 236 238 239 240 241 245 248 249 256 257 258 259 261 262 263 264 265 267 272 273 275 276 278 281 286 290 293 294 296 297 200 130 20 11 203 204 214 222 54 184 84 37 2 277 216 113 217 173 255 268 131 145 64 224 144 295 279 31 80 274 51 189 158 127 24 246 47 107 205 291 1 199 231 73 42 43 74 13 77 141 206 116 180 253 59 61 254 260 7 266 299 270 18 183 120 121 218 283 129 133 134 138 140 14 15 142 271 19 149 151 152 153 282 27 284 285 287 161 289 36 164 166 167 298 45 176 177 55 56 57 188 63 194 81 82 210 211 87 93 94 223 225 226 228 230 105 106 235 109 237 242 243 247 250 251 252 
Number of disconnected nodes: 294
Max available bandwidth: 600 Kbps
Average throughput: 141.433 Kbps
Throughput to bandwidth ratio: 0.235721
Packet loss percentage: 74.7052%
Average delay: -nan ms
Average jitter: -nan ms
G_L: 0.02

Nodes disconnected: 288 174 78 88 163 292 139 269 83 280 186 40 178 154 0 3 4 5 6 8 9 10 12 16 17 21 22 23 26 28 29 30 32 33 34 35 38 39 41 44 46 48 49 50 52 53 58 60 62 65 66 68 69 70 72 75 76 79 85 86 90 91 92 95 96 97 98 99 100 101 102 103 104 108 110 111 112 114 115 117 118 119 122 123 124 125 126 128 132 135 136 137 143 146 147 148 150 155 156 157 159 160 165 168 169 170 171 172 175 179 181 182 185 187 190 191 192 193 195 196 197 198 201 202 207 208 209 212 213 215 219 220 221 227 229 232 233 234 236 238 239 240 241 245 248 249 256 257 258 259 261 262 263 264 265 267 272 273 275 276 278 281 286 290 293 294 296 297 200 130 20 11 203 204 214 222 54 184 84 37 2 277 216 113 217 173 255 268 131 145 64 224 144 295 279 31 80 274 51 189 158 127 24 246 47 107 205 291 1 199 231 73 42 43 74 13 77 141 206 116 180 253 59 61 254 260 7 266 299 270 18 183 120 121 218 283 129 133 134 138 140 14 15 142 271 19 149 151 152 153 282 27 284 285 287 161 289 36 164 166 167 298 45 176 177 55 56 57 188 63 194 81 82 210 211 87 93 94 223 225 226 228 230 105 106 235 109 237 242 243 247 250 251 252 89 
Number of disconnected nodes: 295
Max available bandwidth: 600 Kbps
Average throughput: 93.9539 Kbps
Throughput to bandwidth ratio: 0.15659
Packet loss percentage: 78.6366%
Average delay: -nan ms
Average jitter: -nan ms
G_L: 0.0167

Nodes disconnected: 288 174 78 88 163 292 139 269 83 280 186 40 178 154 0 3 4 5 6 8 9 10 12 16 17 21 22 23 26 28 29 30 32 33 34 35 38 39 41 44 46 48 49 50 52 53 58 60 62 65 66 68 69 70 72 75 76 79 85 86 90 91 92 95 96 97 98 99 100 101 102 103 104 108 110 111 112 114 115 117 118 119 122 123 124 125 126 128 132 135 136 137 143 146 147 148 150 155 156 157 159 160 165 168 169 170 171 172 175 179 181 182 185 187 190 191 192 193 195 196 197 198 201 202 207 208 209 212 213 215 219 220 221 227 229 232 233 234 236 238 239 240 241 245 248 249 256 257 258 259 261 262 263 264 265 267 272 273 275 276 278 281 286 290 293 294 296 297 200 130 20 11 203 204 214 222 54 184 84 37 2 277 216 113 217 173 255 268 131 145 64 224 144 295 279 31 80 274 51 189 158 127 24 246 47 107 205 291 1 199 231 73 42 43 74 13 77 141 206 116 180 253 59 61 254 260 7 266 299 270 18 183 120 121 218 283 129 133 134 138 140 14 15 142 271 19 149 151 152 153 282 27 284 285 287 161 289 36 164 166 167 298 45 176 177 55 56 57 188 63 194 81 82 210 211 87 93 94 223 225 226 228 230 105 106 235 109 237 242 243 247 250 251 252 89 25 
Number of disconnected nodes: 296
Max available bandwidth: 200 Kbps
Average throughput: 50.4362 Kbps
Throughput to bandwidth ratio: 0.252181
Packet loss percentage: 83.3195%
Average delay: -nan ms
Average jitter: -nan ms
G_L: 0.0133

Nodes disconnected: 288 174 78 88 163 292 139 269 83 280 186 40 178 154 0 3 4 5 6 8 9 10 12 16 17 21 22 23 26 28 29 30 32 33 34 35 38 39 41 44 46 48 49 50 52 53 58 60 62 65 66 68 69 70 72 75 76 79 85 86 90 91 92 95 96 97 98 99 100 101 102 103 104 108 110 111 112 114 115 117 118 119 122 123 124 125 126 128 132 135 136 137 143 146 147 148 150 155 156 157 159 160 165 168 169 170 171 172 175 179 181 182 185 187 190 191 192 193 195 196 197 198 201 202 207 208 209 212 213 215 219 220 221 227 229 232 233 234 236 238 239 240 241 245 248 249 256 257 258 259 261 262 263 264 265 267 272 273 275 276 278 281 286 290 293 294 296 297 200 130 20 11 203 204 214 222 54 184 84 37 2 277 216 113 217 173 255 268 131 145 64 224 144 295 279 31 80 274 51 189 158 127 24 246 47 107 205 291 1 199 231 73 42 43 74 13 77 141 206 116 180 253 59 61 254 260 7 266 299 270 18 183 120 121 218 283 129 133 134 138 140 14 15 142 271 19 149 151 152 153 282 27 284 285 287 161 289 36 164 166 167 298 45 176 177 55 56 57 188 63 194 81 82 210 211 87 93 94 223 225 226 228 230 105 106 235 109 237 242 243 247 250 251 252 89 25 162 244 
Number of disconnected nodes: 298
Max available bandwidth: 100 Kbps
Average throughput: 44.9936 Kbps
Throughput to bandwidth ratio: 0.449936
Packet loss percentage: 75.8157%
Average delay: -nan ms
Average jitter: -nan ms
G_L: 0.0067

Nodes disconnected: 288 174 78 88 163 292 139 269 83 280 186 40 178 154 0 3 4 5 6 8 9 10 12 16 17 21 22 23 26 28 29 30 32 33 34 35 38 39 41 44 46 48 49 50 52 53 58 60 62 65 66 68 69 70 72 75 76 79 85 86 90 91 92 95 96 97 98 99 100 101 102 103 104 108 110 111 112 114 115 117 118 119 122 123 124 125 126 128 132 135 136 137 143 146 147 148 150 155 156 157 159 160 165 168 169 170 171 172 175 179 181 182 185 187 190 191 192 193 195 196 197 198 201 202 207 208 209 212 213 215 219 220 221 227 229 232 233 234 236 238 239 240 241 245 248 249 256 257 258 259 261 262 263 264 265 267 272 273 275 276 278 281 286 290 293 294 296 297 200 130 20 11 203 204 214 222 54 184 84 37 2 277 216 113 217 173 255 268 131 145 64 224 144 295 279 31 80 274 51 189 158 127 24 246 47 107 205 291 1 199 231 73 42 43 74 13 77 141 206 116 180 253 59 61 254 260 7 266 299 270 18 183 120 121 218 283 129 133 134 138 140 14 15 142 271 19 149 151 152 153 282 27 284 285 287 161 289 36 164 166 167 298 45 176 177 55 56 57 188 63 194 81 82 210 211 87 93 94 223 225 226 228 230 105 106 235 109 237 242 243 247 250 251 252 89 25 162 244 67 71 
Number of disconnected nodes: 300
Max available bandwidth: 0 Kbps
Average throughput: 0 Kbps
Throughput to bandwidth ratio: -nan
Packet loss percentage: -nan%
Average delay: -nan ms
Average jitter: -nan ms
G_L: 0

