Nodes disconnected: 
Number of disconnected nodes: 0
Max available bandwidth: 33400 Kbps
Average throughput: 17107.3 Kbps
Throughput to bandwidth ratio: 0.512195
Packet loss percentage: 5.30013%
Average delay: 7705.17 ms
Average jitter: 4410.43 ms
G_L: 1

Nodes disconnected: 34 171 12 
Number of disconnected nodes: 3
Max available bandwidth: 33200 Kbps
Average throughput: 16940 Kbps
Throughput to bandwidth ratio: 0.51024
Packet loss percentage: 5.19348%
Average delay: 8162.77 ms
Average jitter: 4633.84 ms
G_L: 0.99

Nodes disconnected: 34 171 12 83 292 
Number of disconnected nodes: 5
Max available bandwidth: 33100 Kbps
Average throughput: 16792.2 Kbps
Throughput to bandwidth ratio: 0.507318
Packet loss percentage: 5.22384%
Average delay: 7944.9 ms
Average jitter: 4577.7 ms
G_L: 0.9833

Nodes disconnected: 34 171 12 83 292 290 111 178 148 278 154 
Number of disconnected nodes: 11
Max available bandwidth: 32700 Kbps
Average throughput: 16334.5 Kbps
Throughput to bandwidth ratio: 0.499527
Packet loss percentage: 5.24143%
Average delay: 8573.15 ms
Average jitter: 4620.63 ms
G_L: 0.9633

Nodes disconnected: 34 171 12 83 292 290 111 178 148 278 154 288 181 95 
Number of disconnected nodes: 14
Max available bandwidth: 32700 Kbps
Average throughput: 16280.9 Kbps
Throughput to bandwidth ratio: 0.497888
Packet loss percentage: 5.20886%
Average delay: 7860.71 ms
Average jitter: 4623.77 ms
G_L: 0.9533

Nodes disconnected: 34 171 12 83 292 290 111 178 148 278 154 288 181 95 100 
Number of disconnected nodes: 15
Max available bandwidth: 32700 Kbps
Average throughput: 16278.3 Kbps
Throughput to bandwidth ratio: 0.497807
Packet loss percentage: 5.14632%
Average delay: 8130.8 ms
Average jitter: 4828.27 ms
G_L: 0.95

Nodes disconnected: 34 171 12 83 292 290 111 178 148 278 154 288 181 95 100 42 
Number of disconnected nodes: 16
Max available bandwidth: 32600 Kbps
Average throughput: 16235.5 Kbps
Throughput to bandwidth ratio: 0.498023
Packet loss percentage: 5.18869%
Average delay: 8139.9 ms
Average jitter: 4677.18 ms
G_L: 0.9467

Nodes disconnected: 34 171 12 83 292 290 111 178 148 278 154 288 181 95 100 42 89 
Number of disconnected nodes: 17
Max available bandwidth: 32600 Kbps
Average throughput: 16224.2 Kbps
Throughput to bandwidth ratio: 0.497675
Packet loss percentage: 5.21945%
Average delay: 7932.17 ms
Average jitter: 4338.22 ms
G_L: 0.9433

Nodes disconnected: 34 171 12 83 292 290 111 178 148 278 154 288 181 95 100 42 89 94 
Number of disconnected nodes: 18
Max available bandwidth: 32500 Kbps
Average throughput: 16086.1 Kbps
Throughput to bandwidth ratio: 0.494956
Packet loss percentage: 5.23197%
Average delay: 7763.61 ms
Average jitter: 4430.68 ms
G_L: 0.94

Nodes disconnected: 34 171 12 83 292 290 111 178 148 278 154 288 181 95 100 42 89 94 0 3 4 5 6 8 9 10 16 17 21 23 26 28 29 30 32 33 35 38 39 40 41 43 44 46 48 49 50 52 53 58 59 60 62 63 65 66 68 69 70 72 75 76 79 86 88 90 91 92 96 97 98 99 102 103 104 108 110 112 114 115 117 118 119 122 123 124 125 126 128 132 135 136 137 143 146 147 150 155 156 157 159 160 163 165 168 169 170 172 175 179 182 185 186 187 190 191 192 193 195 196 197 198 201 202 203 204 207 208 209 212 213 214 215 219 220 221 227 229 232 233 234 236 238 239 240 241 245 248 249 254 256 257 258 259 261 262 263 264 265 267 270 272 273 275 281 282 286 289 293 294 296 297 
Number of disconnected nodes: 172
Max available bandwidth: 14400 Kbps
Average throughput: 6273.07 Kbps
Throughput to bandwidth ratio: 0.43563
Packet loss percentage: 37.8238%
Average delay: 5905.41 ms
Average jitter: 2046.92 ms
G_L: 0.4267

Nodes disconnected: 34 171 12 83 292 290 111 178 148 278 154 288 181 95 100 42 89 94 0 3 4 5 6 8 9 10 16 17 21 23 26 28 29 30 32 33 35 38 39 40 41 43 44 46 48 49 50 52 53 58 59 60 62 63 65 66 68 69 70 72 75 76 79 86 88 90 91 92 96 97 98 99 102 103 104 108 110 112 114 115 117 118 119 122 123 124 125 126 128 132 135 136 137 143 146 147 150 155 156 157 159 160 163 165 168 169 170 172 175 179 182 185 186 187 190 191 192 193 195 196 197 198 201 202 203 204 207 208 209 212 213 214 215 219 220 221 227 229 232 233 234 236 238 239 240 241 245 248 249 254 256 257 258 259 261 262 263 264 265 267 270 272 273 275 281 282 286 289 293 294 296 297 54 
Number of disconnected nodes: 173
Max available bandwidth: 14300 Kbps
Average throughput: 6330.03 Kbps
Throughput to bandwidth ratio: 0.442659
Packet loss percentage: 37.18%
Average delay: 6944.03 ms
Average jitter: 2211.45 ms
G_L: 0.4233

Nodes disconnected: 34 171 12 83 292 290 111 178 148 278 154 288 181 95 100 42 89 94 0 3 4 5 6 8 9 10 16 17 21 23 26 28 29 30 32 33 35 38 39 40 41 43 44 46 48 49 50 52 53 58 59 60 62 63 65 66 68 69 70 72 75 76 79 86 88 90 91 92 96 97 98 99 102 103 104 108 110 112 114 115 117 118 119 122 123 124 125 126 128 132 135 136 137 143 146 147 150 155 156 157 159 160 163 165 168 169 170 172 175 179 182 185 186 187 190 191 192 193 195 196 197 198 201 202 203 204 207 208 209 212 213 214 215 219 220 221 227 229 232 233 234 236 238 239 240 241 245 248 249 254 256 257 258 259 261 262 263 264 265 267 270 272 273 275 281 282 286 289 293 294 296 297 54 2 277 255 
Number of disconnected nodes: 176
Max available bandwidth: 14200 Kbps
Average throughput: 6171.23 Kbps
Throughput to bandwidth ratio: 0.434594
Packet loss percentage: 37.8068%
Average delay: 7082.1 ms
Average jitter: 2173.17 ms
G_L: 0.4133

Nodes disconnected: 34 171 12 83 292 290 111 178 148 278 154 288 181 95 100 42 89 94 0 3 4 5 6 8 9 10 16 17 21 23 26 28 29 30 32 33 35 38 39 40 41 43 44 46 48 49 50 52 53 58 59 60 62 63 65 66 68 69 70 72 75 76 79 86 88 90 91 92 96 97 98 99 102 103 104 108 110 112 114 115 117 118 119 122 123 124 125 126 128 132 135 136 137 143 146 147 150 155 156 157 159 160 163 165 168 169 170 172 175 179 182 185 186 187 190 191 192 193 195 196 197 198 201 202 203 204 207 208 209 212 213 214 215 219 220 221 227 229 232 233 234 236 238 239 240 241 245 248 249 254 256 257 258 259 261 262 263 264 265 267 270 272 273 275 281 282 286 289 293 294 296 297 54 2 277 255 101 139 269 78 85 22 280 
Number of disconnected nodes: 183
Max available bandwidth: 13500 Kbps
Average throughput: 5894.29 Kbps
Throughput to bandwidth ratio: 0.436614
Packet loss percentage: 39.3233%
Average delay: 6662.11 ms
Average jitter: 1801.78 ms
G_L: 0.39

Nodes disconnected: 34 171 12 83 292 290 111 178 148 278 154 288 181 95 100 42 89 94 0 3 4 5 6 8 9 10 16 17 21 23 26 28 29 30 32 33 35 38 39 40 41 43 44 46 48 49 50 52 53 58 59 60 62 63 65 66 68 69 70 72 75 76 79 86 88 90 91 92 96 97 98 99 102 103 104 108 110 112 114 115 117 118 119 122 123 124 125 126 128 132 135 136 137 143 146 147 150 155 156 157 159 160 163 165 168 169 170 172 175 179 182 185 186 187 190 191 192 193 195 196 197 198 201 202 203 204 207 208 209 212 213 214 215 219 220 221 227 229 232 233 234 236 238 239 240 241 245 248 249 254 256 257 258 259 261 262 263 264 265 267 270 272 273 275 281 282 286 289 293 294 296 297 54 2 277 255 101 139 269 78 85 22 280 80 
Number of disconnected nodes: 184
Max available bandwidth: 13500 Kbps
Average throughput: 5882.03 Kbps
Throughput to bandwidth ratio: 0.435706
Packet loss percentage: 35.8126%
Average delay: 7606.78 ms
Average jitter: 2477.38 ms
G_L: 0.3867

Nodes disconnected: 34 171 12 83 292 290 111 178 148 278 154 288 181 95 100 42 89 94 0 3 4 5 6 8 9 10 16 17 21 23 26 28 29 30 32 33 35 38 39 40 41 43 44 46 48 49 50 52 53 58 59 60 62 63 65 66 68 69 70 72 75 76 79 86 88 90 91 92 96 97 98 99 102 103 104 108 110 112 114 115 117 118 119 122 123 124 125 126 128 132 135 136 137 143 146 147 150 155 156 157 159 160 163 165 168 169 170 172 175 179 182 185 186 187 190 191 192 193 195 196 197 198 201 202 203 204 207 208 209 212 213 214 215 219 220 221 227 229 232 233 234 236 238 239 240 241 245 248 249 254 256 257 258 259 261 262 263 264 265 267 270 272 273 275 281 282 286 289 293 294 296 297 54 2 277 255 101 139 269 78 85 22 280 80 228 
Number of disconnected nodes: 185
Max available bandwidth: 13500 Kbps
Average throughput: 5862.86 Kbps
Throughput to bandwidth ratio: 0.434286
Packet loss percentage: 36.878%
Average delay: 7223.48 ms
Average jitter: 2128.18 ms
G_L: 0.3833

Nodes disconnected: 34 171 12 83 292 290 111 178 148 278 154 288 181 95 100 42 89 94 0 3 4 5 6 8 9 10 16 17 21 23 26 28 29 30 32 33 35 38 39 40 41 43 44 46 48 49 50 52 53 58 59 60 62 63 65 66 68 69 70 72 75 76 79 86 88 90 91 92 96 97 98 99 102 103 104 108 110 112 114 115 117 118 119 122 123 124 125 126 128 132 135 136 137 143 146 147 150 155 156 157 159 160 163 165 168 169 170 172 175 179 182 185 186 187 190 191 192 193 195 196 197 198 201 202 203 204 207 208 209 212 213 214 215 219 220 221 227 229 232 233 234 236 238 239 240 241 245 248 249 254 256 257 258 259 261 262 263 264 265 267 270 272 273 275 281 282 286 289 293 294 296 297 54 2 277 255 101 139 269 78 85 22 280 80 228 299 174 177 250 93 127 
Number of disconnected nodes: 191
Max available bandwidth: 13000 Kbps
Average throughput: 5633.71 Kbps
Throughput to bandwidth ratio: 0.433362
Packet loss percentage: 37.4516%
Average delay: 7258.75 ms
Average jitter: 1556.25 ms
G_L: 0.3633

Nodes disconnected: 34 171 12 83 292 290 111 178 148 278 154 288 181 95 100 42 89 94 0 3 4 5 6 8 9 10 16 17 21 23 26 28 29 30 32 33 35 38 39 40 41 43 44 46 48 49 50 52 53 58 59 60 62 63 65 66 68 69 70 72 75 76 79 86 88 90 91 92 96 97 98 99 102 103 104 108 110 112 114 115 117 118 119 122 123 124 125 126 128 132 135 136 137 143 146 147 150 155 156 157 159 160 163 165 168 169 170 172 175 179 182 185 186 187 190 191 192 193 195 196 197 198 201 202 203 204 207 208 209 212 213 214 215 219 220 221 227 229 232 233 234 236 238 239 240 241 245 248 249 254 256 257 258 259 261 262 263 264 265 267 270 272 273 275 281 282 286 289 293 294 296 297 54 2 277 255 101 139 269 78 85 22 280 80 228 299 174 177 250 93 127 260 
Number of disconnected nodes: 192
Max available bandwidth: 13000 Kbps
Average throughput: 5518.1 Kbps
Throughput to bandwidth ratio: 0.424469
Packet loss percentage: 35.8705%
Average delay: 6800.14 ms
Average jitter: 2336.16 ms
G_L: 0.36

Nodes disconnected: 34 171 12 83 292 290 111 178 148 278 154 288 181 95 100 42 89 94 0 3 4 5 6 8 9 10 16 17 21 23 26 28 29 30 32 33 35 38 39 40 41 43 44 46 48 49 50 52 53 58 59 60 62 63 65 66 68 69 70 72 75 76 79 86 88 90 91 92 96 97 98 99 102 103 104 108 110 112 114 115 117 118 119 122 123 124 125 126 128 132 135 136 137 143 146 147 150 155 156 157 159 160 163 165 168 169 170 172 175 179 182 185 186 187 190 191 192 193 195 196 197 198 201 202 203 204 207 208 209 212 213 214 215 219 220 221 227 229 232 233 234 236 238 239 240 241 245 248 249 254 256 257 258 259 261 262 263 264 265 267 270 272 273 275 281 282 286 289 293 294 296 297 54 2 277 255 101 139 269 78 85 22 280 80 228 299 174 177 250 93 127 260 11 13 
Number of disconnected nodes: 194
Max available bandwidth: 12700 Kbps
Average throughput: 5479.36 Kbps
Throughput to bandwidth ratio: 0.431446
Packet loss percentage: 38.6051%
Average delay: 6238.35 ms
Average jitter: 1759.55 ms
G_L: 0.3533

Nodes disconnected: 34 171 12 83 292 290 111 178 148 278 154 288 181 95 100 42 89 94 0 3 4 5 6 8 9 10 16 17 21 23 26 28 29 30 32 33 35 38 39 40 41 43 44 46 48 49 50 52 53 58 59 60 62 63 65 66 68 69 70 72 75 76 79 86 88 90 91 92 96 97 98 99 102 103 104 108 110 112 114 115 117 118 119 122 123 124 125 126 128 132 135 136 137 143 146 147 150 155 156 157 159 160 163 165 168 169 170 172 175 179 182 185 186 187 190 191 192 193 195 196 197 198 201 202 203 204 207 208 209 212 213 214 215 219 220 221 227 229 232 233 234 236 238 239 240 241 245 248 249 254 256 257 258 259 261 262 263 264 265 267 270 272 273 275 281 282 286 289 293 294 296 297 54 2 277 255 101 139 269 78 85 22 280 80 228 299 174 177 250 93 127 260 11 13 1 130 231 200 74 141 206 20 24 253 
Number of disconnected nodes: 204
Max available bandwidth: 11800 Kbps
Average throughput: 5064.85 Kbps
Throughput to bandwidth ratio: 0.429224
Packet loss percentage: 36.707%
Average delay: 6552.88 ms
Average jitter: 1702.96 ms
G_L: 0.32

Nodes disconnected: 34 171 12 83 292 290 111 178 148 278 154 288 181 95 100 42 89 94 0 3 4 5 6 8 9 10 16 17 21 23 26 28 29 30 32 33 35 38 39 40 41 43 44 46 48 49 50 52 53 58 59 60 62 63 65 66 68 69 70 72 75 76 79 86 88 90 91 92 96 97 98 99 102 103 104 108 110 112 114 115 117 118 119 122 123 124 125 126 128 132 135 136 137 143 146 147 150 155 156 157 159 160 163 165 168 169 170 172 175 179 182 185 186 187 190 191 192 193 195 196 197 198 201 202 203 204 207 208 209 212 213 214 215 219 220 221 227 229 232 233 234 236 238 239 240 241 245 248 249 254 256 257 258 259 261 262 263 264 265 267 270 272 273 275 281 282 286 289 293 294 296 297 54 2 277 255 101 139 269 78 85 22 280 80 228 299 174 177 250 93 127 260 11 13 1 130 231 200 74 141 206 20 24 253 279 31 
Number of disconnected nodes: 206
Max available bandwidth: 11600 Kbps
Average throughput: 4883.46 Kbps
Throughput to bandwidth ratio: 0.420988
Packet loss percentage: 37.7538%
Average delay: 6392.81 ms
Average jitter: 1642.11 ms
G_L: 0.3133

Nodes disconnected: 34 171 12 83 292 290 111 178 148 278 154 288 181 95 100 42 89 94 0 3 4 5 6 8 9 10 16 17 21 23 26 28 29 30 32 33 35 38 39 40 41 43 44 46 48 49 50 52 53 58 59 60 62 63 65 66 68 69 70 72 75 76 79 86 88 90 91 92 96 97 98 99 102 103 104 108 110 112 114 115 117 118 119 122 123 124 125 126 128 132 135 136 137 143 146 147 150 155 156 157 159 160 163 165 168 169 170 172 175 179 182 185 186 187 190 191 192 193 195 196 197 198 201 202 203 204 207 208 209 212 213 214 215 219 220 221 227 229 232 233 234 236 238 239 240 241 245 248 249 254 256 257 258 259 261 262 263 264 265 267 270 272 273 275 281 282 286 289 293 294 296 297 54 2 277 255 101 139 269 78 85 22 280 80 228 299 174 177 250 93 127 260 11 13 1 130 231 200 74 141 206 20 24 253 279 31 225 
Number of disconnected nodes: 207
Max available bandwidth: 11600 Kbps
Average throughput: 4869.19 Kbps
Throughput to bandwidth ratio: 0.419758
Packet loss percentage: 34.6675%
Average delay: 6961.1 ms
Average jitter: 2300.47 ms
G_L: 0.31

Nodes disconnected: 34 171 12 83 292 290 111 178 148 278 154 288 181 95 100 42 89 94 0 3 4 5 6 8 9 10 16 17 21 23 26 28 29 30 32 33 35 38 39 40 41 43 44 46 48 49 50 52 53 58 59 60 62 63 65 66 68 69 70 72 75 76 79 86 88 90 91 92 96 97 98 99 102 103 104 108 110 112 114 115 117 118 119 122 123 124 125 126 128 132 135 136 137 143 146 147 150 155 156 157 159 160 163 165 168 169 170 172 175 179 182 185 186 187 190 191 192 193 195 196 197 198 201 202 203 204 207 208 209 212 213 214 215 219 220 221 227 229 232 233 234 236 238 239 240 241 245 248 249 254 256 257 258 259 261 262 263 264 265 267 270 272 273 275 281 282 286 289 293 294 296 297 54 2 277 255 101 139 269 78 85 22 280 80 228 299 174 177 250 93 127 260 11 13 1 130 231 200 74 141 206 20 24 253 279 31 225 164 276 
Number of disconnected nodes: 209
Max available bandwidth: 11300 Kbps
Average throughput: 4761.64 Kbps
Throughput to bandwidth ratio: 0.421384
Packet loss percentage: 39.3043%
Average delay: 6328.6 ms
Average jitter: 1450.5 ms
G_L: 0.3033

Nodes disconnected: 34 171 12 83 292 290 111 178 148 278 154 288 181 95 100 42 89 94 0 3 4 5 6 8 9 10 16 17 21 23 26 28 29 30 32 33 35 38 39 40 41 43 44 46 48 49 50 52 53 58 59 60 62 63 65 66 68 69 70 72 75 76 79 86 88 90 91 92 96 97 98 99 102 103 104 108 110 112 114 115 117 118 119 122 123 124 125 126 128 132 135 136 137 143 146 147 150 155 156 157 159 160 163 165 168 169 170 172 175 179 182 185 186 187 190 191 192 193 195 196 197 198 201 202 203 204 207 208 209 212 213 214 215 219 220 221 227 229 232 233 234 236 238 239 240 241 245 248 249 254 256 257 258 259 261 262 263 264 265 267 270 272 273 275 281 282 286 289 293 294 296 297 54 2 277 255 101 139 269 78 85 22 280 80 228 299 174 177 250 93 127 260 11 13 1 130 231 200 74 141 206 20 24 253 279 31 225 164 276 64 224 217 295 173 144 113 184 25 216 
Number of disconnected nodes: 219
Max available bandwidth: 10200 Kbps
Average throughput: 4020.18 Kbps
Throughput to bandwidth ratio: 0.394135
Packet loss percentage: 43.2049%
Average delay: 5114.14 ms
Average jitter: 1437.54 ms
G_L: 0.27

Nodes disconnected: 34 171 12 83 292 290 111 178 148 278 154 288 181 95 100 42 89 94 0 3 4 5 6 8 9 10 16 17 21 23 26 28 29 30 32 33 35 38 39 40 41 43 44 46 48 49 50 52 53 58 59 60 62 63 65 66 68 69 70 72 75 76 79 86 88 90 91 92 96 97 98 99 102 103 104 108 110 112 114 115 117 118 119 122 123 124 125 126 128 132 135 136 137 143 146 147 150 155 156 157 159 160 163 165 168 169 170 172 175 179 182 185 186 187 190 191 192 193 195 196 197 198 201 202 203 204 207 208 209 212 213 214 215 219 220 221 227 229 232 233 234 236 238 239 240 241 245 248 249 254 256 257 258 259 261 262 263 264 265 267 270 272 273 275 281 282 286 289 293 294 296 297 54 2 277 255 101 139 269 78 85 22 280 80 228 299 174 177 250 93 127 260 11 13 1 130 231 200 74 141 206 20 24 253 279 31 225 164 276 64 224 217 295 173 144 113 184 25 216 36 
Number of disconnected nodes: 220
Max available bandwidth: 10000 Kbps
Average throughput: 3894.16 Kbps
Throughput to bandwidth ratio: 0.389416
Packet loss percentage: 45.2709%
Average delay: 6062.04 ms
Average jitter: 1354.75 ms
G_L: 0.2667

Nodes disconnected: 34 171 12 83 292 290 111 178 148 278 154 288 181 95 100 42 89 94 0 3 4 5 6 8 9 10 16 17 21 23 26 28 29 30 32 33 35 38 39 40 41 43 44 46 48 49 50 52 53 58 59 60 62 63 65 66 68 69 70 72 75 76 79 86 88 90 91 92 96 97 98 99 102 103 104 108 110 112 114 115 117 118 119 122 123 124 125 126 128 132 135 136 137 143 146 147 150 155 156 157 159 160 163 165 168 169 170 172 175 179 182 185 186 187 190 191 192 193 195 196 197 198 201 202 203 204 207 208 209 212 213 214 215 219 220 221 227 229 232 233 234 236 238 239 240 241 245 248 249 254 256 257 258 259 261 262 263 264 265 267 270 272 273 275 281 282 286 289 293 294 296 297 54 2 277 255 101 139 269 78 85 22 280 80 228 299 174 177 250 93 127 260 11 13 1 130 231 200 74 141 206 20 24 253 279 31 225 164 276 64 224 217 295 173 144 113 184 25 216 36 176 
Number of disconnected nodes: 221
Max available bandwidth: 10000 Kbps
Average throughput: 3872.54 Kbps
Throughput to bandwidth ratio: 0.387254
Packet loss percentage: 44.2028%
Average delay: 5890.95 ms
Average jitter: 1596.98 ms
G_L: 0.2633

Nodes disconnected: 34 171 12 83 292 290 111 178 148 278 154 288 181 95 100 42 89 94 0 3 4 5 6 8 9 10 16 17 21 23 26 28 29 30 32 33 35 38 39 40 41 43 44 46 48 49 50 52 53 58 59 60 62 63 65 66 68 69 70 72 75 76 79 86 88 90 91 92 96 97 98 99 102 103 104 108 110 112 114 115 117 118 119 122 123 124 125 126 128 132 135 136 137 143 146 147 150 155 156 157 159 160 163 165 168 169 170 172 175 179 182 185 186 187 190 191 192 193 195 196 197 198 201 202 203 204 207 208 209 212 213 214 215 219 220 221 227 229 232 233 234 236 238 239 240 241 245 248 249 254 256 257 258 259 261 262 263 264 265 267 270 272 273 275 281 282 286 289 293 294 296 297 54 2 277 255 101 139 269 78 85 22 280 80 228 299 174 177 250 93 127 260 11 13 1 130 231 200 74 141 206 20 24 253 279 31 225 164 276 64 224 217 295 173 144 113 184 25 216 36 176 109 
Number of disconnected nodes: 222
Max available bandwidth: 9900 Kbps
Average throughput: 3828.28 Kbps
Throughput to bandwidth ratio: 0.386695
Packet loss percentage: 43.9764%
Average delay: 6002.34 ms
Average jitter: 1692.63 ms
G_L: 0.26

Nodes disconnected: 34 171 12 83 292 290 111 178 148 278 154 288 181 95 100 42 89 94 0 3 4 5 6 8 9 10 16 17 21 23 26 28 29 30 32 33 35 38 39 40 41 43 44 46 48 49 50 52 53 58 59 60 62 63 65 66 68 69 70 72 75 76 79 86 88 90 91 92 96 97 98 99 102 103 104 108 110 112 114 115 117 118 119 122 123 124 125 126 128 132 135 136 137 143 146 147 150 155 156 157 159 160 163 165 168 169 170 172 175 179 182 185 186 187 190 191 192 193 195 196 197 198 201 202 203 204 207 208 209 212 213 214 215 219 220 221 227 229 232 233 234 236 238 239 240 241 245 248 249 254 256 257 258 259 261 262 263 264 265 267 270 272 273 275 281 282 286 289 293 294 296 297 54 2 277 255 101 139 269 78 85 22 280 80 228 299 174 177 250 93 127 260 11 13 1 130 231 200 74 141 206 20 24 253 279 31 225 164 276 64 224 217 295 173 144 113 184 25 216 36 176 109 37 
Number of disconnected nodes: 223
Max available bandwidth: 9800 Kbps
Average throughput: 3738.02 Kbps
Throughput to bandwidth ratio: 0.38143
Packet loss percentage: 45.306%
Average delay: 5949.73 ms
Average jitter: 1356.92 ms
G_L: 0.2567

Nodes disconnected: 34 171 12 83 292 290 111 178 148 278 154 288 181 95 100 42 89 94 0 3 4 5 6 8 9 10 16 17 21 23 26 28 29 30 32 33 35 38 39 40 41 43 44 46 48 49 50 52 53 58 59 60 62 63 65 66 68 69 70 72 75 76 79 86 88 90 91 92 96 97 98 99 102 103 104 108 110 112 114 115 117 118 119 122 123 124 125 126 128 132 135 136 137 143 146 147 150 155 156 157 159 160 163 165 168 169 170 172 175 179 182 185 186 187 190 191 192 193 195 196 197 198 201 202 203 204 207 208 209 212 213 214 215 219 220 221 227 229 232 233 234 236 238 239 240 241 245 248 249 254 256 257 258 259 261 262 263 264 265 267 270 272 273 275 281 282 286 289 293 294 296 297 54 2 277 255 101 139 269 78 85 22 280 80 228 299 174 177 250 93 127 260 11 13 1 130 231 200 74 141 206 20 24 253 279 31 225 164 276 64 224 217 295 173 144 113 184 25 216 36 176 109 37 56 
Number of disconnected nodes: 224
Max available bandwidth: 9700 Kbps
Average throughput: 3588.28 Kbps
Throughput to bandwidth ratio: 0.369926
Packet loss percentage: 46.1333%
Average delay: 4899.94 ms
Average jitter: 1358.21 ms
G_L: 0.2533

Nodes disconnected: 34 171 12 83 292 290 111 178 148 278 154 288 181 95 100 42 89 94 0 3 4 5 6 8 9 10 16 17 21 23 26 28 29 30 32 33 35 38 39 40 41 43 44 46 48 49 50 52 53 58 59 60 62 63 65 66 68 69 70 72 75 76 79 86 88 90 91 92 96 97 98 99 102 103 104 108 110 112 114 115 117 118 119 122 123 124 125 126 128 132 135 136 137 143 146 147 150 155 156 157 159 160 163 165 168 169 170 172 175 179 182 185 186 187 190 191 192 193 195 196 197 198 201 202 203 204 207 208 209 212 213 214 215 219 220 221 227 229 232 233 234 236 238 239 240 241 245 248 249 254 256 257 258 259 261 262 263 264 265 267 270 272 273 275 281 282 286 289 293 294 296 297 54 2 277 255 101 139 269 78 85 22 280 80 228 299 174 177 250 93 127 260 11 13 1 130 231 200 74 141 206 20 24 253 279 31 225 164 276 64 224 217 295 173 144 113 184 25 216 36 176 109 37 56 106 246 151 153 285 
Number of disconnected nodes: 229
Max available bandwidth: 8700 Kbps
Average throughput: 3414.5 Kbps
Throughput to bandwidth ratio: 0.392472
Packet loss percentage: 45.0161%
Average delay: 4660.16 ms
Average jitter: 1418.12 ms
G_L: 0.2367

Nodes disconnected: 34 171 12 83 292 290 111 178 148 278 154 288 181 95 100 42 89 94 0 3 4 5 6 8 9 10 16 17 21 23 26 28 29 30 32 33 35 38 39 40 41 43 44 46 48 49 50 52 53 58 59 60 62 63 65 66 68 69 70 72 75 76 79 86 88 90 91 92 96 97 98 99 102 103 104 108 110 112 114 115 117 118 119 122 123 124 125 126 128 132 135 136 137 143 146 147 150 155 156 157 159 160 163 165 168 169 170 172 175 179 182 185 186 187 190 191 192 193 195 196 197 198 201 202 203 204 207 208 209 212 213 214 215 219 220 221 227 229 232 233 234 236 238 239 240 241 245 248 249 254 256 257 258 259 261 262 263 264 265 267 270 272 273 275 281 282 286 289 293 294 296 297 54 2 277 255 101 139 269 78 85 22 280 80 228 299 174 177 250 93 127 260 11 13 1 130 231 200 74 141 206 20 24 253 279 31 225 164 276 64 224 217 295 173 144 113 184 25 216 36 176 109 37 56 106 246 151 153 285 161 
Number of disconnected nodes: 230
Max available bandwidth: 8600 Kbps
Average throughput: 3406.53 Kbps
Throughput to bandwidth ratio: 0.396108
Packet loss percentage: 44.1659%
Average delay: 4523.71 ms
Average jitter: 1225.07 ms
G_L: 0.2333

Nodes disconnected: 34 171 12 83 292 290 111 178 148 278 154 288 181 95 100 42 89 94 0 3 4 5 6 8 9 10 16 17 21 23 26 28 29 30 32 33 35 38 39 40 41 43 44 46 48 49 50 52 53 58 59 60 62 63 65 66 68 69 70 72 75 76 79 86 88 90 91 92 96 97 98 99 102 103 104 108 110 112 114 115 117 118 119 122 123 124 125 126 128 132 135 136 137 143 146 147 150 155 156 157 159 160 163 165 168 169 170 172 175 179 182 185 186 187 190 191 192 193 195 196 197 198 201 202 203 204 207 208 209 212 213 214 215 219 220 221 227 229 232 233 234 236 238 239 240 241 245 248 249 254 256 257 258 259 261 262 263 264 265 267 270 272 273 275 281 282 286 289 293 294 296 297 54 2 277 255 101 139 269 78 85 22 280 80 228 299 174 177 250 93 127 260 11 13 1 130 231 200 74 141 206 20 24 253 279 31 225 164 276 64 224 217 295 173 144 113 184 25 216 36 176 109 37 56 106 246 151 153 285 161 194 291 133 15 210 284 
Number of disconnected nodes: 236
Max available bandwidth: 8100 Kbps
Average throughput: 2949.67 Kbps
Throughput to bandwidth ratio: 0.364156
Packet loss percentage: 47.9697%
Average delay: 3540.98 ms
Average jitter: 1162.91 ms
G_L: 0.2133

Nodes disconnected: 34 171 12 83 292 290 111 178 148 278 154 288 181 95 100 42 89 94 0 3 4 5 6 8 9 10 16 17 21 23 26 28 29 30 32 33 35 38 39 40 41 43 44 46 48 49 50 52 53 58 59 60 62 63 65 66 68 69 70 72 75 76 79 86 88 90 91 92 96 97 98 99 102 103 104 108 110 112 114 115 117 118 119 122 123 124 125 126 128 132 135 136 137 143 146 147 150 155 156 157 159 160 163 165 168 169 170 172 175 179 182 185 186 187 190 191 192 193 195 196 197 198 201 202 203 204 207 208 209 212 213 214 215 219 220 221 227 229 232 233 234 236 238 239 240 241 245 248 249 254 256 257 258 259 261 262 263 264 265 267 270 272 273 275 281 282 286 289 293 294 296 297 54 2 277 255 101 139 269 78 85 22 280 80 228 299 174 177 250 93 127 260 11 13 1 130 231 200 74 141 206 20 24 253 279 31 225 164 276 64 224 217 295 173 144 113 184 25 216 36 176 109 37 56 106 246 151 153 285 161 194 291 133 15 210 284 129 140 268 81 18 252 188 287 
Number of disconnected nodes: 244
Max available bandwidth: 7300 Kbps
Average throughput: 2701.66 Kbps
Throughput to bandwidth ratio: 0.37009
Packet loss percentage: 44.3827%
Average delay: 3283.87 ms
Average jitter: 1168.38 ms
G_L: 0.1867

Nodes disconnected: 34 171 12 83 292 290 111 178 148 278 154 288 181 95 100 42 89 94 0 3 4 5 6 8 9 10 16 17 21 23 26 28 29 30 32 33 35 38 39 40 41 43 44 46 48 49 50 52 53 58 59 60 62 63 65 66 68 69 70 72 75 76 79 86 88 90 91 92 96 97 98 99 102 103 104 108 110 112 114 115 117 118 119 122 123 124 125 126 128 132 135 136 137 143 146 147 150 155 156 157 159 160 163 165 168 169 170 172 175 179 182 185 186 187 190 191 192 193 195 196 197 198 201 202 203 204 207 208 209 212 213 214 215 219 220 221 227 229 232 233 234 236 238 239 240 241 245 248 249 254 256 257 258 259 261 262 263 264 265 267 270 272 273 275 281 282 286 289 293 294 296 297 54 2 277 255 101 139 269 78 85 22 280 80 228 299 174 177 250 93 127 260 11 13 1 130 231 200 74 141 206 20 24 253 279 31 225 164 276 64 224 217 295 173 144 113 184 25 216 36 176 109 37 56 106 246 151 153 285 161 194 291 133 15 210 284 129 140 268 81 18 252 188 287 162 
Number of disconnected nodes: 245
Max available bandwidth: 7200 Kbps
Average throughput: 2608.52 Kbps
Throughput to bandwidth ratio: 0.362294
Packet loss percentage: 45.9574%
Average delay: 4966.61 ms
Average jitter: 1403.3 ms
G_L: 0.1833

Nodes disconnected: 34 171 12 83 292 290 111 178 148 278 154 288 181 95 100 42 89 94 0 3 4 5 6 8 9 10 16 17 21 23 26 28 29 30 32 33 35 38 39 40 41 43 44 46 48 49 50 52 53 58 59 60 62 63 65 66 68 69 70 72 75 76 79 86 88 90 91 92 96 97 98 99 102 103 104 108 110 112 114 115 117 118 119 122 123 124 125 126 128 132 135 136 137 143 146 147 150 155 156 157 159 160 163 165 168 169 170 172 175 179 182 185 186 187 190 191 192 193 195 196 197 198 201 202 203 204 207 208 209 212 213 214 215 219 220 221 227 229 232 233 234 236 238 239 240 241 245 248 249 254 256 257 258 259 261 262 263 264 265 267 270 272 273 275 281 282 286 289 293 294 296 297 54 2 277 255 101 139 269 78 85 22 280 80 228 299 174 177 250 93 127 260 11 13 1 130 231 200 74 141 206 20 24 253 279 31 225 164 276 64 224 217 295 173 144 113 184 25 216 36 176 109 37 56 106 246 151 153 285 161 194 291 133 15 210 284 129 140 268 81 18 252 188 287 162 131 134 7 266 274 19 149 283 158 166 180 183 189 199 211 84 87 218 223 235 120 121 251 
Number of disconnected nodes: 268
Max available bandwidth: 4900 Kbps
Average throughput: 1256.04 Kbps
Throughput to bandwidth ratio: 0.256335
Packet loss percentage: 60.0345%
Average delay: 2439.77 ms
Average jitter: 1005.8 ms
G_L: 0.1067

Nodes disconnected: 34 171 12 83 292 290 111 178 148 278 154 288 181 95 100 42 89 94 0 3 4 5 6 8 9 10 16 17 21 23 26 28 29 30 32 33 35 38 39 40 41 43 44 46 48 49 50 52 53 58 59 60 62 63 65 66 68 69 70 72 75 76 79 86 88 90 91 92 96 97 98 99 102 103 104 108 110 112 114 115 117 118 119 122 123 124 125 126 128 132 135 136 137 143 146 147 150 155 156 157 159 160 163 165 168 169 170 172 175 179 182 185 186 187 190 191 192 193 195 196 197 198 201 202 203 204 207 208 209 212 213 214 215 219 220 221 227 229 232 233 234 236 238 239 240 241 245 248 249 254 256 257 258 259 261 262 263 264 265 267 270 272 273 275 281 282 286 289 293 294 296 297 54 2 277 255 101 139 269 78 85 22 280 80 228 299 174 177 250 93 127 260 11 13 1 130 231 200 74 141 206 20 24 253 279 31 225 164 276 64 224 217 295 173 144 113 184 25 216 36 176 109 37 56 106 246 151 153 285 161 194 291 133 15 210 284 129 140 268 81 18 252 188 287 162 131 134 7 266 274 19 149 283 158 166 180 183 189 199 211 84 87 218 223 235 120 121 251 237 
Number of disconnected nodes: 269
Max available bandwidth: 4800 Kbps
Average throughput: 1423.73 Kbps
Throughput to bandwidth ratio: 0.29661
Packet loss percentage: 51.3769%
Average delay: 4812.73 ms
Average jitter: 1026.13 ms
G_L: 0.1033

Nodes disconnected: 34 171 12 83 292 290 111 178 148 278 154 288 181 95 100 42 89 94 0 3 4 5 6 8 9 10 16 17 21 23 26 28 29 30 32 33 35 38 39 40 41 43 44 46 48 49 50 52 53 58 59 60 62 63 65 66 68 69 70 72 75 76 79 86 88 90 91 92 96 97 98 99 102 103 104 108 110 112 114 115 117 118 119 122 123 124 125 126 128 132 135 136 137 143 146 147 150 155 156 157 159 160 163 165 168 169 170 172 175 179 182 185 186 187 190 191 192 193 195 196 197 198 201 202 203 204 207 208 209 212 213 214 215 219 220 221 227 229 232 233 234 236 238 239 240 241 245 248 249 254 256 257 258 259 261 262 263 264 265 267 270 272 273 275 281 282 286 289 293 294 296 297 54 2 277 255 101 139 269 78 85 22 280 80 228 299 174 177 250 93 127 260 11 13 1 130 231 200 74 141 206 20 24 253 279 31 225 164 276 64 224 217 295 173 144 113 184 25 216 36 176 109 37 56 106 246 151 153 285 161 194 291 133 15 210 284 129 140 268 81 18 252 188 287 162 131 134 7 266 274 19 149 283 158 166 180 183 189 199 211 84 87 218 223 235 120 121 251 237 138 14 142 271 145 152 27 167 298 45 47 51 55 57 61 73 77 205 82 222 226 230 105 107 242 243 116 244 247 
Number of disconnected nodes: 298
Max available bandwidth: 100 Kbps
Average throughput: 44.3462 Kbps
Throughput to bandwidth ratio: 0.443462
Packet loss percentage: 74.2533%
Average delay: 141.357 ms
Average jitter: 282.705 ms
G_L: 0.0067

Nodes disconnected: 34 171 12 83 292 290 111 178 148 278 154 288 181 95 100 42 89 94 0 3 4 5 6 8 9 10 16 17 21 23 26 28 29 30 32 33 35 38 39 40 41 43 44 46 48 49 50 52 53 58 59 60 62 63 65 66 68 69 70 72 75 76 79 86 88 90 91 92 96 97 98 99 102 103 104 108 110 112 114 115 117 118 119 122 123 124 125 126 128 132 135 136 137 143 146 147 150 155 156 157 159 160 163 165 168 169 170 172 175 179 182 185 186 187 190 191 192 193 195 196 197 198 201 202 203 204 207 208 209 212 213 214 215 219 220 221 227 229 232 233 234 236 238 239 240 241 245 248 249 254 256 257 258 259 261 262 263 264 265 267 270 272 273 275 281 282 286 289 293 294 296 297 54 2 277 255 101 139 269 78 85 22 280 80 228 299 174 177 250 93 127 260 11 13 1 130 231 200 74 141 206 20 24 253 279 31 225 164 276 64 224 217 295 173 144 113 184 25 216 36 176 109 37 56 106 246 151 153 285 161 194 291 133 15 210 284 129 140 268 81 18 252 188 287 162 131 134 7 266 274 19 149 283 158 166 180 183 189 199 211 84 87 218 223 235 120 121 251 237 138 14 142 271 145 152 27 167 298 45 47 51 55 57 61 73 77 205 82 222 226 230 105 107 242 243 116 244 247 67 71 
Number of disconnected nodes: 300
Max available bandwidth: 0 Kbps
Average throughput: 0 Kbps
Throughput to bandwidth ratio: -nan
Packet loss percentage: -nan%
Average delay: -nan ms
Average jitter: -nan ms
G_L: 0

