Nodes disconnected: 
Number of disconnected nodes: 0
Max available bandwidth: 33400 Kbps
Average throughput: 25289.2 Kbps
Throughput to bandwidth ratio: 0.757162
Packet loss percentage: 5.68588%
Average delay: 2125.04 ms
Average jitter: 597.51 ms
G_L: 1

Nodes disconnected: 248 209 256 143 
Number of disconnected nodes: 4
Max available bandwidth: 33200 Kbps
Average throughput: 24975.2 Kbps
Throughput to bandwidth ratio: 0.752266
Packet loss percentage: 5.97019%
Average delay: 2145.58 ms
Average jitter: 590.843 ms
G_L: 0.9867

Nodes disconnected: 248 209 256 143 97 34 185 138 
Number of disconnected nodes: 8
Max available bandwidth: 33000 Kbps
Average throughput: 24498.7 Kbps
Throughput to bandwidth ratio: 0.742386
Packet loss percentage: 6.50106%
Average delay: 2182.2 ms
Average jitter: 593.095 ms
G_L: 0.9733

Nodes disconnected: 248 209 256 143 97 34 185 138 174 
Number of disconnected nodes: 9
Max available bandwidth: 33000 Kbps
Average throughput: 24335.2 Kbps
Throughput to bandwidth ratio: 0.737429
Packet loss percentage: 6.62879%
Average delay: 2151.24 ms
Average jitter: 596.565 ms
G_L: 0.97

Nodes disconnected: 248 209 256 143 97 34 185 138 174 173 
Number of disconnected nodes: 10
Max available bandwidth: 33000 Kbps
Average throughput: 24299.6 Kbps
Throughput to bandwidth ratio: 0.736351
Packet loss percentage: 6.63645%
Average delay: 2141.16 ms
Average jitter: 588.466 ms
G_L: 0.9667

Nodes disconnected: 248 209 256 143 97 34 185 138 174 173 150 
Number of disconnected nodes: 11
Max available bandwidth: 33000 Kbps
Average throughput: 24231.6 Kbps
Throughput to bandwidth ratio: 0.734292
Packet loss percentage: 6.72402%
Average delay: 2114.2 ms
Average jitter: 586.964 ms
G_L: 0.9633

Nodes disconnected: 248 209 256 143 97 34 185 138 174 173 150 234 
Number of disconnected nodes: 12
Max available bandwidth: 33000 Kbps
Average throughput: 24120.4 Kbps
Throughput to bandwidth ratio: 0.730921
Packet loss percentage: 6.82295%
Average delay: 2100.37 ms
Average jitter: 589.851 ms
G_L: 0.96

Nodes disconnected: 248 209 256 143 97 34 185 138 174 173 150 234 88 68 
Number of disconnected nodes: 14
Max available bandwidth: 32900 Kbps
Average throughput: 23878.3 Kbps
Throughput to bandwidth ratio: 0.725786
Packet loss percentage: 7.05585%
Average delay: 2150.35 ms
Average jitter: 589.976 ms
G_L: 0.9533

Nodes disconnected: 248 209 256 143 97 34 185 138 174 173 150 234 88 68 221 
Number of disconnected nodes: 15
Max available bandwidth: 32900 Kbps
Average throughput: 23839.9 Kbps
Throughput to bandwidth ratio: 0.724618
Packet loss percentage: 7.13855%
Average delay: 2125.76 ms
Average jitter: 584.353 ms
G_L: 0.95

Nodes disconnected: 248 209 256 143 97 34 185 138 174 173 150 234 88 68 221 0 3 4 5 6 8 9 10 12 16 17 21 23 26 28 29 30 31 32 33 35 38 39 40 41 44 46 48 49 50 52 53 58 60 62 65 66 69 70 72 75 76 79 83 86 90 91 92 95 96 98 99 100 102 103 104 108 110 111 112 114 115 117 118 119 122 123 124 125 126 128 132 135 136 137 146 147 148 155 156 157 159 160 163 165 168 169 170 171 172 175 179 181 182 186 187 190 191 192 193 195 196 197 198 201 202 207 208 212 213 215 219 220 227 229 232 233 236 238 239 240 241 245 249 257 258 259 261 262 263 264 265 267 272 273 275 278 279 281 286 288 290 292 293 294 296 297 298 
Number of disconnected nodes: 163
Max available bandwidth: 15000 Kbps
Average throughput: 8712.82 Kbps
Throughput to bandwidth ratio: 0.580855
Packet loss percentage: 36.8137%
Average delay: 2906.23 ms
Average jitter: 648.596 ms
G_L: 0.4567

Nodes disconnected: 248 209 256 143 97 34 185 138 174 173 150 234 88 68 221 0 3 4 5 6 8 9 10 12 16 17 21 23 26 28 29 30 31 32 33 35 38 39 40 41 44 46 48 49 50 52 53 58 60 62 65 66 69 70 72 75 76 79 83 86 90 91 92 95 96 98 99 100 102 103 104 108 110 111 112 114 115 117 118 119 122 123 124 125 126 128 132 135 136 137 146 147 148 155 156 157 159 160 163 165 168 169 170 171 172 175 179 181 182 186 187 190 191 192 193 195 196 197 198 201 202 207 208 212 213 215 219 220 227 229 232 233 236 238 239 240 241 245 249 257 258 259 261 262 263 264 265 267 272 273 275 278 279 281 286 288 290 292 293 294 296 297 298 2 277 
Number of disconnected nodes: 165
Max available bandwidth: 14900 Kbps
Average throughput: 8562.62 Kbps
Throughput to bandwidth ratio: 0.574672
Packet loss percentage: 36.6253%
Average delay: 2970.69 ms
Average jitter: 660.225 ms
G_L: 0.45

Nodes disconnected: 248 209 256 143 97 34 185 138 174 173 150 234 88 68 221 0 3 4 5 6 8 9 10 12 16 17 21 23 26 28 29 30 31 32 33 35 38 39 40 41 44 46 48 49 50 52 53 58 60 62 65 66 69 70 72 75 76 79 83 86 90 91 92 95 96 98 99 100 102 103 104 108 110 111 112 114 115 117 118 119 122 123 124 125 126 128 132 135 136 137 146 147 148 155 156 157 159 160 163 165 168 169 170 171 172 175 179 181 182 186 187 190 191 192 193 195 196 197 198 201 202 207 208 212 213 215 219 220 227 229 232 233 236 238 239 240 241 245 249 257 258 259 261 262 263 264 265 267 272 273 275 278 279 281 286 288 290 292 293 294 296 297 298 2 277 194 291 284 133 
Number of disconnected nodes: 169
Max available bandwidth: 14500 Kbps
Average throughput: 8421.65 Kbps
Throughput to bandwidth ratio: 0.580803
Packet loss percentage: 36.7784%
Average delay: 2848.9 ms
Average jitter: 635.281 ms
G_L: 0.4367

Nodes disconnected: 248 209 256 143 97 34 185 138 174 173 150 234 88 68 221 0 3 4 5 6 8 9 10 12 16 17 21 23 26 28 29 30 31 32 33 35 38 39 40 41 44 46 48 49 50 52 53 58 60 62 65 66 69 70 72 75 76 79 83 86 90 91 92 95 96 98 99 100 102 103 104 108 110 111 112 114 115 117 118 119 122 123 124 125 126 128 132 135 136 137 146 147 148 155 156 157 159 160 163 165 168 169 170 171 172 175 179 181 182 186 187 190 191 192 193 195 196 197 198 201 202 207 208 212 213 215 219 220 227 229 232 233 236 238 239 240 241 245 249 257 258 259 261 262 263 264 265 267 272 273 275 278 279 281 286 288 290 292 293 294 296 297 298 2 277 194 291 284 133 228 
Number of disconnected nodes: 170
Max available bandwidth: 14500 Kbps
Average throughput: 8411.83 Kbps
Throughput to bandwidth ratio: 0.580126
Packet loss percentage: 36.4306%
Average delay: 2840.47 ms
Average jitter: 637.315 ms
G_L: 0.4333

Nodes disconnected: 248 209 256 143 97 34 185 138 174 173 150 234 88 68 221 0 3 4 5 6 8 9 10 12 16 17 21 23 26 28 29 30 31 32 33 35 38 39 40 41 44 46 48 49 50 52 53 58 60 62 65 66 69 70 72 75 76 79 83 86 90 91 92 95 96 98 99 100 102 103 104 108 110 111 112 114 115 117 118 119 122 123 124 125 126 128 132 135 136 137 146 147 148 155 156 157 159 160 163 165 168 169 170 171 172 175 179 181 182 186 187 190 191 192 193 195 196 197 198 201 202 207 208 212 213 215 219 220 227 229 232 233 236 238 239 240 241 245 249 257 258 259 261 262 263 264 265 267 272 273 275 278 279 281 286 288 290 292 293 294 296 297 298 2 277 194 291 284 133 228 59 43 
Number of disconnected nodes: 172
Max available bandwidth: 14400 Kbps
Average throughput: 8278.55 Kbps
Throughput to bandwidth ratio: 0.574899
Packet loss percentage: 36.3151%
Average delay: 2823.95 ms
Average jitter: 631.528 ms
G_L: 0.4267

Nodes disconnected: 248 209 256 143 97 34 185 138 174 173 150 234 88 68 221 0 3 4 5 6 8 9 10 12 16 17 21 23 26 28 29 30 31 32 33 35 38 39 40 41 44 46 48 49 50 52 53 58 60 62 65 66 69 70 72 75 76 79 83 86 90 91 92 95 96 98 99 100 102 103 104 108 110 111 112 114 115 117 118 119 122 123 124 125 126 128 132 135 136 137 146 147 148 155 156 157 159 160 163 165 168 169 170 171 172 175 179 181 182 186 187 190 191 192 193 195 196 197 198 201 202 207 208 212 213 215 219 220 227 229 232 233 236 238 239 240 241 245 249 257 258 259 261 262 263 264 265 267 272 273 275 278 279 281 286 288 290 292 293 294 296 297 298 2 277 194 291 284 133 228 59 43 205 
Number of disconnected nodes: 173
Max available bandwidth: 14400 Kbps
Average throughput: 8197.52 Kbps
Throughput to bandwidth ratio: 0.569272
Packet loss percentage: 36.5911%
Average delay: 2937.83 ms
Average jitter: 630.894 ms
G_L: 0.4233

Nodes disconnected: 248 209 256 143 97 34 185 138 174 173 150 234 88 68 221 0 3 4 5 6 8 9 10 12 16 17 21 23 26 28 29 30 31 32 33 35 38 39 40 41 44 46 48 49 50 52 53 58 60 62 65 66 69 70 72 75 76 79 83 86 90 91 92 95 96 98 99 100 102 103 104 108 110 111 112 114 115 117 118 119 122 123 124 125 126 128 132 135 136 137 146 147 148 155 156 157 159 160 163 165 168 169 170 171 172 175 179 181 182 186 187 190 191 192 193 195 196 197 198 201 202 207 208 212 213 215 219 220 227 229 232 233 236 238 239 240 241 245 249 257 258 259 261 262 263 264 265 267 272 273 275 278 279 281 286 288 290 292 293 294 296 297 298 2 277 194 291 284 133 228 59 43 205 188 
Number of disconnected nodes: 174
Max available bandwidth: 14300 Kbps
Average throughput: 8143.39 Kbps
Throughput to bandwidth ratio: 0.569468
Packet loss percentage: 36.849%
Average delay: 2694.94 ms
Average jitter: 611.678 ms
G_L: 0.42

Nodes disconnected: 248 209 256 143 97 34 185 138 174 173 150 234 88 68 221 0 3 4 5 6 8 9 10 12 16 17 21 23 26 28 29 30 31 32 33 35 38 39 40 41 44 46 48 49 50 52 53 58 60 62 65 66 69 70 72 75 76 79 83 86 90 91 92 95 96 98 99 100 102 103 104 108 110 111 112 114 115 117 118 119 122 123 124 125 126 128 132 135 136 137 146 147 148 155 156 157 159 160 163 165 168 169 170 171 172 175 179 181 182 186 187 190 191 192 193 195 196 197 198 201 202 207 208 212 213 215 219 220 227 229 232 233 236 238 239 240 241 245 249 257 258 259 261 262 263 264 265 267 272 273 275 278 279 281 286 288 290 292 293 294 296 297 298 2 277 194 291 284 133 228 59 43 205 188 161 
Number of disconnected nodes: 175
Max available bandwidth: 14200 Kbps
Average throughput: 8056.78 Kbps
Throughput to bandwidth ratio: 0.567379
Packet loss percentage: 37.0141%
Average delay: 2748.04 ms
Average jitter: 603.008 ms
G_L: 0.4167

Nodes disconnected: 248 209 256 143 97 34 185 138 174 173 150 234 88 68 221 0 3 4 5 6 8 9 10 12 16 17 21 23 26 28 29 30 31 32 33 35 38 39 40 41 44 46 48 49 50 52 53 58 60 62 65 66 69 70 72 75 76 79 83 86 90 91 92 95 96 98 99 100 102 103 104 108 110 111 112 114 115 117 118 119 122 123 124 125 126 128 132 135 136 137 146 147 148 155 156 157 159 160 163 165 168 169 170 171 172 175 179 181 182 186 187 190 191 192 193 195 196 197 198 201 202 207 208 212 213 215 219 220 227 229 232 233 236 238 239 240 241 245 249 257 258 259 261 262 263 264 265 267 272 273 275 278 279 281 286 288 290 292 293 294 296 297 298 2 277 194 291 284 133 228 59 43 205 188 161 271 
Number of disconnected nodes: 176
Max available bandwidth: 14200 Kbps
Average throughput: 7989.66 Kbps
Throughput to bandwidth ratio: 0.562652
Packet loss percentage: 37.0224%
Average delay: 2640.86 ms
Average jitter: 619.281 ms
G_L: 0.4133

Nodes disconnected: 248 209 256 143 97 34 185 138 174 173 150 234 88 68 221 0 3 4 5 6 8 9 10 12 16 17 21 23 26 28 29 30 31 32 33 35 38 39 40 41 44 46 48 49 50 52 53 58 60 62 65 66 69 70 72 75 76 79 83 86 90 91 92 95 96 98 99 100 102 103 104 108 110 111 112 114 115 117 118 119 122 123 124 125 126 128 132 135 136 137 146 147 148 155 156 157 159 160 163 165 168 169 170 171 172 175 179 181 182 186 187 190 191 192 193 195 196 197 198 201 202 207 208 212 213 215 219 220 227 229 232 233 236 238 239 240 241 245 249 257 258 259 261 262 263 264 265 267 272 273 275 278 279 281 286 288 290 292 293 294 296 297 298 2 277 194 291 284 133 228 59 43 205 188 161 271 1 130 140 13 141 268 144 20 24 36 42 180 54 61 199 200 73 74 77 206 224 231 107 116 252 253 
Number of disconnected nodes: 202
Max available bandwidth: 11600 Kbps
Average throughput: 5663.73 Kbps
Throughput to bandwidth ratio: 0.488253
Packet loss percentage: 44.1196%
Average delay: 2076.17 ms
Average jitter: 530.585 ms
G_L: 0.3267

Nodes disconnected: 248 209 256 143 97 34 185 138 174 173 150 234 88 68 221 0 3 4 5 6 8 9 10 12 16 17 21 23 26 28 29 30 31 32 33 35 38 39 40 41 44 46 48 49 50 52 53 58 60 62 65 66 69 70 72 75 76 79 83 86 90 91 92 95 96 98 99 100 102 103 104 108 110 111 112 114 115 117 118 119 122 123 124 125 126 128 132 135 136 137 146 147 148 155 156 157 159 160 163 165 168 169 170 171 172 175 179 181 182 186 187 190 191 192 193 195 196 197 198 201 202 207 208 212 213 215 219 220 227 229 232 233 236 238 239 240 241 245 249 257 258 259 261 262 263 264 265 267 272 273 275 278 279 281 286 288 290 292 293 294 296 297 298 2 277 194 291 284 133 228 59 43 205 188 161 271 1 130 140 13 141 268 144 20 24 36 42 180 54 61 199 200 73 74 77 206 224 231 107 116 252 253 269 
Number of disconnected nodes: 203
Max available bandwidth: 11600 Kbps
Average throughput: 5503.67 Kbps
Throughput to bandwidth ratio: 0.474454
Packet loss percentage: 44.5516%
Average delay: 2202.63 ms
Average jitter: 546.732 ms
G_L: 0.3233

Nodes disconnected: 248 209 256 143 97 34 185 138 174 173 150 234 88 68 221 0 3 4 5 6 8 9 10 12 16 17 21 23 26 28 29 30 31 32 33 35 38 39 40 41 44 46 48 49 50 52 53 58 60 62 65 66 69 70 72 75 76 79 83 86 90 91 92 95 96 98 99 100 102 103 104 108 110 111 112 114 115 117 118 119 122 123 124 125 126 128 132 135 136 137 146 147 148 155 156 157 159 160 163 165 168 169 170 171 172 175 179 181 182 186 187 190 191 192 193 195 196 197 198 201 202 207 208 212 213 215 219 220 227 229 232 233 236 238 239 240 241 245 249 257 258 259 261 262 263 264 265 267 272 273 275 278 279 281 286 288 290 292 293 294 296 297 298 2 277 194 291 284 133 228 59 43 205 188 161 271 1 130 140 13 141 268 144 20 24 36 42 180 54 61 199 200 73 74 77 206 224 231 107 116 252 253 269 246 
Number of disconnected nodes: 204
Max available bandwidth: 11600 Kbps
Average throughput: 5513.31 Kbps
Throughput to bandwidth ratio: 0.475286
Packet loss percentage: 44.9521%
Average delay: 2177.22 ms
Average jitter: 540.011 ms
G_L: 0.32

Nodes disconnected: 248 209 256 143 97 34 185 138 174 173 150 234 88 68 221 0 3 4 5 6 8 9 10 12 16 17 21 23 26 28 29 30 31 32 33 35 38 39 40 41 44 46 48 49 50 52 53 58 60 62 65 66 69 70 72 75 76 79 83 86 90 91 92 95 96 98 99 100 102 103 104 108 110 111 112 114 115 117 118 119 122 123 124 125 126 128 132 135 136 137 146 147 148 155 156 157 159 160 163 165 168 169 170 171 172 175 179 181 182 186 187 190 191 192 193 195 196 197 198 201 202 207 208 212 213 215 219 220 227 229 232 233 236 238 239 240 241 245 249 257 258 259 261 262 263 264 265 267 272 273 275 278 279 281 286 288 290 292 293 294 296 297 298 2 277 194 291 284 133 228 59 43 205 188 161 271 1 130 140 13 141 268 144 20 24 36 42 180 54 61 199 200 73 74 77 206 224 231 107 116 252 253 269 246 295 11 270 22 216 222 
Number of disconnected nodes: 210
Max available bandwidth: 11200 Kbps
Average throughput: 5266.44 Kbps
Throughput to bandwidth ratio: 0.470218
Packet loss percentage: 44.8769%
Average delay: 2379.29 ms
Average jitter: 526.879 ms
G_L: 0.3

Nodes disconnected: 248 209 256 143 97 34 185 138 174 173 150 234 88 68 221 0 3 4 5 6 8 9 10 12 16 17 21 23 26 28 29 30 31 32 33 35 38 39 40 41 44 46 48 49 50 52 53 58 60 62 65 66 69 70 72 75 76 79 83 86 90 91 92 95 96 98 99 100 102 103 104 108 110 111 112 114 115 117 118 119 122 123 124 125 126 128 132 135 136 137 146 147 148 155 156 157 159 160 163 165 168 169 170 171 172 175 179 181 182 186 187 190 191 192 193 195 196 197 198 201 202 207 208 212 213 215 219 220 227 229 232 233 236 238 239 240 241 245 249 257 258 259 261 262 263 264 265 267 272 273 275 278 279 281 286 288 290 292 293 294 296 297 298 2 277 194 291 284 133 228 59 43 205 188 161 271 1 130 140 13 141 268 144 20 24 36 42 180 54 61 199 200 73 74 77 206 224 231 107 116 252 253 269 246 295 11 270 22 216 222 84 
Number of disconnected nodes: 211
Max available bandwidth: 11200 Kbps
Average throughput: 5197.06 Kbps
Throughput to bandwidth ratio: 0.464023
Packet loss percentage: 45.2889%
Average delay: 2320.8 ms
Average jitter: 521.197 ms
G_L: 0.2967

Nodes disconnected: 248 209 256 143 97 34 185 138 174 173 150 234 88 68 221 0 3 4 5 6 8 9 10 12 16 17 21 23 26 28 29 30 31 32 33 35 38 39 40 41 44 46 48 49 50 52 53 58 60 62 65 66 69 70 72 75 76 79 83 86 90 91 92 95 96 98 99 100 102 103 104 108 110 111 112 114 115 117 118 119 122 123 124 125 126 128 132 135 136 137 146 147 148 155 156 157 159 160 163 165 168 169 170 171 172 175 179 181 182 186 187 190 191 192 193 195 196 197 198 201 202 207 208 212 213 215 219 220 227 229 232 233 236 238 239 240 241 245 249 257 258 259 261 262 263 264 265 267 272 273 275 278 279 281 286 288 290 292 293 294 296 297 298 2 277 194 291 284 133 228 59 43 205 188 161 271 1 130 140 13 141 268 144 20 24 36 42 180 54 61 199 200 73 74 77 206 224 231 107 116 252 253 269 246 295 11 270 22 216 222 84 203 204 299 214 250 93 254 
Number of disconnected nodes: 218
Max available bandwidth: 10400 Kbps
Average throughput: 4777.18 Kbps
Throughput to bandwidth ratio: 0.459344
Packet loss percentage: 45.1849%
Average delay: 2542.66 ms
Average jitter: 531.4 ms
G_L: 0.2733

Nodes disconnected: 248 209 256 143 97 34 185 138 174 173 150 234 88 68 221 0 3 4 5 6 8 9 10 12 16 17 21 23 26 28 29 30 31 32 33 35 38 39 40 41 44 46 48 49 50 52 53 58 60 62 65 66 69 70 72 75 76 79 83 86 90 91 92 95 96 98 99 100 102 103 104 108 110 111 112 114 115 117 118 119 122 123 124 125 126 128 132 135 136 137 146 147 148 155 156 157 159 160 163 165 168 169 170 171 172 175 179 181 182 186 187 190 191 192 193 195 196 197 198 201 202 207 208 212 213 215 219 220 227 229 232 233 236 238 239 240 241 245 249 257 258 259 261 262 263 264 265 267 272 273 275 278 279 281 286 288 290 292 293 294 296 297 298 2 277 194 291 284 133 228 59 43 205 188 161 271 1 130 140 13 141 268 144 20 24 36 42 180 54 61 199 200 73 74 77 206 224 231 107 116 252 253 269 246 295 11 270 22 216 222 84 203 204 299 214 250 93 254 101 
Number of disconnected nodes: 219
Max available bandwidth: 10400 Kbps
Average throughput: 4743.45 Kbps
Throughput to bandwidth ratio: 0.456101
Packet loss percentage: 45.2519%
Average delay: 2533.06 ms
Average jitter: 519.309 ms
G_L: 0.27

Nodes disconnected: 248 209 256 143 97 34 185 138 174 173 150 234 88 68 221 0 3 4 5 6 8 9 10 12 16 17 21 23 26 28 29 30 31 32 33 35 38 39 40 41 44 46 48 49 50 52 53 58 60 62 65 66 69 70 72 75 76 79 83 86 90 91 92 95 96 98 99 100 102 103 104 108 110 111 112 114 115 117 118 119 122 123 124 125 126 128 132 135 136 137 146 147 148 155 156 157 159 160 163 165 168 169 170 171 172 175 179 181 182 186 187 190 191 192 193 195 196 197 198 201 202 207 208 212 213 215 219 220 227 229 232 233 236 238 239 240 241 245 249 257 258 259 261 262 263 264 265 267 272 273 275 278 279 281 286 288 290 292 293 294 296 297 298 2 277 194 291 284 133 228 59 43 205 188 161 271 1 130 140 13 141 268 144 20 24 36 42 180 54 61 199 200 73 74 77 206 224 231 107 116 252 253 269 246 295 11 270 22 216 222 84 203 204 299 214 250 93 254 101 178 154 
Number of disconnected nodes: 221
Max available bandwidth: 10300 Kbps
Average throughput: 4542.3 Kbps
Throughput to bandwidth ratio: 0.441
Packet loss percentage: 46.6227%
Average delay: 2690.25 ms
Average jitter: 502.432 ms
G_L: 0.2633

Nodes disconnected: 248 209 256 143 97 34 185 138 174 173 150 234 88 68 221 0 3 4 5 6 8 9 10 12 16 17 21 23 26 28 29 30 31 32 33 35 38 39 40 41 44 46 48 49 50 52 53 58 60 62 65 66 69 70 72 75 76 79 83 86 90 91 92 95 96 98 99 100 102 103 104 108 110 111 112 114 115 117 118 119 122 123 124 125 126 128 132 135 136 137 146 147 148 155 156 157 159 160 163 165 168 169 170 171 172 175 179 181 182 186 187 190 191 192 193 195 196 197 198 201 202 207 208 212 213 215 219 220 227 229 232 233 236 238 239 240 241 245 249 257 258 259 261 262 263 264 265 267 272 273 275 278 279 281 286 288 290 292 293 294 296 297 298 2 277 194 291 284 133 228 59 43 205 188 161 271 1 130 140 13 141 268 144 20 24 36 42 180 54 61 199 200 73 74 77 206 224 231 107 116 252 253 269 246 295 11 270 22 216 222 84 203 204 299 214 250 93 254 101 178 154 184 37 
Number of disconnected nodes: 223
Max available bandwidth: 10200 Kbps
Average throughput: 4370.16 Kbps
Throughput to bandwidth ratio: 0.428447
Packet loss percentage: 47.1366%
Average delay: 2695.61 ms
Average jitter: 515.497 ms
G_L: 0.2567

Nodes disconnected: 248 209 256 143 97 34 185 138 174 173 150 234 88 68 221 0 3 4 5 6 8 9 10 12 16 17 21 23 26 28 29 30 31 32 33 35 38 39 40 41 44 46 48 49 50 52 53 58 60 62 65 66 69 70 72 75 76 79 83 86 90 91 92 95 96 98 99 100 102 103 104 108 110 111 112 114 115 117 118 119 122 123 124 125 126 128 132 135 136 137 146 147 148 155 156 157 159 160 163 165 168 169 170 171 172 175 179 181 182 186 187 190 191 192 193 195 196 197 198 201 202 207 208 212 213 215 219 220 227 229 232 233 236 238 239 240 241 245 249 257 258 259 261 262 263 264 265 267 272 273 275 278 279 281 286 288 290 292 293 294 296 297 298 2 277 194 291 284 133 228 59 43 205 188 161 271 1 130 140 13 141 268 144 20 24 36 42 180 54 61 199 200 73 74 77 206 224 231 107 116 252 253 269 246 295 11 270 22 216 222 84 203 204 299 214 250 93 254 101 178 154 184 37 64 134 
Number of disconnected nodes: 225
Max available bandwidth: 9800 Kbps
Average throughput: 4222.42 Kbps
Throughput to bandwidth ratio: 0.430859
Packet loss percentage: 48.8675%
Average delay: 2727.49 ms
Average jitter: 486.466 ms
G_L: 0.25

Nodes disconnected: 248 209 256 143 97 34 185 138 174 173 150 234 88 68 221 0 3 4 5 6 8 9 10 12 16 17 21 23 26 28 29 30 31 32 33 35 38 39 40 41 44 46 48 49 50 52 53 58 60 62 65 66 69 70 72 75 76 79 83 86 90 91 92 95 96 98 99 100 102 103 104 108 110 111 112 114 115 117 118 119 122 123 124 125 126 128 132 135 136 137 146 147 148 155 156 157 159 160 163 165 168 169 170 171 172 175 179 181 182 186 187 190 191 192 193 195 196 197 198 201 202 207 208 212 213 215 219 220 227 229 232 233 236 238 239 240 241 245 249 257 258 259 261 262 263 264 265 267 272 273 275 278 279 281 286 288 290 292 293 294 296 297 298 2 277 194 291 284 133 228 59 43 205 188 161 271 1 130 140 13 141 268 144 20 24 36 42 180 54 61 199 200 73 74 77 206 224 231 107 116 252 253 269 246 295 11 270 22 216 222 84 203 204 299 214 250 93 254 101 178 154 184 37 64 134 113 67 71 
Number of disconnected nodes: 228
Max available bandwidth: 9400 Kbps
Average throughput: 4135.93 Kbps
Throughput to bandwidth ratio: 0.439993
Packet loss percentage: 47.2575%
Average delay: 2726.91 ms
Average jitter: 491.081 ms
G_L: 0.24

Nodes disconnected: 248 209 256 143 97 34 185 138 174 173 150 234 88 68 221 0 3 4 5 6 8 9 10 12 16 17 21 23 26 28 29 30 31 32 33 35 38 39 40 41 44 46 48 49 50 52 53 58 60 62 65 66 69 70 72 75 76 79 83 86 90 91 92 95 96 98 99 100 102 103 104 108 110 111 112 114 115 117 118 119 122 123 124 125 126 128 132 135 136 137 146 147 148 155 156 157 159 160 163 165 168 169 170 171 172 175 179 181 182 186 187 190 191 192 193 195 196 197 198 201 202 207 208 212 213 215 219 220 227 229 232 233 236 238 239 240 241 245 249 257 258 259 261 262 263 264 265 267 272 273 275 278 279 281 286 288 290 292 293 294 296 297 298 2 277 194 291 284 133 228 59 43 205 188 161 271 1 130 140 13 141 268 144 20 24 36 42 180 54 61 199 200 73 74 77 206 224 231 107 116 252 253 269 246 295 11 270 22 216 222 84 203 204 299 214 250 93 254 101 178 154 184 37 64 134 113 67 71 129 131 255 260 7 266 139 14 15 142 145 18 19 274 149 276 151 152 25 153 27 280 282 158 283 285 287 162 289 164 166 167 45 47 176 177 51 55 56 57 183 189 63 78 80 81 82 210 211 85 87 89 217 218 94 223 225 226 230 105 106 235 109 237 242 243 244 247 120 121 251 127 
Number of disconnected nodes: 300
Max available bandwidth: 0 Kbps
Average throughput: 0 Kbps
Throughput to bandwidth ratio: -nan
Packet loss percentage: -nan%
Average delay: -nan ms
Average jitter: -nan ms
G_L: 0

