Nodes disconnected: 
Number of disconnected nodes: 0
Max available bandwidth: 33400 Kbps
Average throughput: 17118.3 Kbps
Throughput to bandwidth ratio: 0.512525
Packet loss percentage: 5.25672%
Average delay: 8250.27 ms
Average jitter: 4519.7 ms
G_L: 1

Nodes disconnected: 267 100 
Number of disconnected nodes: 2
Max available bandwidth: 33400 Kbps
Average throughput: 16976.8 Kbps
Throughput to bandwidth ratio: 0.508288
Packet loss percentage: 5.26684%
Average delay: 7302.3 ms
Average jitter: 3995.65 ms
G_L: 0.9933

Nodes disconnected: 267 100 11 
Number of disconnected nodes: 3
Max available bandwidth: 33200 Kbps
Average throughput: 17015.8 Kbps
Throughput to bandwidth ratio: 0.512524
Packet loss percentage: 5.18485%
Average delay: 8120.39 ms
Average jitter: 4454.92 ms
G_L: 0.99

Nodes disconnected: 267 100 11 78 
Number of disconnected nodes: 4
Max available bandwidth: 33100 Kbps
Average throughput: 16861.7 Kbps
Throughput to bandwidth ratio: 0.509418
Packet loss percentage: 5.24357%
Average delay: 8107.89 ms
Average jitter: 4246.16 ms
G_L: 0.9867

Nodes disconnected: 267 100 11 78 224 34 171 12 13 77 144 
Number of disconnected nodes: 11
Max available bandwidth: 32600 Kbps
Average throughput: 16590.2 Kbps
Throughput to bandwidth ratio: 0.508901
Packet loss percentage: 5.23725%
Average delay: 7896.28 ms
Average jitter: 4556.56 ms
G_L: 0.9633

Nodes disconnected: 267 100 11 78 224 34 171 12 13 77 144 44 293 39 
Number of disconnected nodes: 14
Max available bandwidth: 32300 Kbps
Average throughput: 16189.5 Kbps
Throughput to bandwidth ratio: 0.501222
Packet loss percentage: 5.22435%
Average delay: 7695.18 ms
Average jitter: 4022.1 ms
G_L: 0.9533

Nodes disconnected: 267 100 11 78 224 34 171 12 13 77 144 44 293 39 0 3 4 5 6 8 9 10 16 17 21 23 26 28 29 30 32 33 35 38 40 41 46 48 49 50 52 53 58 60 62 65 66 68 69 70 72 75 76 79 83 86 88 90 91 92 95 96 97 98 99 102 103 104 108 110 111 112 114 115 117 118 119 122 123 124 125 126 128 132 135 136 137 143 146 147 148 150 155 156 157 159 160 163 165 168 169 170 172 175 179 181 182 185 186 187 190 191 192 193 195 196 197 198 201 202 203 204 207 208 209 212 213 214 215 219 220 221 227 229 232 233 234 236 238 239 240 241 245 248 249 256 257 258 259 261 262 263 264 265 272 273 275 278 281 286 288 290 292 294 296 297 
Number of disconnected nodes: 166
Max available bandwidth: 14400 Kbps
Average throughput: 6618.71 Kbps
Throughput to bandwidth ratio: 0.459633
Packet loss percentage: 36.5099%
Average delay: 7698.39 ms
Average jitter: 2876.77 ms
G_L: 0.4467

Nodes disconnected: 267 100 11 78 224 34 171 12 13 77 144 44 293 39 0 3 4 5 6 8 9 10 16 17 21 23 26 28 29 30 32 33 35 38 40 41 46 48 49 50 52 53 58 60 62 65 66 68 69 70 72 75 76 79 83 86 88 90 91 92 95 96 97 98 99 102 103 104 108 110 111 112 114 115 117 118 119 122 123 124 125 126 128 132 135 136 137 143 146 147 148 150 155 156 157 159 160 163 165 168 169 170 172 175 179 181 182 185 186 187 190 191 192 193 195 196 197 198 201 202 203 204 207 208 209 212 213 214 215 219 220 221 227 229 232 233 234 236 238 239 240 241 245 248 249 256 257 258 259 261 262 263 264 265 272 273 275 278 281 286 288 290 292 294 296 297 235 
Number of disconnected nodes: 167
Max available bandwidth: 14300 Kbps
Average throughput: 6626.93 Kbps
Throughput to bandwidth ratio: 0.463422
Packet loss percentage: 36.125%
Average delay: 6291.11 ms
Average jitter: 2247.33 ms
G_L: 0.4433

Nodes disconnected: 267 100 11 78 224 34 171 12 13 77 144 44 293 39 0 3 4 5 6 8 9 10 16 17 21 23 26 28 29 30 32 33 35 38 40 41 46 48 49 50 52 53 58 60 62 65 66 68 69 70 72 75 76 79 83 86 88 90 91 92 95 96 97 98 99 102 103 104 108 110 111 112 114 115 117 118 119 122 123 124 125 126 128 132 135 136 137 143 146 147 148 150 155 156 157 159 160 163 165 168 169 170 172 175 179 181 182 185 186 187 190 191 192 193 195 196 197 198 201 202 203 204 207 208 209 212 213 214 215 219 220 221 227 229 232 233 234 236 238 239 240 241 245 248 249 256 257 258 259 261 262 263 264 265 272 273 275 278 281 286 288 290 292 294 296 297 235 64 37 134 184 
Number of disconnected nodes: 171
Max available bandwidth: 13800 Kbps
Average throughput: 6326.71 Kbps
Throughput to bandwidth ratio: 0.458457
Packet loss percentage: 36.9597%
Average delay: 7620.82 ms
Average jitter: 2833.78 ms
G_L: 0.43

Nodes disconnected: 267 100 11 78 224 34 171 12 13 77 144 44 293 39 0 3 4 5 6 8 9 10 16 17 21 23 26 28 29 30 32 33 35 38 40 41 46 48 49 50 52 53 58 60 62 65 66 68 69 70 72 75 76 79 83 86 88 90 91 92 95 96 97 98 99 102 103 104 108 110 111 112 114 115 117 118 119 122 123 124 125 126 128 132 135 136 137 143 146 147 148 150 155 156 157 159 160 163 165 168 169 170 172 175 179 181 182 185 186 187 190 191 192 193 195 196 197 198 201 202 203 204 207 208 209 212 213 214 215 219 220 221 227 229 232 233 234 236 238 239 240 241 245 248 249 256 257 258 259 261 262 263 264 265 272 273 275 278 281 286 288 290 292 294 296 297 235 64 37 134 184 2 277 
Number of disconnected nodes: 173
Max available bandwidth: 13700 Kbps
Average throughput: 6355.18 Kbps
Throughput to bandwidth ratio: 0.463882
Packet loss percentage: 38.6326%
Average delay: 6961.98 ms
Average jitter: 2155.23 ms
G_L: 0.4233

Nodes disconnected: 267 100 11 78 224 34 171 12 13 77 144 44 293 39 0 3 4 5 6 8 9 10 16 17 21 23 26 28 29 30 32 33 35 38 40 41 46 48 49 50 52 53 58 60 62 65 66 68 69 70 72 75 76 79 83 86 88 90 91 92 95 96 97 98 99 102 103 104 108 110 111 112 114 115 117 118 119 122 123 124 125 126 128 132 135 136 137 143 146 147 148 150 155 156 157 159 160 163 165 168 169 170 172 175 179 181 182 185 186 187 190 191 192 193 195 196 197 198 201 202 203 204 207 208 209 212 213 214 215 219 220 221 227 229 232 233 234 236 238 239 240 241 245 248 249 256 257 258 259 261 262 263 264 265 272 273 275 278 281 286 288 290 292 294 296 297 235 64 37 134 184 2 277 250 
Number of disconnected nodes: 174
Max available bandwidth: 13700 Kbps
Average throughput: 6270.1 Kbps
Throughput to bandwidth ratio: 0.457671
Packet loss percentage: 35.174%
Average delay: 7850.02 ms
Average jitter: 2899.46 ms
G_L: 0.42

Nodes disconnected: 267 100 11 78 224 34 171 12 13 77 144 44 293 39 0 3 4 5 6 8 9 10 16 17 21 23 26 28 29 30 32 33 35 38 40 41 46 48 49 50 52 53 58 60 62 65 66 68 69 70 72 75 76 79 83 86 88 90 91 92 95 96 97 98 99 102 103 104 108 110 111 112 114 115 117 118 119 122 123 124 125 126 128 132 135 136 137 143 146 147 148 150 155 156 157 159 160 163 165 168 169 170 172 175 179 181 182 185 186 187 190 191 192 193 195 196 197 198 201 202 203 204 207 208 209 212 213 214 215 219 220 221 227 229 232 233 234 236 238 239 240 241 245 248 249 256 257 258 259 261 262 263 264 265 272 273 275 278 281 286 288 290 292 294 296 297 235 64 37 134 184 2 277 250 188 
Number of disconnected nodes: 175
Max available bandwidth: 13600 Kbps
Average throughput: 6173.96 Kbps
Throughput to bandwidth ratio: 0.453968
Packet loss percentage: 38.3547%
Average delay: 7379.38 ms
Average jitter: 2351.64 ms
G_L: 0.4167

Nodes disconnected: 267 100 11 78 224 34 171 12 13 77 144 44 293 39 0 3 4 5 6 8 9 10 16 17 21 23 26 28 29 30 32 33 35 38 40 41 46 48 49 50 52 53 58 60 62 65 66 68 69 70 72 75 76 79 83 86 88 90 91 92 95 96 97 98 99 102 103 104 108 110 111 112 114 115 117 118 119 122 123 124 125 126 128 132 135 136 137 143 146 147 148 150 155 156 157 159 160 163 165 168 169 170 172 175 179 181 182 185 186 187 190 191 192 193 195 196 197 198 201 202 203 204 207 208 209 212 213 214 215 219 220 221 227 229 232 233 234 236 238 239 240 241 245 248 249 256 257 258 259 261 262 263 264 265 272 273 275 278 281 286 288 290 292 294 296 297 235 64 37 134 184 2 277 250 188 225 
Number of disconnected nodes: 176
Max available bandwidth: 13600 Kbps
Average throughput: 6180.25 Kbps
Throughput to bandwidth ratio: 0.45443
Packet loss percentage: 39.4369%
Average delay: 7208.81 ms
Average jitter: 2056.14 ms
G_L: 0.4133

Nodes disconnected: 267 100 11 78 224 34 171 12 13 77 144 44 293 39 0 3 4 5 6 8 9 10 16 17 21 23 26 28 29 30 32 33 35 38 40 41 46 48 49 50 52 53 58 60 62 65 66 68 69 70 72 75 76 79 83 86 88 90 91 92 95 96 97 98 99 102 103 104 108 110 111 112 114 115 117 118 119 122 123 124 125 126 128 132 135 136 137 143 146 147 148 150 155 156 157 159 160 163 165 168 169 170 172 175 179 181 182 185 186 187 190 191 192 193 195 196 197 198 201 202 203 204 207 208 209 212 213 214 215 219 220 221 227 229 232 233 234 236 238 239 240 241 245 248 249 256 257 258 259 261 262 263 264 265 272 273 275 278 281 286 288 290 292 294 296 297 235 64 37 134 184 2 277 250 188 225 84 
Number of disconnected nodes: 177
Max available bandwidth: 13600 Kbps
Average throughput: 6025.82 Kbps
Throughput to bandwidth ratio: 0.443075
Packet loss percentage: 38.7023%
Average delay: 5619.9 ms
Average jitter: 1866.93 ms
G_L: 0.41

Nodes disconnected: 267 100 11 78 224 34 171 12 13 77 144 44 293 39 0 3 4 5 6 8 9 10 16 17 21 23 26 28 29 30 32 33 35 38 40 41 46 48 49 50 52 53 58 60 62 65 66 68 69 70 72 75 76 79 83 86 88 90 91 92 95 96 97 98 99 102 103 104 108 110 111 112 114 115 117 118 119 122 123 124 125 126 128 132 135 136 137 143 146 147 148 150 155 156 157 159 160 163 165 168 169 170 172 175 179 181 182 185 186 187 190 191 192 193 195 196 197 198 201 202 203 204 207 208 209 212 213 214 215 219 220 221 227 229 232 233 234 236 238 239 240 241 245 248 249 256 257 258 259 261 262 263 264 265 272 273 275 278 281 286 288 290 292 294 296 297 235 64 37 134 184 2 277 250 188 225 84 1 130 231 200 74 141 206 178 20 54 24 154 120 253 
Number of disconnected nodes: 191
Max available bandwidth: 12400 Kbps
Average throughput: 5399.06 Kbps
Throughput to bandwidth ratio: 0.435408
Packet loss percentage: 36.78%
Average delay: 6526.6 ms
Average jitter: 2347.74 ms
G_L: 0.3633

Nodes disconnected: 267 100 11 78 224 34 171 12 13 77 144 44 293 39 0 3 4 5 6 8 9 10 16 17 21 23 26 28 29 30 32 33 35 38 40 41 46 48 49 50 52 53 58 60 62 65 66 68 69 70 72 75 76 79 83 86 88 90 91 92 95 96 97 98 99 102 103 104 108 110 111 112 114 115 117 118 119 122 123 124 125 126 128 132 135 136 137 143 146 147 148 150 155 156 157 159 160 163 165 168 169 170 172 175 179 181 182 185 186 187 190 191 192 193 195 196 197 198 201 202 203 204 207 208 209 212 213 214 215 219 220 221 227 229 232 233 234 236 238 239 240 241 245 248 249 256 257 258 259 261 262 263 264 265 272 273 275 278 281 286 288 290 292 294 296 297 235 64 37 134 184 2 277 250 188 225 84 1 130 231 200 74 141 206 178 20 54 24 154 120 253 7 14 15 18 22 27 31 36 42 43 45 47 51 55 56 57 59 61 63 73 80 81 82 85 93 94 101 105 106 107 109 113 116 121 127 129 131 133 138 139 140 142 145 149 151 152 153 158 161 164 166 167 173 174 176 177 180 183 189 194 199 205 210 211 216 217 218 222 223 226 228 230 237 242 243 246 247 251 252 254 255 260 266 268 269 270 271 274 276 279 280 282 283 284 285 287 289 291 295 298 299 
Number of disconnected nodes: 292
Max available bandwidth: 800 Kbps
Average throughput: 361.8 Kbps
Throughput to bandwidth ratio: 0.45225
Packet loss percentage: 57.4178%
Average delay: 783.29 ms
Average jitter: 391.286 ms
G_L: 0.0267

Nodes disconnected: 267 100 11 78 224 34 171 12 13 77 144 44 293 39 0 3 4 5 6 8 9 10 16 17 21 23 26 28 29 30 32 33 35 38 40 41 46 48 49 50 52 53 58 60 62 65 66 68 69 70 72 75 76 79 83 86 88 90 91 92 95 96 97 98 99 102 103 104 108 110 111 112 114 115 117 118 119 122 123 124 125 126 128 132 135 136 137 143 146 147 148 150 155 156 157 159 160 163 165 168 169 170 172 175 179 181 182 185 186 187 190 191 192 193 195 196 197 198 201 202 203 204 207 208 209 212 213 214 215 219 220 221 227 229 232 233 234 236 238 239 240 241 245 248 249 256 257 258 259 261 262 263 264 265 272 273 275 278 281 286 288 290 292 294 296 297 235 64 37 134 184 2 277 250 188 225 84 1 130 231 200 74 141 206 178 20 54 24 154 120 253 7 14 15 18 22 27 31 36 42 43 45 47 51 55 56 57 59 61 63 73 80 81 82 85 93 94 101 105 106 107 109 113 116 121 127 129 131 133 138 139 140 142 145 149 151 152 153 158 161 164 166 167 173 174 176 177 180 183 189 194 199 205 210 211 216 217 218 222 223 226 228 230 237 242 243 246 247 251 252 254 255 260 266 268 269 270 271 274 276 279 280 282 283 284 285 287 289 291 295 298 299 89 
Number of disconnected nodes: 293
Max available bandwidth: 800 Kbps
Average throughput: 436.732 Kbps
Throughput to bandwidth ratio: 0.545914
Packet loss percentage: 44.6861%
Average delay: 620.538 ms
Average jitter: 405.936 ms
G_L: 0.0233

Nodes disconnected: 267 100 11 78 224 34 171 12 13 77 144 44 293 39 0 3 4 5 6 8 9 10 16 17 21 23 26 28 29 30 32 33 35 38 40 41 46 48 49 50 52 53 58 60 62 65 66 68 69 70 72 75 76 79 83 86 88 90 91 92 95 96 97 98 99 102 103 104 108 110 111 112 114 115 117 118 119 122 123 124 125 126 128 132 135 136 137 143 146 147 148 150 155 156 157 159 160 163 165 168 169 170 172 175 179 181 182 185 186 187 190 191 192 193 195 196 197 198 201 202 203 204 207 208 209 212 213 214 215 219 220 221 227 229 232 233 234 236 238 239 240 241 245 248 249 256 257 258 259 261 262 263 264 265 272 273 275 278 281 286 288 290 292 294 296 297 235 64 37 134 184 2 277 250 188 225 84 1 130 231 200 74 141 206 178 20 54 24 154 120 253 7 14 15 18 22 27 31 36 42 43 45 47 51 55 56 57 59 61 63 73 80 81 82 85 93 94 101 105 106 107 109 113 116 121 127 129 131 133 138 139 140 142 145 149 151 152 153 158 161 164 166 167 173 174 176 177 180 183 189 194 199 205 210 211 216 217 218 222 223 226 228 230 237 242 243 246 247 251 252 254 255 260 266 268 269 270 271 274 276 279 280 282 283 284 285 287 289 291 295 298 299 89 25 162 244 
Number of disconnected nodes: 296
Max available bandwidth: 300 Kbps
Average throughput: 208.688 Kbps
Throughput to bandwidth ratio: 0.695627
Packet loss percentage: 52.4291%
Average delay: 513.791 ms
Average jitter: 374.385 ms
G_L: 0.0133

Nodes disconnected: 267 100 11 78 224 34 171 12 13 77 144 44 293 39 0 3 4 5 6 8 9 10 16 17 21 23 26 28 29 30 32 33 35 38 40 41 46 48 49 50 52 53 58 60 62 65 66 68 69 70 72 75 76 79 83 86 88 90 91 92 95 96 97 98 99 102 103 104 108 110 111 112 114 115 117 118 119 122 123 124 125 126 128 132 135 136 137 143 146 147 148 150 155 156 157 159 160 163 165 168 169 170 172 175 179 181 182 185 186 187 190 191 192 193 195 196 197 198 201 202 203 204 207 208 209 212 213 214 215 219 220 221 227 229 232 233 234 236 238 239 240 241 245 248 249 256 257 258 259 261 262 263 264 265 272 273 275 278 281 286 288 290 292 294 296 297 235 64 37 134 184 2 277 250 188 225 84 1 130 231 200 74 141 206 178 20 54 24 154 120 253 7 14 15 18 22 27 31 36 42 43 45 47 51 55 56 57 59 61 63 73 80 81 82 85 93 94 101 105 106 107 109 113 116 121 127 129 131 133 138 139 140 142 145 149 151 152 153 158 161 164 166 167 173 174 176 177 180 183 189 194 199 205 210 211 216 217 218 222 223 226 228 230 237 242 243 246 247 251 252 254 255 260 266 268 269 270 271 274 276 279 280 282 283 284 285 287 289 291 295 298 299 89 25 162 244 67 71 
Number of disconnected nodes: 298
Max available bandwidth: 200 Kbps
Average throughput: 46.3254 Kbps
Throughput to bandwidth ratio: 0.231627
Packet loss percentage: 64.702%
Average delay: 141.067 ms
Average jitter: 272.343 ms
G_L: 0.0067

Nodes disconnected: 267 100 11 78 224 34 171 12 13 77 144 44 293 39 0 3 4 5 6 8 9 10 16 17 21 23 26 28 29 30 32 33 35 38 40 41 46 48 49 50 52 53 58 60 62 65 66 68 69 70 72 75 76 79 83 86 88 90 91 92 95 96 97 98 99 102 103 104 108 110 111 112 114 115 117 118 119 122 123 124 125 126 128 132 135 136 137 143 146 147 148 150 155 156 157 159 160 163 165 168 169 170 172 175 179 181 182 185 186 187 190 191 192 193 195 196 197 198 201 202 203 204 207 208 209 212 213 214 215 219 220 221 227 229 232 233 234 236 238 239 240 241 245 248 249 256 257 258 259 261 262 263 264 265 272 273 275 278 281 286 288 290 292 294 296 297 235 64 37 134 184 2 277 250 188 225 84 1 130 231 200 74 141 206 178 20 54 24 154 120 253 7 14 15 18 22 27 31 36 42 43 45 47 51 55 56 57 59 61 63 73 80 81 82 85 93 94 101 105 106 107 109 113 116 121 127 129 131 133 138 139 140 142 145 149 151 152 153 158 161 164 166 167 173 174 176 177 180 183 189 194 199 205 210 211 216 217 218 222 223 226 228 230 237 242 243 246 247 251 252 254 255 260 266 268 269 270 271 274 276 279 280 282 283 284 285 287 289 291 295 298 299 89 25 162 244 67 71 19 87 
Number of disconnected nodes: 300
Max available bandwidth: 0 Kbps
Average throughput: 0 Kbps
Throughput to bandwidth ratio: -nan
Packet loss percentage: -nan%
Average delay: -nan ms
Average jitter: -nan ms
G_L: 0

