Nodes disconnected: 
Number of disconnected nodes: 0
Max available bandwidth: 33400 Kbps
Average throughput: 25289.2 Kbps
Throughput to bandwidth ratio: 0.757162
Packet loss percentage: 5.68588%
Average delay: 2125.04 ms
Average jitter: 597.51 ms
G_L: 1

Nodes disconnected: 187 
Number of disconnected nodes: 1
Max available bandwidth: 33400 Kbps
Average throughput: 25185.4 Kbps
Throughput to bandwidth ratio: 0.754054
Packet loss percentage: 5.76888%
Average delay: 2105.63 ms
Average jitter: 594.972 ms
G_L: 0.9967

Nodes disconnected: 187 84 
Number of disconnected nodes: 2
Max available bandwidth: 33400 Kbps
Average throughput: 25071.2 Kbps
Throughput to bandwidth ratio: 0.750633
Packet loss percentage: 5.88819%
Average delay: 2091.71 ms
Average jitter: 588.917 ms
G_L: 0.9933

Nodes disconnected: 187 84 0 3 4 5 6 8 9 10 12 16 17 21 23 26 28 29 30 32 33 34 35 38 39 40 41 44 46 48 49 50 52 53 58 60 62 65 66 68 69 70 72 75 76 79 83 86 88 90 91 92 95 96 97 98 99 100 102 103 104 108 110 111 112 114 115 117 118 119 122 123 124 125 126 128 132 135 136 137 143 146 147 148 150 155 156 157 159 160 163 165 168 169 170 171 172 175 179 181 182 185 186 190 191 192 193 195 196 197 198 201 202 207 208 209 212 213 215 219 220 221 227 229 232 233 234 236 238 239 240 241 245 248 249 256 257 258 259 261 262 263 264 265 267 272 273 275 278 281 286 288 290 292 293 294 296 297 
Number of disconnected nodes: 158
Max available bandwidth: 15300 Kbps
Average throughput: 9240.71 Kbps
Throughput to bandwidth ratio: 0.603968
Packet loss percentage: 36.2368%
Average delay: 2915.68 ms
Average jitter: 640.433 ms
G_L: 0.4733

Nodes disconnected: 187 84 0 3 4 5 6 8 9 10 12 16 17 21 23 26 28 29 30 32 33 34 35 38 39 40 41 44 46 48 49 50 52 53 58 60 62 65 66 68 69 70 72 75 76 79 83 86 88 90 91 92 95 96 97 98 99 100 102 103 104 108 110 111 112 114 115 117 118 119 122 123 124 125 126 128 132 135 136 137 143 146 147 148 150 155 156 157 159 160 163 165 168 169 170 171 172 175 179 181 182 185 186 190 191 192 193 195 196 197 198 201 202 207 208 209 212 213 215 219 220 221 227 229 232 233 234 236 238 239 240 241 245 248 249 256 257 258 259 261 262 263 264 265 267 272 273 275 278 281 286 288 290 292 293 294 296 297 2 277 
Number of disconnected nodes: 160
Max available bandwidth: 15200 Kbps
Average throughput: 9156.13 Kbps
Throughput to bandwidth ratio: 0.602377
Packet loss percentage: 35.875%
Average delay: 3031.8 ms
Average jitter: 636.751 ms
G_L: 0.4667

Nodes disconnected: 187 84 0 3 4 5 6 8 9 10 12 16 17 21 23 26 28 29 30 32 33 34 35 38 39 40 41 44 46 48 49 50 52 53 58 60 62 65 66 68 69 70 72 75 76 79 83 86 88 90 91 92 95 96 97 98 99 100 102 103 104 108 110 111 112 114 115 117 118 119 122 123 124 125 126 128 132 135 136 137 143 146 147 148 150 155 156 157 159 160 163 165 168 169 170 171 172 175 179 181 182 185 186 190 191 192 193 195 196 197 198 201 202 207 208 209 212 213 215 219 220 221 227 229 232 233 234 236 238 239 240 241 245 248 249 256 257 258 259 261 262 263 264 265 267 272 273 275 278 281 286 288 290 292 293 294 296 297 2 277 161 
Number of disconnected nodes: 161
Max available bandwidth: 15100 Kbps
Average throughput: 9035.76 Kbps
Throughput to bandwidth ratio: 0.598395
Packet loss percentage: 36.1517%
Average delay: 2866.24 ms
Average jitter: 637.326 ms
G_L: 0.4633

Nodes disconnected: 187 84 0 3 4 5 6 8 9 10 12 16 17 21 23 26 28 29 30 32 33 34 35 38 39 40 41 44 46 48 49 50 52 53 58 60 62 65 66 68 69 70 72 75 76 79 83 86 88 90 91 92 95 96 97 98 99 100 102 103 104 108 110 111 112 114 115 117 118 119 122 123 124 125 126 128 132 135 136 137 143 146 147 148 150 155 156 157 159 160 163 165 168 169 170 171 172 175 179 181 182 185 186 190 191 192 193 195 196 197 198 201 202 207 208 209 212 213 215 219 220 221 227 229 232 233 234 236 238 239 240 241 245 248 249 256 257 258 259 261 262 263 264 265 267 272 273 275 278 281 286 288 290 292 293 294 296 297 2 277 161 27 204 214 203 
Number of disconnected nodes: 165
Max available bandwidth: 14700 Kbps
Average throughput: 8768.06 Kbps
Throughput to bandwidth ratio: 0.596466
Packet loss percentage: 36.7977%
Average delay: 3012.75 ms
Average jitter: 653.124 ms
G_L: 0.45

Nodes disconnected: 187 84 0 3 4 5 6 8 9 10 12 16 17 21 23 26 28 29 30 32 33 34 35 38 39 40 41 44 46 48 49 50 52 53 58 60 62 65 66 68 69 70 72 75 76 79 83 86 88 90 91 92 95 96 97 98 99 100 102 103 104 108 110 111 112 114 115 117 118 119 122 123 124 125 126 128 132 135 136 137 143 146 147 148 150 155 156 157 159 160 163 165 168 169 170 171 172 175 179 181 182 185 186 190 191 192 193 195 196 197 198 201 202 207 208 209 212 213 215 219 220 221 227 229 232 233 234 236 238 239 240 241 245 248 249 256 257 258 259 261 262 263 264 265 267 272 273 275 278 281 286 288 290 292 293 294 296 297 2 277 161 27 204 214 203 291 
Number of disconnected nodes: 166
Max available bandwidth: 14700 Kbps
Average throughput: 8670.45 Kbps
Throughput to bandwidth ratio: 0.589826
Packet loss percentage: 36.7968%
Average delay: 2762.64 ms
Average jitter: 647.719 ms
G_L: 0.4467

Nodes disconnected: 187 84 0 3 4 5 6 8 9 10 12 16 17 21 23 26 28 29 30 32 33 34 35 38 39 40 41 44 46 48 49 50 52 53 58 60 62 65 66 68 69 70 72 75 76 79 83 86 88 90 91 92 95 96 97 98 99 100 102 103 104 108 110 111 112 114 115 117 118 119 122 123 124 125 126 128 132 135 136 137 143 146 147 148 150 155 156 157 159 160 163 165 168 169 170 171 172 175 179 181 182 185 186 190 191 192 193 195 196 197 198 201 202 207 208 209 212 213 215 219 220 221 227 229 232 233 234 236 238 239 240 241 245 248 249 256 257 258 259 261 262 263 264 265 267 272 273 275 278 281 286 288 290 292 293 294 296 297 2 277 161 27 204 214 203 291 144 224 77 13 
Number of disconnected nodes: 170
Max available bandwidth: 14400 Kbps
Average throughput: 8337.62 Kbps
Throughput to bandwidth ratio: 0.579001
Packet loss percentage: 38.5779%
Average delay: 2694.32 ms
Average jitter: 622.409 ms
G_L: 0.4333

Nodes disconnected: 187 84 0 3 4 5 6 8 9 10 12 16 17 21 23 26 28 29 30 32 33 34 35 38 39 40 41 44 46 48 49 50 52 53 58 60 62 65 66 68 69 70 72 75 76 79 83 86 88 90 91 92 95 96 97 98 99 100 102 103 104 108 110 111 112 114 115 117 118 119 122 123 124 125 126 128 132 135 136 137 143 146 147 148 150 155 156 157 159 160 163 165 168 169 170 171 172 175 179 181 182 185 186 190 191 192 193 195 196 197 198 201 202 207 208 209 212 213 215 219 220 221 227 229 232 233 234 236 238 239 240 241 245 248 249 256 257 258 259 261 262 263 264 265 267 272 273 275 278 281 286 288 290 292 293 294 296 297 2 277 161 27 204 214 203 291 144 224 77 13 205 
Number of disconnected nodes: 171
Max available bandwidth: 14400 Kbps
Average throughput: 8308.74 Kbps
Throughput to bandwidth ratio: 0.576996
Packet loss percentage: 38.3256%
Average delay: 2672.94 ms
Average jitter: 602.569 ms
G_L: 0.43

Nodes disconnected: 187 84 0 3 4 5 6 8 9 10 12 16 17 21 23 26 28 29 30 32 33 34 35 38 39 40 41 44 46 48 49 50 52 53 58 60 62 65 66 68 69 70 72 75 76 79 83 86 88 90 91 92 95 96 97 98 99 100 102 103 104 108 110 111 112 114 115 117 118 119 122 123 124 125 126 128 132 135 136 137 143 146 147 148 150 155 156 157 159 160 163 165 168 169 170 171 172 175 179 181 182 185 186 190 191 192 193 195 196 197 198 201 202 207 208 209 212 213 215 219 220 221 227 229 232 233 234 236 238 239 240 241 245 248 249 256 257 258 259 261 262 263 264 265 267 272 273 275 278 281 286 288 290 292 293 294 296 297 2 277 161 27 204 214 203 291 144 224 77 13 205 131 255 133 11 270 15 276 22 151 24 153 154 284 285 167 299 174 177 178 54 188 61 194 78 210 85 93 94 222 225 226 228 101 106 246 250 254 127 
Number of disconnected nodes: 209
Max available bandwidth: 10800 Kbps
Average throughput: 5600.57 Kbps
Throughput to bandwidth ratio: 0.518571
Packet loss percentage: 43.1515%
Average delay: 2333.3 ms
Average jitter: 544.586 ms
G_L: 0.3033

Nodes disconnected: 187 84 0 3 4 5 6 8 9 10 12 16 17 21 23 26 28 29 30 32 33 34 35 38 39 40 41 44 46 48 49 50 52 53 58 60 62 65 66 68 69 70 72 75 76 79 83 86 88 90 91 92 95 96 97 98 99 100 102 103 104 108 110 111 112 114 115 117 118 119 122 123 124 125 126 128 132 135 136 137 143 146 147 148 150 155 156 157 159 160 163 165 168 169 170 171 172 175 179 181 182 185 186 190 191 192 193 195 196 197 198 201 202 207 208 209 212 213 215 219 220 221 227 229 232 233 234 236 238 239 240 241 245 248 249 256 257 258 259 261 262 263 264 265 267 272 273 275 278 281 286 288 290 292 293 294 296 297 2 277 161 27 204 214 203 291 144 224 77 13 205 131 255 133 11 270 15 276 22 151 24 153 154 284 285 167 299 174 177 178 54 188 61 194 78 210 85 93 94 222 225 226 228 101 106 246 250 254 127 1 130 141 20 289 42 43 180 59 199 200 73 74 206 89 231 107 116 253 
Number of disconnected nodes: 228
Max available bandwidth: 9200 Kbps
Average throughput: 4122.81 Kbps
Throughput to bandwidth ratio: 0.448132
Packet loss percentage: 47.0981%
Average delay: 1628.2 ms
Average jitter: 466.388 ms
G_L: 0.24

Nodes disconnected: 187 84 0 3 4 5 6 8 9 10 12 16 17 21 23 26 28 29 30 32 33 34 35 38 39 40 41 44 46 48 49 50 52 53 58 60 62 65 66 68 69 70 72 75 76 79 83 86 88 90 91 92 95 96 97 98 99 100 102 103 104 108 110 111 112 114 115 117 118 119 122 123 124 125 126 128 132 135 136 137 143 146 147 148 150 155 156 157 159 160 163 165 168 169 170 171 172 175 179 181 182 185 186 190 191 192 193 195 196 197 198 201 202 207 208 209 212 213 215 219 220 221 227 229 232 233 234 236 238 239 240 241 245 248 249 256 257 258 259 261 262 263 264 265 267 272 273 275 278 281 286 288 290 292 293 294 296 297 2 277 161 27 204 214 203 291 144 224 77 13 205 131 255 133 11 270 15 276 22 151 24 153 154 284 285 167 299 174 177 178 54 188 61 194 78 210 85 93 94 222 225 226 228 101 106 246 250 254 127 1 130 141 20 289 42 43 180 59 199 200 73 74 206 89 231 107 116 253 105 138 298 142 14 176 271 149 55 247 
Number of disconnected nodes: 238
Max available bandwidth: 7700 Kbps
Average throughput: 3567.47 Kbps
Throughput to bandwidth ratio: 0.463308
Packet loss percentage: 48.3039%
Average delay: 1439.13 ms
Average jitter: 427.436 ms
G_L: 0.2067

Nodes disconnected: 187 84 0 3 4 5 6 8 9 10 12 16 17 21 23 26 28 29 30 32 33 34 35 38 39 40 41 44 46 48 49 50 52 53 58 60 62 65 66 68 69 70 72 75 76 79 83 86 88 90 91 92 95 96 97 98 99 100 102 103 104 108 110 111 112 114 115 117 118 119 122 123 124 125 126 128 132 135 136 137 143 146 147 148 150 155 156 157 159 160 163 165 168 169 170 171 172 175 179 181 182 185 186 190 191 192 193 195 196 197 198 201 202 207 208 209 212 213 215 219 220 221 227 229 232 233 234 236 238 239 240 241 245 248 249 256 257 258 259 261 262 263 264 265 267 272 273 275 278 281 286 288 290 292 293 294 296 297 2 277 161 27 204 214 203 291 144 224 77 13 205 131 255 133 11 270 15 276 22 151 24 153 154 284 285 167 299 174 177 178 54 188 61 194 78 210 85 93 94 222 225 226 228 101 106 246 250 254 127 1 130 141 20 289 42 43 180 59 199 200 73 74 206 89 231 107 116 253 105 138 298 142 14 176 271 149 55 247 269 
Number of disconnected nodes: 239
Max available bandwidth: 7700 Kbps
Average throughput: 3466.31 Kbps
Throughput to bandwidth ratio: 0.45017
Packet loss percentage: 48.9819%
Average delay: 1495.28 ms
Average jitter: 426.08 ms
G_L: 0.2033

Nodes disconnected: 187 84 0 3 4 5 6 8 9 10 12 16 17 21 23 26 28 29 30 32 33 34 35 38 39 40 41 44 46 48 49 50 52 53 58 60 62 65 66 68 69 70 72 75 76 79 83 86 88 90 91 92 95 96 97 98 99 100 102 103 104 108 110 111 112 114 115 117 118 119 122 123 124 125 126 128 132 135 136 137 143 146 147 148 150 155 156 157 159 160 163 165 168 169 170 171 172 175 179 181 182 185 186 190 191 192 193 195 196 197 198 201 202 207 208 209 212 213 215 219 220 221 227 229 232 233 234 236 238 239 240 241 245 248 249 256 257 258 259 261 262 263 264 265 267 272 273 275 278 281 286 288 290 292 293 294 296 297 2 277 161 27 204 214 203 291 144 224 77 13 205 131 255 133 11 270 15 276 22 151 24 153 154 284 285 167 299 174 177 178 54 188 61 194 78 210 85 93 94 222 225 226 228 101 106 246 250 254 127 1 130 141 20 289 42 43 180 59 199 200 73 74 206 89 231 107 116 253 105 138 298 142 14 176 271 149 55 247 269 45 
Number of disconnected nodes: 240
Max available bandwidth: 7600 Kbps
Average throughput: 3440.72 Kbps
Throughput to bandwidth ratio: 0.452727
Packet loss percentage: 48.945%
Average delay: 1528.74 ms
Average jitter: 424.889 ms
G_L: 0.2

Nodes disconnected: 187 84 0 3 4 5 6 8 9 10 12 16 17 21 23 26 28 29 30 32 33 34 35 38 39 40 41 44 46 48 49 50 52 53 58 60 62 65 66 68 69 70 72 75 76 79 83 86 88 90 91 92 95 96 97 98 99 100 102 103 104 108 110 111 112 114 115 117 118 119 122 123 124 125 126 128 132 135 136 137 143 146 147 148 150 155 156 157 159 160 163 165 168 169 170 171 172 175 179 181 182 185 186 190 191 192 193 195 196 197 198 201 202 207 208 209 212 213 215 219 220 221 227 229 232 233 234 236 238 239 240 241 245 248 249 256 257 258 259 261 262 263 264 265 267 272 273 275 278 281 286 288 290 292 293 294 296 297 2 277 161 27 204 214 203 291 144 224 77 13 205 131 255 133 11 270 15 276 22 151 24 153 154 284 285 167 299 174 177 178 54 188 61 194 78 210 85 93 94 222 225 226 228 101 106 246 250 254 127 1 130 141 20 289 42 43 180 59 199 200 73 74 206 89 231 107 116 253 105 138 298 142 14 176 271 149 55 247 269 45 283 
Number of disconnected nodes: 241
Max available bandwidth: 7600 Kbps
Average throughput: 3372.69 Kbps
Throughput to bandwidth ratio: 0.443775
Packet loss percentage: 49.0359%
Average delay: 1318.12 ms
Average jitter: 417.145 ms
G_L: 0.1967

Nodes disconnected: 187 84 0 3 4 5 6 8 9 10 12 16 17 21 23 26 28 29 30 32 33 34 35 38 39 40 41 44 46 48 49 50 52 53 58 60 62 65 66 68 69 70 72 75 76 79 83 86 88 90 91 92 95 96 97 98 99 100 102 103 104 108 110 111 112 114 115 117 118 119 122 123 124 125 126 128 132 135 136 137 143 146 147 148 150 155 156 157 159 160 163 165 168 169 170 171 172 175 179 181 182 185 186 190 191 192 193 195 196 197 198 201 202 207 208 209 212 213 215 219 220 221 227 229 232 233 234 236 238 239 240 241 245 248 249 256 257 258 259 261 262 263 264 265 267 272 273 275 278 281 286 288 290 292 293 294 296 297 2 277 161 27 204 214 203 291 144 224 77 13 205 131 255 133 11 270 15 276 22 151 24 153 154 284 285 167 299 174 177 178 54 188 61 194 78 210 85 93 94 222 225 226 228 101 106 246 250 254 127 1 130 141 20 289 42 43 180 59 199 200 73 74 206 89 231 107 116 253 105 138 298 142 14 176 271 149 55 247 269 45 283 129 260 134 7 266 139 140 268 145 18 274 279 152 280 282 158 31 287 36 37 164 166 295 173 47 51 183 56 57 184 189 63 64 80 81 82 211 216 217 218 223 230 235 109 237 113 242 243 120 121 251 252 
Number of disconnected nodes: 293
Max available bandwidth: 800 Kbps
Average throughput: 144.718 Kbps
Throughput to bandwidth ratio: 0.180898
Packet loss percentage: 78.4397%
Average delay: -nan ms
Average jitter: -nan ms
G_L: 0.0233

Nodes disconnected: 187 84 0 3 4 5 6 8 9 10 12 16 17 21 23 26 28 29 30 32 33 34 35 38 39 40 41 44 46 48 49 50 52 53 58 60 62 65 66 68 69 70 72 75 76 79 83 86 88 90 91 92 95 96 97 98 99 100 102 103 104 108 110 111 112 114 115 117 118 119 122 123 124 125 126 128 132 135 136 137 143 146 147 148 150 155 156 157 159 160 163 165 168 169 170 171 172 175 179 181 182 185 186 190 191 192 193 195 196 197 198 201 202 207 208 209 212 213 215 219 220 221 227 229 232 233 234 236 238 239 240 241 245 248 249 256 257 258 259 261 262 263 264 265 267 272 273 275 278 281 286 288 290 292 293 294 296 297 2 277 161 27 204 214 203 291 144 224 77 13 205 131 255 133 11 270 15 276 22 151 24 153 154 284 285 167 299 174 177 178 54 188 61 194 78 210 85 93 94 222 225 226 228 101 106 246 250 254 127 1 130 141 20 289 42 43 180 59 199 200 73 74 206 89 231 107 116 253 105 138 298 142 14 176 271 149 55 247 269 45 283 129 260 134 7 266 139 140 268 145 18 274 279 152 280 282 158 31 287 36 37 164 166 295 173 47 51 183 56 57 184 189 63 64 80 81 82 211 216 217 218 223 230 235 109 237 113 242 243 120 121 251 252 25 
Number of disconnected nodes: 294
Max available bandwidth: 400 Kbps
Average throughput: 99.5046 Kbps
Throughput to bandwidth ratio: 0.248762
Packet loss percentage: 81.531%
Average delay: -nan ms
Average jitter: -nan ms
G_L: 0.02

Nodes disconnected: 187 84 0 3 4 5 6 8 9 10 12 16 17 21 23 26 28 29 30 32 33 34 35 38 39 40 41 44 46 48 49 50 52 53 58 60 62 65 66 68 69 70 72 75 76 79 83 86 88 90 91 92 95 96 97 98 99 100 102 103 104 108 110 111 112 114 115 117 118 119 122 123 124 125 126 128 132 135 136 137 143 146 147 148 150 155 156 157 159 160 163 165 168 169 170 171 172 175 179 181 182 185 186 190 191 192 193 195 196 197 198 201 202 207 208 209 212 213 215 219 220 221 227 229 232 233 234 236 238 239 240 241 245 248 249 256 257 258 259 261 262 263 264 265 267 272 273 275 278 281 286 288 290 292 293 294 296 297 2 277 161 27 204 214 203 291 144 224 77 13 205 131 255 133 11 270 15 276 22 151 24 153 154 284 285 167 299 174 177 178 54 188 61 194 78 210 85 93 94 222 225 226 228 101 106 246 250 254 127 1 130 141 20 289 42 43 180 59 199 200 73 74 206 89 231 107 116 253 105 138 298 142 14 176 271 149 55 247 269 45 283 129 260 134 7 266 139 140 268 145 18 274 279 152 280 282 158 31 287 36 37 164 166 295 173 47 51 183 56 57 184 189 63 64 80 81 82 211 216 217 218 223 230 235 109 237 113 242 243 120 121 251 252 25 19 87 
Number of disconnected nodes: 296
Max available bandwidth: 200 Kbps
Average throughput: 50.4362 Kbps
Throughput to bandwidth ratio: 0.252181
Packet loss percentage: 83.3195%
Average delay: -nan ms
Average jitter: -nan ms
G_L: 0.0133

Nodes disconnected: 187 84 0 3 4 5 6 8 9 10 12 16 17 21 23 26 28 29 30 32 33 34 35 38 39 40 41 44 46 48 49 50 52 53 58 60 62 65 66 68 69 70 72 75 76 79 83 86 88 90 91 92 95 96 97 98 99 100 102 103 104 108 110 111 112 114 115 117 118 119 122 123 124 125 126 128 132 135 136 137 143 146 147 148 150 155 156 157 159 160 163 165 168 169 170 171 172 175 179 181 182 185 186 190 191 192 193 195 196 197 198 201 202 207 208 209 212 213 215 219 220 221 227 229 232 233 234 236 238 239 240 241 245 248 249 256 257 258 259 261 262 263 264 265 267 272 273 275 278 281 286 288 290 292 293 294 296 297 2 277 161 27 204 214 203 291 144 224 77 13 205 131 255 133 11 270 15 276 22 151 24 153 154 284 285 167 299 174 177 178 54 188 61 194 78 210 85 93 94 222 225 226 228 101 106 246 250 254 127 1 130 141 20 289 42 43 180 59 199 200 73 74 206 89 231 107 116 253 105 138 298 142 14 176 271 149 55 247 269 45 283 129 260 134 7 266 139 140 268 145 18 274 279 152 280 282 158 31 287 36 37 164 166 295 173 47 51 183 56 57 184 189 63 64 80 81 82 211 216 217 218 223 230 235 109 237 113 242 243 120 121 251 252 25 19 87 162 67 244 71 
Number of disconnected nodes: 300
Max available bandwidth: 0 Kbps
Average throughput: 0 Kbps
Throughput to bandwidth ratio: -nan
Packet loss percentage: -nan%
Average delay: -nan ms
Average jitter: -nan ms
G_L: 0

