Nodes disconnected: 
Number of disconnected nodes: 0
Max available bandwidth: 33400 Kbps
Average throughput: 25289.2 Kbps
Throughput to bandwidth ratio: 0.757162
Packet loss percentage: 5.68588%
Average delay: 2125.04 ms
Average jitter: 597.51 ms
G_L: 1

Nodes disconnected: 293 
Number of disconnected nodes: 1
Max available bandwidth: 33400 Kbps
Average throughput: 25190.1 Kbps
Throughput to bandwidth ratio: 0.754196
Packet loss percentage: 5.80427%
Average delay: 2082.88 ms
Average jitter: 599.75 ms
G_L: 0.9967

Nodes disconnected: 293 12 
Number of disconnected nodes: 2
Max available bandwidth: 33300 Kbps
Average throughput: 25017.6 Kbps
Throughput to bandwidth ratio: 0.751279
Packet loss percentage: 5.91847%
Average delay: 2144.91 ms
Average jitter: 601.96 ms
G_L: 0.9933

Nodes disconnected: 293 12 8 
Number of disconnected nodes: 3
Max available bandwidth: 33200 Kbps
Average throughput: 24957.3 Kbps
Throughput to bandwidth ratio: 0.751726
Packet loss percentage: 6.0006%
Average delay: 2119.75 ms
Average jitter: 604.13 ms
G_L: 0.99

Nodes disconnected: 293 12 8 0 3 4 5 6 9 10 16 17 21 23 26 28 29 30 32 33 34 35 38 39 40 41 44 46 48 49 50 52 53 58 60 62 65 66 68 69 70 72 75 76 79 83 86 88 90 91 92 95 96 97 98 99 100 102 103 104 108 110 111 112 114 115 117 118 119 122 123 124 125 126 128 132 135 136 137 143 146 147 148 150 155 156 157 159 160 163 165 168 169 170 171 172 175 179 181 182 185 186 187 190 191 192 193 195 196 197 198 201 202 207 208 209 212 213 215 219 220 221 227 229 232 233 234 236 238 239 240 241 245 248 249 256 257 258 259 261 262 263 264 265 267 272 273 275 278 281 286 288 290 292 294 296 297 
Number of disconnected nodes: 157
Max available bandwidth: 15300 Kbps
Average throughput: 9193.27 Kbps
Throughput to bandwidth ratio: 0.600868
Packet loss percentage: 36.2981%
Average delay: 2887.92 ms
Average jitter: 654.496 ms
G_L: 0.4767

Nodes disconnected: 293 12 8 0 3 4 5 6 9 10 16 17 21 23 26 28 29 30 32 33 34 35 38 39 40 41 44 46 48 49 50 52 53 58 60 62 65 66 68 69 70 72 75 76 79 83 86 88 90 91 92 95 96 97 98 99 100 102 103 104 108 110 111 112 114 115 117 118 119 122 123 124 125 126 128 132 135 136 137 143 146 147 148 150 155 156 157 159 160 163 165 168 169 170 171 172 175 179 181 182 185 186 187 190 191 192 193 195 196 197 198 201 202 207 208 209 212 213 215 219 220 221 227 229 232 233 234 236 238 239 240 241 245 248 249 256 257 258 259 261 262 263 264 265 267 272 273 275 278 281 286 288 290 292 294 296 297 154 
Number of disconnected nodes: 158
Max available bandwidth: 15200 Kbps
Average throughput: 9125.37 Kbps
Throughput to bandwidth ratio: 0.600353
Packet loss percentage: 36.5768%
Average delay: 2947.81 ms
Average jitter: 664.163 ms
G_L: 0.4733

Nodes disconnected: 293 12 8 0 3 4 5 6 9 10 16 17 21 23 26 28 29 30 32 33 34 35 38 39 40 41 44 46 48 49 50 52 53 58 60 62 65 66 68 69 70 72 75 76 79 83 86 88 90 91 92 95 96 97 98 99 100 102 103 104 108 110 111 112 114 115 117 118 119 122 123 124 125 126 128 132 135 136 137 143 146 147 148 150 155 156 157 159 160 163 165 168 169 170 171 172 175 179 181 182 185 186 187 190 191 192 193 195 196 197 198 201 202 207 208 209 212 213 215 219 220 221 227 229 232 233 234 236 238 239 240 241 245 248 249 256 257 258 259 261 262 263 264 265 267 272 273 275 278 281 286 288 290 292 294 296 297 154 80 271 78 7 
Number of disconnected nodes: 162
Max available bandwidth: 14900 Kbps
Average throughput: 8921.78 Kbps
Throughput to bandwidth ratio: 0.598777
Packet loss percentage: 37.0234%
Average delay: 2901.03 ms
Average jitter: 634.485 ms
G_L: 0.46

Nodes disconnected: 293 12 8 0 3 4 5 6 9 10 16 17 21 23 26 28 29 30 32 33 34 35 38 39 40 41 44 46 48 49 50 52 53 58 60 62 65 66 68 69 70 72 75 76 79 83 86 88 90 91 92 95 96 97 98 99 100 102 103 104 108 110 111 112 114 115 117 118 119 122 123 124 125 126 128 132 135 136 137 143 146 147 148 150 155 156 157 159 160 163 165 168 169 170 171 172 175 179 181 182 185 186 187 190 191 192 193 195 196 197 198 201 202 207 208 209 212 213 215 219 220 221 227 229 232 233 234 236 238 239 240 241 245 248 249 256 257 258 259 261 262 263 264 265 267 272 273 275 278 281 286 288 290 292 294 296 297 154 80 271 78 7 210 
Number of disconnected nodes: 163
Max available bandwidth: 14900 Kbps
Average throughput: 8751.86 Kbps
Throughput to bandwidth ratio: 0.587373
Packet loss percentage: 37.2857%
Average delay: 2929.27 ms
Average jitter: 654.128 ms
G_L: 0.4567

Nodes disconnected: 293 12 8 0 3 4 5 6 9 10 16 17 21 23 26 28 29 30 32 33 34 35 38 39 40 41 44 46 48 49 50 52 53 58 60 62 65 66 68 69 70 72 75 76 79 83 86 88 90 91 92 95 96 97 98 99 100 102 103 104 108 110 111 112 114 115 117 118 119 122 123 124 125 126 128 132 135 136 137 143 146 147 148 150 155 156 157 159 160 163 165 168 169 170 171 172 175 179 181 182 185 186 187 190 191 192 193 195 196 197 198 201 202 207 208 209 212 213 215 219 220 221 227 229 232 233 234 236 238 239 240 241 245 248 249 256 257 258 259 261 262 263 264 265 267 272 273 275 278 281 286 288 290 292 294 296 297 154 80 271 78 7 210 59 43 
Number of disconnected nodes: 165
Max available bandwidth: 14800 Kbps
Average throughput: 8639.86 Kbps
Throughput to bandwidth ratio: 0.583774
Packet loss percentage: 37.3011%
Average delay: 2898.32 ms
Average jitter: 631.912 ms
G_L: 0.45

Nodes disconnected: 293 12 8 0 3 4 5 6 9 10 16 17 21 23 26 28 29 30 32 33 34 35 38 39 40 41 44 46 48 49 50 52 53 58 60 62 65 66 68 69 70 72 75 76 79 83 86 88 90 91 92 95 96 97 98 99 100 102 103 104 108 110 111 112 114 115 117 118 119 122 123 124 125 126 128 132 135 136 137 143 146 147 148 150 155 156 157 159 160 163 165 168 169 170 171 172 175 179 181 182 185 186 187 190 191 192 193 195 196 197 198 201 202 207 208 209 212 213 215 219 220 221 227 229 232 233 234 236 238 239 240 241 245 248 249 256 257 258 259 261 262 263 264 265 267 272 273 275 278 281 286 288 290 292 294 296 297 154 80 271 78 7 210 59 43 291 
Number of disconnected nodes: 166
Max available bandwidth: 14800 Kbps
Average throughput: 8550.14 Kbps
Throughput to bandwidth ratio: 0.577712
Packet loss percentage: 37.3702%
Average delay: 2840.03 ms
Average jitter: 636.72 ms
G_L: 0.4467

Nodes disconnected: 293 12 8 0 3 4 5 6 9 10 16 17 21 23 26 28 29 30 32 33 34 35 38 39 40 41 44 46 48 49 50 52 53 58 60 62 65 66 68 69 70 72 75 76 79 83 86 88 90 91 92 95 96 97 98 99 100 102 103 104 108 110 111 112 114 115 117 118 119 122 123 124 125 126 128 132 135 136 137 143 146 147 148 150 155 156 157 159 160 163 165 168 169 170 171 172 175 179 181 182 185 186 187 190 191 192 193 195 196 197 198 201 202 207 208 209 212 213 215 219 220 221 227 229 232 233 234 236 238 239 240 241 245 248 249 256 257 258 259 261 262 263 264 265 267 272 273 275 278 281 286 288 290 292 294 296 297 154 80 271 78 7 210 59 43 291 177 
Number of disconnected nodes: 167
Max available bandwidth: 14800 Kbps
Average throughput: 8458.35 Kbps
Throughput to bandwidth ratio: 0.57151
Packet loss percentage: 37.7319%
Average delay: 2733.79 ms
Average jitter: 629.541 ms
G_L: 0.4433

Nodes disconnected: 293 12 8 0 3 4 5 6 9 10 16 17 21 23 26 28 29 30 32 33 34 35 38 39 40 41 44 46 48 49 50 52 53 58 60 62 65 66 68 69 70 72 75 76 79 83 86 88 90 91 92 95 96 97 98 99 100 102 103 104 108 110 111 112 114 115 117 118 119 122 123 124 125 126 128 132 135 136 137 143 146 147 148 150 155 156 157 159 160 163 165 168 169 170 171 172 175 179 181 182 185 186 187 190 191 192 193 195 196 197 198 201 202 207 208 209 212 213 215 219 220 221 227 229 232 233 234 236 238 239 240 241 245 248 249 256 257 258 259 261 262 263 264 265 267 272 273 275 278 281 286 288 290 292 294 296 297 154 80 271 78 7 210 59 43 291 177 228 101 
Number of disconnected nodes: 169
Max available bandwidth: 14800 Kbps
Average throughput: 8413.71 Kbps
Throughput to bandwidth ratio: 0.568494
Packet loss percentage: 37.4175%
Average delay: 2774.93 ms
Average jitter: 625.378 ms
G_L: 0.4367

Nodes disconnected: 293 12 8 0 3 4 5 6 9 10 16 17 21 23 26 28 29 30 32 33 34 35 38 39 40 41 44 46 48 49 50 52 53 58 60 62 65 66 68 69 70 72 75 76 79 83 86 88 90 91 92 95 96 97 98 99 100 102 103 104 108 110 111 112 114 115 117 118 119 122 123 124 125 126 128 132 135 136 137 143 146 147 148 150 155 156 157 159 160 163 165 168 169 170 171 172 175 179 181 182 185 186 187 190 191 192 193 195 196 197 198 201 202 207 208 209 212 213 215 219 220 221 227 229 232 233 234 236 238 239 240 241 245 248 249 256 257 258 259 261 262 263 264 265 267 272 273 275 278 281 286 288 290 292 294 296 297 154 80 271 78 7 210 59 43 291 177 228 101 129 255 260 133 266 11 139 140 268 269 270 145 18 276 22 151 24 152 153 27 279 280 158 31 282 161 283 284 36 164 285 167 287 289 295 299 45 174 47 178 51 54 183 56 188 63 194 200 203 204 205 81 82 85 214 218 93 94 223 225 226 106 235 237 242 243 246 120 121 250 251 252 254 127 
Number of disconnected nodes: 243
Max available bandwidth: 6900 Kbps
Average throughput: 2855.63 Kbps
Throughput to bandwidth ratio: 0.413859
Packet loss percentage: 52.9887%
Average delay: 2064.78 ms
Average jitter: 619.495 ms
G_L: 0.19

Nodes disconnected: 293 12 8 0 3 4 5 6 9 10 16 17 21 23 26 28 29 30 32 33 34 35 38 39 40 41 44 46 48 49 50 52 53 58 60 62 65 66 68 69 70 72 75 76 79 83 86 88 90 91 92 95 96 97 98 99 100 102 103 104 108 110 111 112 114 115 117 118 119 122 123 124 125 126 128 132 135 136 137 143 146 147 148 150 155 156 157 159 160 163 165 168 169 170 171 172 175 179 181 182 185 186 187 190 191 192 193 195 196 197 198 201 202 207 208 209 212 213 215 219 220 221 227 229 232 233 234 236 238 239 240 241 245 248 249 256 257 258 259 261 262 263 264 265 267 272 273 275 278 281 286 288 290 292 294 296 297 154 80 271 78 7 210 59 43 291 177 228 101 129 255 260 133 266 11 139 140 268 269 270 145 18 276 22 151 24 152 153 27 279 280 158 31 282 161 283 284 36 164 285 167 287 289 295 299 45 174 47 178 51 54 183 56 188 63 194 200 203 204 205 81 82 85 214 218 93 94 223 225 226 106 235 237 242 243 246 120 121 250 251 252 254 127 89 25 
Number of disconnected nodes: 245
Max available bandwidth: 6500 Kbps
Average throughput: 2757.83 Kbps
Throughput to bandwidth ratio: 0.424282
Packet loss percentage: 53.297%
Average delay: 2003.63 ms
Average jitter: 606.737 ms
G_L: 0.1833

Nodes disconnected: 293 12 8 0 3 4 5 6 9 10 16 17 21 23 26 28 29 30 32 33 34 35 38 39 40 41 44 46 48 49 50 52 53 58 60 62 65 66 68 69 70 72 75 76 79 83 86 88 90 91 92 95 96 97 98 99 100 102 103 104 108 110 111 112 114 115 117 118 119 122 123 124 125 126 128 132 135 136 137 143 146 147 148 150 155 156 157 159 160 163 165 168 169 170 171 172 175 179 181 182 185 186 187 190 191 192 193 195 196 197 198 201 202 207 208 209 212 213 215 219 220 221 227 229 232 233 234 236 238 239 240 241 245 248 249 256 257 258 259 261 262 263 264 265 267 272 273 275 278 281 286 288 290 292 294 296 297 154 80 271 78 7 210 59 43 291 177 228 101 129 255 260 133 266 11 139 140 268 269 270 145 18 276 22 151 24 152 153 27 279 280 158 31 282 161 283 284 36 164 285 167 287 289 295 299 45 174 47 178 51 54 183 56 188 63 194 200 203 204 205 81 82 85 214 218 93 94 223 225 226 106 235 237 242 243 246 120 121 250 251 252 254 127 89 25 64 224 37 134 77 13 144 184 189 
Number of disconnected nodes: 254
Max available bandwidth: 5600 Kbps
Average throughput: 2190.59 Kbps
Throughput to bandwidth ratio: 0.391178
Packet loss percentage: 55.7576%
Average delay: 1595.55 ms
Average jitter: 583.027 ms
G_L: 0.1533

Nodes disconnected: 293 12 8 0 3 4 5 6 9 10 16 17 21 23 26 28 29 30 32 33 34 35 38 39 40 41 44 46 48 49 50 52 53 58 60 62 65 66 68 69 70 72 75 76 79 83 86 88 90 91 92 95 96 97 98 99 100 102 103 104 108 110 111 112 114 115 117 118 119 122 123 124 125 126 128 132 135 136 137 143 146 147 148 150 155 156 157 159 160 163 165 168 169 170 171 172 175 179 181 182 185 186 187 190 191 192 193 195 196 197 198 201 202 207 208 209 212 213 215 219 220 221 227 229 232 233 234 236 238 239 240 241 245 248 249 256 257 258 259 261 262 263 264 265 267 272 273 275 278 281 286 288 290 292 294 296 297 154 80 271 78 7 210 59 43 291 177 228 101 129 255 260 133 266 11 139 140 268 269 270 145 18 276 22 151 24 152 153 27 279 280 158 31 282 161 283 284 36 164 285 167 287 289 295 299 45 174 47 178 51 54 183 56 188 63 194 200 203 204 205 81 82 85 214 218 93 94 223 225 226 106 235 237 242 243 246 120 121 250 251 252 254 127 89 25 64 224 37 134 77 13 144 184 189 130 20 
Number of disconnected nodes: 256
Max available bandwidth: 5300 Kbps
Average throughput: 1952.64 Kbps
Throughput to bandwidth ratio: 0.368423
Packet loss percentage: 58.622%
Average delay: 1662.89 ms
Average jitter: 512.231 ms
G_L: 0.1467

Nodes disconnected: 293 12 8 0 3 4 5 6 9 10 16 17 21 23 26 28 29 30 32 33 34 35 38 39 40 41 44 46 48 49 50 52 53 58 60 62 65 66 68 69 70 72 75 76 79 83 86 88 90 91 92 95 96 97 98 99 100 102 103 104 108 110 111 112 114 115 117 118 119 122 123 124 125 126 128 132 135 136 137 143 146 147 148 150 155 156 157 159 160 163 165 168 169 170 171 172 175 179 181 182 185 186 187 190 191 192 193 195 196 197 198 201 202 207 208 209 212 213 215 219 220 221 227 229 232 233 234 236 238 239 240 241 245 248 249 256 257 258 259 261 262 263 264 265 267 272 273 275 278 281 286 288 290 292 294 296 297 154 80 271 78 7 210 59 43 291 177 228 101 129 255 260 133 266 11 139 140 268 269 270 145 18 276 22 151 24 152 153 27 279 280 158 31 282 161 283 284 36 164 285 167 287 289 295 299 45 174 47 178 51 54 183 56 188 63 194 200 203 204 205 81 82 85 214 218 93 94 223 225 226 106 235 237 242 243 246 120 121 250 251 252 254 127 89 25 64 224 37 134 77 13 144 184 189 130 20 222 
Number of disconnected nodes: 257
Max available bandwidth: 5300 Kbps
Average throughput: 1905.5 Kbps
Throughput to bandwidth ratio: 0.359528
Packet loss percentage: 59.0228%
Average delay: 1484.76 ms
Average jitter: 526.188 ms
G_L: 0.1433

Nodes disconnected: 293 12 8 0 3 4 5 6 9 10 16 17 21 23 26 28 29 30 32 33 34 35 38 39 40 41 44 46 48 49 50 52 53 58 60 62 65 66 68 69 70 72 75 76 79 83 86 88 90 91 92 95 96 97 98 99 100 102 103 104 108 110 111 112 114 115 117 118 119 122 123 124 125 126 128 132 135 136 137 143 146 147 148 150 155 156 157 159 160 163 165 168 169 170 171 172 175 179 181 182 185 186 187 190 191 192 193 195 196 197 198 201 202 207 208 209 212 213 215 219 220 221 227 229 232 233 234 236 238 239 240 241 245 248 249 256 257 258 259 261 262 263 264 265 267 272 273 275 278 281 286 288 290 292 294 296 297 154 80 271 78 7 210 59 43 291 177 228 101 129 255 260 133 266 11 139 140 268 269 270 145 18 276 22 151 24 152 153 27 279 280 158 31 282 161 283 284 36 164 285 167 287 289 295 299 45 174 47 178 51 54 183 56 188 63 194 200 203 204 205 81 82 85 214 218 93 94 223 225 226 106 235 237 242 243 246 120 121 250 251 252 254 127 89 25 64 224 37 134 77 13 144 184 189 130 20 222 1 2 131 138 141 14 149 277 166 298 173 180 61 67 71 199 74 206 216 217 230 231 109 113 247 253 
Number of disconnected nodes: 283
Max available bandwidth: 3200 Kbps
Average throughput: 598.44 Kbps
Throughput to bandwidth ratio: 0.187012
Packet loss percentage: 66.8544%
Average delay: -nan ms
Average jitter: -nan ms
G_L: 0.0567

Nodes disconnected: 293 12 8 0 3 4 5 6 9 10 16 17 21 23 26 28 29 30 32 33 34 35 38 39 40 41 44 46 48 49 50 52 53 58 60 62 65 66 68 69 70 72 75 76 79 83 86 88 90 91 92 95 96 97 98 99 100 102 103 104 108 110 111 112 114 115 117 118 119 122 123 124 125 126 128 132 135 136 137 143 146 147 148 150 155 156 157 159 160 163 165 168 169 170 171 172 175 179 181 182 185 186 187 190 191 192 193 195 196 197 198 201 202 207 208 209 212 213 215 219 220 221 227 229 232 233 234 236 238 239 240 241 245 248 249 256 257 258 259 261 262 263 264 265 267 272 273 275 278 281 286 288 290 292 294 296 297 154 80 271 78 7 210 59 43 291 177 228 101 129 255 260 133 266 11 139 140 268 269 270 145 18 276 22 151 24 152 153 27 279 280 158 31 282 161 283 284 36 164 285 167 287 289 295 299 45 174 47 178 51 54 183 56 188 63 194 200 203 204 205 81 82 85 214 218 93 94 223 225 226 106 235 237 242 243 246 120 121 250 251 252 254 127 89 25 64 224 37 134 77 13 144 184 189 130 20 222 1 2 131 138 141 14 149 277 166 298 173 180 61 67 71 199 74 206 216 217 230 231 109 113 247 253 162 73 42 105 107 142 15 176 274 19 84 116 87 55 211 57 244 
Number of disconnected nodes: 300
Max available bandwidth: 0 Kbps
Average throughput: 0 Kbps
Throughput to bandwidth ratio: -nan
Packet loss percentage: -nan%
Average delay: -nan ms
Average jitter: -nan ms
G_L: 0

