Nodes disconnected: 
Number of disconnected nodes: 0
Max available bandwidth: 33400 Kbps
Average throughput: 25289.2 Kbps
Throughput to bandwidth ratio: 0.757162
Packet loss percentage: 5.68588%
Average delay: 2125.04 ms
Average jitter: 597.51 ms
G_L: 1

Nodes disconnected: 0 3 4 5 6 8 9 10 12 16 17 21 23 26 28 29 30 32 33 34 35 38 39 40 41 44 46 48 49 50 52 53 58 60 62 65 66 68 69 70 72 75 76 79 83 86 88 90 91 92 95 96 97 98 99 100 102 103 104 108 110 111 112 114 115 117 118 119 122 123 124 125 126 128 132 135 136 137 143 146 147 148 150 155 156 157 159 160 163 165 168 169 170 171 172 175 179 181 182 185 186 187 190 191 192 193 195 196 197 198 201 202 203 204 207 208 209 212 213 214 215 219 220 221 227 229 232 233 234 236 238 239 240 241 245 248 249 256 257 258 259 261 262 263 264 265 267 270 272 273 275 278 281 286 288 290 292 293 294 296 297 
Number of disconnected nodes: 161
Max available bandwidth: 15000 Kbps
Average throughput: 8897.65 Kbps
Throughput to bandwidth ratio: 0.593176
Packet loss percentage: 37.2448%
Average delay: 3124.62 ms
Average jitter: 672.292 ms
G_L: 0.4633

Nodes disconnected: 0 3 4 5 6 8 9 10 12 16 17 21 23 26 28 29 30 32 33 34 35 38 39 40 41 44 46 48 49 50 52 53 58 60 62 65 66 68 69 70 72 75 76 79 83 86 88 90 91 92 95 96 97 98 99 100 102 103 104 108 110 111 112 114 115 117 118 119 122 123 124 125 126 128 132 135 136 137 143 146 147 148 150 155 156 157 159 160 163 165 168 169 170 171 172 175 179 181 182 185 186 187 190 191 192 193 195 196 197 198 201 202 203 204 207 208 209 212 213 214 215 219 220 221 227 229 232 233 234 236 238 239 240 241 245 248 249 256 257 258 259 261 262 263 264 265 267 270 272 273 275 278 281 286 288 290 292 293 294 296 297 274 189 
Number of disconnected nodes: 163
Max available bandwidth: 14900 Kbps
Average throughput: 8821.59 Kbps
Throughput to bandwidth ratio: 0.592053
Packet loss percentage: 37.1134%
Average delay: 2788.7 ms
Average jitter: 672.037 ms
G_L: 0.4567

Nodes disconnected: 0 3 4 5 6 8 9 10 12 16 17 21 23 26 28 29 30 32 33 34 35 38 39 40 41 44 46 48 49 50 52 53 58 60 62 65 66 68 69 70 72 75 76 79 83 86 88 90 91 92 95 96 97 98 99 100 102 103 104 108 110 111 112 114 115 117 118 119 122 123 124 125 126 128 132 135 136 137 143 146 147 148 150 155 156 157 159 160 163 165 168 169 170 171 172 175 179 181 182 185 186 187 190 191 192 193 195 196 197 198 201 202 203 204 207 208 209 212 213 214 215 219 220 221 227 229 232 233 234 236 238 239 240 241 245 248 249 256 257 258 259 261 262 263 264 265 267 270 272 273 275 278 281 286 288 290 292 293 294 296 297 274 189 178 154 
Number of disconnected nodes: 165
Max available bandwidth: 14800 Kbps
Average throughput: 8639.06 Kbps
Throughput to bandwidth ratio: 0.58372
Packet loss percentage: 37.7682%
Average delay: 3035.72 ms
Average jitter: 677.854 ms
G_L: 0.45

Nodes disconnected: 0 3 4 5 6 8 9 10 12 16 17 21 23 26 28 29 30 32 33 34 35 38 39 40 41 44 46 48 49 50 52 53 58 60 62 65 66 68 69 70 72 75 76 79 83 86 88 90 91 92 95 96 97 98 99 100 102 103 104 108 110 111 112 114 115 117 118 119 122 123 124 125 126 128 132 135 136 137 143 146 147 148 150 155 156 157 159 160 163 165 168 169 170 171 172 175 179 181 182 185 186 187 190 191 192 193 195 196 197 198 201 202 203 204 207 208 209 212 213 214 215 219 220 221 227 229 232 233 234 236 238 239 240 241 245 248 249 256 257 258 259 261 262 263 264 265 267 270 272 273 275 278 281 286 288 290 292 293 294 296 297 274 189 178 154 42 
Number of disconnected nodes: 166
Max available bandwidth: 14700 Kbps
Average throughput: 8587.45 Kbps
Throughput to bandwidth ratio: 0.58418
Packet loss percentage: 37.95%
Average delay: 2973.34 ms
Average jitter: 665.026 ms
G_L: 0.4467

Nodes disconnected: 0 3 4 5 6 8 9 10 12 16 17 21 23 26 28 29 30 32 33 34 35 38 39 40 41 44 46 48 49 50 52 53 58 60 62 65 66 68 69 70 72 75 76 79 83 86 88 90 91 92 95 96 97 98 99 100 102 103 104 108 110 111 112 114 115 117 118 119 122 123 124 125 126 128 132 135 136 137 143 146 147 148 150 155 156 157 159 160 163 165 168 169 170 171 172 175 179 181 182 185 186 187 190 191 192 193 195 196 197 198 201 202 203 204 207 208 209 212 213 214 215 219 220 221 227 229 232 233 234 236 238 239 240 241 245 248 249 256 257 258 259 261 262 263 264 265 267 270 272 273 275 278 281 286 288 290 292 293 294 296 297 274 189 178 154 42 279 
Number of disconnected nodes: 167
Max available bandwidth: 14700 Kbps
Average throughput: 8406.81 Kbps
Throughput to bandwidth ratio: 0.571892
Packet loss percentage: 38.3776%
Average delay: 3052.27 ms
Average jitter: 660.152 ms
G_L: 0.4433

Nodes disconnected: 0 3 4 5 6 8 9 10 12 16 17 21 23 26 28 29 30 32 33 34 35 38 39 40 41 44 46 48 49 50 52 53 58 60 62 65 66 68 69 70 72 75 76 79 83 86 88 90 91 92 95 96 97 98 99 100 102 103 104 108 110 111 112 114 115 117 118 119 122 123 124 125 126 128 132 135 136 137 143 146 147 148 150 155 156 157 159 160 163 165 168 169 170 171 172 175 179 181 182 185 186 187 190 191 192 193 195 196 197 198 201 202 203 204 207 208 209 212 213 214 215 219 220 221 227 229 232 233 234 236 238 239 240 241 245 248 249 256 257 258 259 261 262 263 264 265 267 270 272 273 275 278 281 286 288 290 292 293 294 296 297 274 189 178 154 42 279 289 282 63 
Number of disconnected nodes: 170
Max available bandwidth: 14500 Kbps
Average throughput: 8107.92 Kbps
Throughput to bandwidth ratio: 0.559167
Packet loss percentage: 38.9582%
Average delay: 2705.79 ms
Average jitter: 637.13 ms
G_L: 0.4333

Nodes disconnected: 0 3 4 5 6 8 9 10 12 16 17 21 23 26 28 29 30 32 33 34 35 38 39 40 41 44 46 48 49 50 52 53 58 60 62 65 66 68 69 70 72 75 76 79 83 86 88 90 91 92 95 96 97 98 99 100 102 103 104 108 110 111 112 114 115 117 118 119 122 123 124 125 126 128 132 135 136 137 143 146 147 148 150 155 156 157 159 160 163 165 168 169 170 171 172 175 179 181 182 185 186 187 190 191 192 193 195 196 197 198 201 202 203 204 207 208 209 212 213 214 215 219 220 221 227 229 232 233 234 236 238 239 240 241 245 248 249 256 257 258 259 261 262 263 264 265 267 270 272 273 275 278 281 286 288 290 292 293 294 296 297 274 189 178 154 42 279 289 282 63 20 
Number of disconnected nodes: 171
Max available bandwidth: 14400 Kbps
Average throughput: 8049.03 Kbps
Throughput to bandwidth ratio: 0.55896
Packet loss percentage: 39.0427%
Average delay: 2696.65 ms
Average jitter: 642.388 ms
G_L: 0.43

Nodes disconnected: 0 3 4 5 6 8 9 10 12 16 17 21 23 26 28 29 30 32 33 34 35 38 39 40 41 44 46 48 49 50 52 53 58 60 62 65 66 68 69 70 72 75 76 79 83 86 88 90 91 92 95 96 97 98 99 100 102 103 104 108 110 111 112 114 115 117 118 119 122 123 124 125 126 128 132 135 136 137 143 146 147 148 150 155 156 157 159 160 163 165 168 169 170 171 172 175 179 181 182 185 186 187 190 191 192 193 195 196 197 198 201 202 203 204 207 208 209 212 213 214 215 219 220 221 227 229 232 233 234 236 238 239 240 241 245 248 249 256 257 258 259 261 262 263 264 265 267 270 272 273 275 278 281 286 288 290 292 293 294 296 297 274 189 178 154 42 279 289 282 63 20 188 
Number of disconnected nodes: 172
Max available bandwidth: 14300 Kbps
Average throughput: 8010.19 Kbps
Throughput to bandwidth ratio: 0.560153
Packet loss percentage: 38.9372%
Average delay: 2623 ms
Average jitter: 634.596 ms
G_L: 0.4267

Nodes disconnected: 0 3 4 5 6 8 9 10 12 16 17 21 23 26 28 29 30 32 33 34 35 38 39 40 41 44 46 48 49 50 52 53 58 60 62 65 66 68 69 70 72 75 76 79 83 86 88 90 91 92 95 96 97 98 99 100 102 103 104 108 110 111 112 114 115 117 118 119 122 123 124 125 126 128 132 135 136 137 143 146 147 148 150 155 156 157 159 160 163 165 168 169 170 171 172 175 179 181 182 185 186 187 190 191 192 193 195 196 197 198 201 202 203 204 207 208 209 212 213 214 215 219 220 221 227 229 232 233 234 236 238 239 240 241 245 248 249 256 257 258 259 261 262 263 264 265 267 270 272 273 275 278 281 286 288 290 292 293 294 296 297 274 189 178 154 42 279 289 282 63 20 188 51 127 
Number of disconnected nodes: 174
Max available bandwidth: 14100 Kbps
Average throughput: 7947.88 Kbps
Throughput to bandwidth ratio: 0.56368
Packet loss percentage: 38.1344%
Average delay: 2553.53 ms
Average jitter: 651.449 ms
G_L: 0.42

Nodes disconnected: 0 3 4 5 6 8 9 10 12 16 17 21 23 26 28 29 30 32 33 34 35 38 39 40 41 44 46 48 49 50 52 53 58 60 62 65 66 68 69 70 72 75 76 79 83 86 88 90 91 92 95 96 97 98 99 100 102 103 104 108 110 111 112 114 115 117 118 119 122 123 124 125 126 128 132 135 136 137 143 146 147 148 150 155 156 157 159 160 163 165 168 169 170 171 172 175 179 181 182 185 186 187 190 191 192 193 195 196 197 198 201 202 203 204 207 208 209 212 213 214 215 219 220 221 227 229 232 233 234 236 238 239 240 241 245 248 249 256 257 258 259 261 262 263 264 265 267 270 272 273 275 278 281 286 288 290 292 293 294 296 297 274 189 178 154 42 279 289 282 63 20 188 51 127 145 
Number of disconnected nodes: 175
Max available bandwidth: 14000 Kbps
Average throughput: 7896.73 Kbps
Throughput to bandwidth ratio: 0.564052
Packet loss percentage: 38.2106%
Average delay: 2521.73 ms
Average jitter: 641.893 ms
G_L: 0.4167

Nodes disconnected: 0 3 4 5 6 8 9 10 12 16 17 21 23 26 28 29 30 32 33 34 35 38 39 40 41 44 46 48 49 50 52 53 58 60 62 65 66 68 69 70 72 75 76 79 83 86 88 90 91 92 95 96 97 98 99 100 102 103 104 108 110 111 112 114 115 117 118 119 122 123 124 125 126 128 132 135 136 137 143 146 147 148 150 155 156 157 159 160 163 165 168 169 170 171 172 175 179 181 182 185 186 187 190 191 192 193 195 196 197 198 201 202 203 204 207 208 209 212 213 214 215 219 220 221 227 229 232 233 234 236 238 239 240 241 245 248 249 256 257 258 259 261 262 263 264 265 267 270 272 273 275 278 281 286 288 290 292 293 294 296 297 274 189 178 154 42 279 289 282 63 20 188 51 127 145 89 
Number of disconnected nodes: 176
Max available bandwidth: 14000 Kbps
Average throughput: 7875.48 Kbps
Throughput to bandwidth ratio: 0.562535
Packet loss percentage: 38.0641%
Average delay: 2400.02 ms
Average jitter: 638.283 ms
G_L: 0.4133

Nodes disconnected: 0 3 4 5 6 8 9 10 12 16 17 21 23 26 28 29 30 32 33 34 35 38 39 40 41 44 46 48 49 50 52 53 58 60 62 65 66 68 69 70 72 75 76 79 83 86 88 90 91 92 95 96 97 98 99 100 102 103 104 108 110 111 112 114 115 117 118 119 122 123 124 125 126 128 132 135 136 137 143 146 147 148 150 155 156 157 159 160 163 165 168 169 170 171 172 175 179 181 182 185 186 187 190 191 192 193 195 196 197 198 201 202 203 204 207 208 209 212 213 214 215 219 220 221 227 229 232 233 234 236 238 239 240 241 245 248 249 256 257 258 259 261 262 263 264 265 267 270 272 273 275 278 281 286 288 290 292 293 294 296 297 274 189 178 154 42 279 289 282 63 20 188 51 127 145 89 129 
Number of disconnected nodes: 177
Max available bandwidth: 13900 Kbps
Average throughput: 7805.25 Kbps
Throughput to bandwidth ratio: 0.561529
Packet loss percentage: 38.5109%
Average delay: 2488.67 ms
Average jitter: 623.296 ms
G_L: 0.41

Nodes disconnected: 0 3 4 5 6 8 9 10 12 16 17 21 23 26 28 29 30 32 33 34 35 38 39 40 41 44 46 48 49 50 52 53 58 60 62 65 66 68 69 70 72 75 76 79 83 86 88 90 91 92 95 96 97 98 99 100 102 103 104 108 110 111 112 114 115 117 118 119 122 123 124 125 126 128 132 135 136 137 143 146 147 148 150 155 156 157 159 160 163 165 168 169 170 171 172 175 179 181 182 185 186 187 190 191 192 193 195 196 197 198 201 202 203 204 207 208 209 212 213 214 215 219 220 221 227 229 232 233 234 236 238 239 240 241 245 248 249 256 257 258 259 261 262 263 264 265 267 270 272 273 275 278 281 286 288 290 292 293 294 296 297 274 189 178 154 42 279 289 282 63 20 188 51 127 145 89 129 235 
Number of disconnected nodes: 178
Max available bandwidth: 13800 Kbps
Average throughput: 7775.58 Kbps
Throughput to bandwidth ratio: 0.563448
Packet loss percentage: 38.2076%
Average delay: 2346.53 ms
Average jitter: 614.762 ms
G_L: 0.4067

Nodes disconnected: 0 3 4 5 6 8 9 10 12 16 17 21 23 26 28 29 30 32 33 34 35 38 39 40 41 44 46 48 49 50 52 53 58 60 62 65 66 68 69 70 72 75 76 79 83 86 88 90 91 92 95 96 97 98 99 100 102 103 104 108 110 111 112 114 115 117 118 119 122 123 124 125 126 128 132 135 136 137 143 146 147 148 150 155 156 157 159 160 163 165 168 169 170 171 172 175 179 181 182 185 186 187 190 191 192 193 195 196 197 198 201 202 203 204 207 208 209 212 213 214 215 219 220 221 227 229 232 233 234 236 238 239 240 241 245 248 249 256 257 258 259 261 262 263 264 265 267 270 272 273 275 278 281 286 288 290 292 293 294 296 297 274 189 178 154 42 279 289 282 63 20 188 51 127 145 89 129 235 225 106 276 246 151 153 250 285 94 255 
Number of disconnected nodes: 188
Max available bandwidth: 12600 Kbps
Average throughput: 6785.35 Kbps
Throughput to bandwidth ratio: 0.53852
Packet loss percentage: 42.0826%
Average delay: 2218.07 ms
Average jitter: 602.815 ms
G_L: 0.3733

Nodes disconnected: 0 3 4 5 6 8 9 10 12 16 17 21 23 26 28 29 30 32 33 34 35 38 39 40 41 44 46 48 49 50 52 53 58 60 62 65 66 68 69 70 72 75 76 79 83 86 88 90 91 92 95 96 97 98 99 100 102 103 104 108 110 111 112 114 115 117 118 119 122 123 124 125 126 128 132 135 136 137 143 146 147 148 150 155 156 157 159 160 163 165 168 169 170 171 172 175 179 181 182 185 186 187 190 191 192 193 195 196 197 198 201 202 203 204 207 208 209 212 213 214 215 219 220 221 227 229 232 233 234 236 238 239 240 241 245 248 249 256 257 258 259 261 262 263 264 265 267 270 272 273 275 278 281 286 288 290 292 293 294 296 297 274 189 178 154 42 279 289 282 63 20 188 51 127 145 89 129 235 225 106 276 246 151 153 250 285 94 255 205 
Number of disconnected nodes: 189
Max available bandwidth: 12600 Kbps
Average throughput: 6751.88 Kbps
Throughput to bandwidth ratio: 0.535864
Packet loss percentage: 42.1862%
Average delay: 2086.24 ms
Average jitter: 583.103 ms
G_L: 0.37

Nodes disconnected: 0 3 4 5 6 8 9 10 12 16 17 21 23 26 28 29 30 32 33 34 35 38 39 40 41 44 46 48 49 50 52 53 58 60 62 65 66 68 69 70 72 75 76 79 83 86 88 90 91 92 95 96 97 98 99 100 102 103 104 108 110 111 112 114 115 117 118 119 122 123 124 125 126 128 132 135 136 137 143 146 147 148 150 155 156 157 159 160 163 165 168 169 170 171 172 175 179 181 182 185 186 187 190 191 192 193 195 196 197 198 201 202 203 204 207 208 209 212 213 214 215 219 220 221 227 229 232 233 234 236 238 239 240 241 245 248 249 256 257 258 259 261 262 263 264 265 267 270 272 273 275 278 281 286 288 290 292 293 294 296 297 274 189 178 154 42 279 289 282 63 20 188 51 127 145 89 129 235 225 106 276 246 151 153 250 285 94 255 205 194 291 284 133 
Number of disconnected nodes: 193
Max available bandwidth: 12200 Kbps
Average throughput: 6558.03 Kbps
Throughput to bandwidth ratio: 0.537543
Packet loss percentage: 42.4332%
Average delay: 1896.6 ms
Average jitter: 562.126 ms
G_L: 0.3567

Nodes disconnected: 0 3 4 5 6 8 9 10 12 16 17 21 23 26 28 29 30 32 33 34 35 38 39 40 41 44 46 48 49 50 52 53 58 60 62 65 66 68 69 70 72 75 76 79 83 86 88 90 91 92 95 96 97 98 99 100 102 103 104 108 110 111 112 114 115 117 118 119 122 123 124 125 126 128 132 135 136 137 143 146 147 148 150 155 156 157 159 160 163 165 168 169 170 171 172 175 179 181 182 185 186 187 190 191 192 193 195 196 197 198 201 202 203 204 207 208 209 212 213 214 215 219 220 221 227 229 232 233 234 236 238 239 240 241 245 248 249 256 257 258 259 261 262 263 264 265 267 270 272 273 275 278 281 286 288 290 292 293 294 296 297 274 189 178 154 42 279 289 282 63 20 188 51 127 145 89 129 235 225 106 276 246 151 153 250 285 94 255 205 194 291 284 133 11 
Number of disconnected nodes: 194
Max available bandwidth: 12000 Kbps
Average throughput: 6557.44 Kbps
Throughput to bandwidth ratio: 0.546453
Packet loss percentage: 41.9229%
Average delay: 1861.23 ms
Average jitter: 556.895 ms
G_L: 0.3533

Nodes disconnected: 0 3 4 5 6 8 9 10 12 16 17 21 23 26 28 29 30 32 33 34 35 38 39 40 41 44 46 48 49 50 52 53 58 60 62 65 66 68 69 70 72 75 76 79 83 86 88 90 91 92 95 96 97 98 99 100 102 103 104 108 110 111 112 114 115 117 118 119 122 123 124 125 126 128 132 135 136 137 143 146 147 148 150 155 156 157 159 160 163 165 168 169 170 171 172 175 179 181 182 185 186 187 190 191 192 193 195 196 197 198 201 202 203 204 207 208 209 212 213 214 215 219 220 221 227 229 232 233 234 236 238 239 240 241 245 248 249 256 257 258 259 261 262 263 264 265 267 270 272 273 275 278 281 286 288 290 292 293 294 296 297 274 189 178 154 42 279 289 282 63 20 188 51 127 145 89 129 235 225 106 276 246 151 153 250 285 94 255 205 194 291 284 133 11 101 74 139 269 78 85 22 280 121 
Number of disconnected nodes: 203
Max available bandwidth: 11100 Kbps
Average throughput: 5930.64 Kbps
Throughput to bandwidth ratio: 0.534291
Packet loss percentage: 43.0028%
Average delay: 1822.69 ms
Average jitter: 555.047 ms
G_L: 0.3233

Nodes disconnected: 0 3 4 5 6 8 9 10 12 16 17 21 23 26 28 29 30 32 33 34 35 38 39 40 41 44 46 48 49 50 52 53 58 60 62 65 66 68 69 70 72 75 76 79 83 86 88 90 91 92 95 96 97 98 99 100 102 103 104 108 110 111 112 114 115 117 118 119 122 123 124 125 126 128 132 135 136 137 143 146 147 148 150 155 156 157 159 160 163 165 168 169 170 171 172 175 179 181 182 185 186 187 190 191 192 193 195 196 197 198 201 202 203 204 207 208 209 212 213 214 215 219 220 221 227 229 232 233 234 236 238 239 240 241 245 248 249 256 257 258 259 261 262 263 264 265 267 270 272 273 275 278 281 286 288 290 292 293 294 296 297 274 189 178 154 42 279 289 282 63 20 188 51 127 145 89 129 235 225 106 276 246 151 153 250 285 94 255 205 194 291 284 133 11 101 74 139 269 78 85 22 280 121 260 7 266 140 268 18 283 287 31 36 299 174 56 80 81 218 93 120 252 254 
Number of disconnected nodes: 223
Max available bandwidth: 8800 Kbps
Average throughput: 4394.19 Kbps
Throughput to bandwidth ratio: 0.49934
Packet loss percentage: 45.2958%
Average delay: 1950.08 ms
Average jitter: 599.54 ms
G_L: 0.2567

Nodes disconnected: 0 3 4 5 6 8 9 10 12 16 17 21 23 26 28 29 30 32 33 34 35 38 39 40 41 44 46 48 49 50 52 53 58 60 62 65 66 68 69 70 72 75 76 79 83 86 88 90 91 92 95 96 97 98 99 100 102 103 104 108 110 111 112 114 115 117 118 119 122 123 124 125 126 128 132 135 136 137 143 146 147 148 150 155 156 157 159 160 163 165 168 169 170 171 172 175 179 181 182 185 186 187 190 191 192 193 195 196 197 198 201 202 203 204 207 208 209 212 213 214 215 219 220 221 227 229 232 233 234 236 238 239 240 241 245 248 249 256 257 258 259 261 262 263 264 265 267 270 272 273 275 278 281 286 288 290 292 293 294 296 297 274 189 178 154 42 279 289 282 63 20 188 51 127 145 89 129 235 225 106 276 246 151 153 250 285 94 255 205 194 291 284 133 11 101 74 139 269 78 85 22 280 121 260 7 266 140 268 18 283 287 31 36 299 174 56 80 81 218 93 120 252 254 1 2 130 13 141 144 277 24 43 173 180 54 59 61 199 200 73 77 206 223 224 231 107 113 116 253 
Number of disconnected nodes: 249
Max available bandwidth: 6400 Kbps
Average throughput: 2644.02 Kbps
Throughput to bandwidth ratio: 0.413128
Packet loss percentage: 49.4917%
Average delay: 1069.02 ms
Average jitter: 436.702 ms
G_L: 0.17

Nodes disconnected: 0 3 4 5 6 8 9 10 12 16 17 21 23 26 28 29 30 32 33 34 35 38 39 40 41 44 46 48 49 50 52 53 58 60 62 65 66 68 69 70 72 75 76 79 83 86 88 90 91 92 95 96 97 98 99 100 102 103 104 108 110 111 112 114 115 117 118 119 122 123 124 125 126 128 132 135 136 137 143 146 147 148 150 155 156 157 159 160 163 165 168 169 170 171 172 175 179 181 182 185 186 187 190 191 192 193 195 196 197 198 201 202 203 204 207 208 209 212 213 214 215 219 220 221 227 229 232 233 234 236 238 239 240 241 245 248 249 256 257 258 259 261 262 263 264 265 267 270 272 273 275 278 281 286 288 290 292 293 294 296 297 274 189 178 154 42 279 289 282 63 20 188 51 127 145 89 129 235 225 106 276 246 151 153 250 285 94 255 205 194 291 284 133 11 101 74 139 269 78 85 22 280 121 260 7 266 140 268 18 283 287 31 36 299 174 56 80 81 218 93 120 252 254 1 2 130 13 141 144 277 24 43 173 180 54 59 61 199 200 73 77 206 223 224 231 107 113 116 253 271 
Number of disconnected nodes: 250
Max available bandwidth: 6400 Kbps
Average throughput: 2615.7 Kbps
Throughput to bandwidth ratio: 0.408703
Packet loss percentage: 49.4295%
Average delay: 1147.78 ms
Average jitter: 444.641 ms
G_L: 0.1667

Nodes disconnected: 0 3 4 5 6 8 9 10 12 16 17 21 23 26 28 29 30 32 33 34 35 38 39 40 41 44 46 48 49 50 52 53 58 60 62 65 66 68 69 70 72 75 76 79 83 86 88 90 91 92 95 96 97 98 99 100 102 103 104 108 110 111 112 114 115 117 118 119 122 123 124 125 126 128 132 135 136 137 143 146 147 148 150 155 156 157 159 160 163 165 168 169 170 171 172 175 179 181 182 185 186 187 190 191 192 193 195 196 197 198 201 202 203 204 207 208 209 212 213 214 215 219 220 221 227 229 232 233 234 236 238 239 240 241 245 248 249 256 257 258 259 261 262 263 264 265 267 270 272 273 275 278 281 286 288 290 292 293 294 296 297 274 189 178 154 42 279 289 282 63 20 188 51 127 145 89 129 235 225 106 276 246 151 153 250 285 94 255 205 194 291 284 133 11 101 74 139 269 78 85 22 280 121 260 7 266 140 268 18 283 287 31 36 299 174 56 80 81 218 93 120 252 254 1 2 130 13 141 144 277 24 43 173 180 54 59 61 199 200 73 77 206 223 224 231 107 113 116 253 271 64 37 134 166 109 177 210 149 184 
Number of disconnected nodes: 259
Max available bandwidth: 5400 Kbps
Average throughput: 1817.53 Kbps
Throughput to bandwidth ratio: 0.33658
Packet loss percentage: 57.0958%
Average delay: 614.38 ms
Average jitter: 364.536 ms
G_L: 0.1367

Nodes disconnected: 0 3 4 5 6 8 9 10 12 16 17 21 23 26 28 29 30 32 33 34 35 38 39 40 41 44 46 48 49 50 52 53 58 60 62 65 66 68 69 70 72 75 76 79 83 86 88 90 91 92 95 96 97 98 99 100 102 103 104 108 110 111 112 114 115 117 118 119 122 123 124 125 126 128 132 135 136 137 143 146 147 148 150 155 156 157 159 160 163 165 168 169 170 171 172 175 179 181 182 185 186 187 190 191 192 193 195 196 197 198 201 202 203 204 207 208 209 212 213 214 215 219 220 221 227 229 232 233 234 236 238 239 240 241 245 248 249 256 257 258 259 261 262 263 264 265 267 270 272 273 275 278 281 286 288 290 292 293 294 296 297 274 189 178 154 42 279 289 282 63 20 188 51 127 145 89 129 235 225 106 276 246 151 153 250 285 94 255 205 194 291 284 133 11 101 74 139 269 78 85 22 280 121 260 7 266 140 268 18 283 287 31 36 299 174 56 80 81 218 93 120 252 254 1 2 130 13 141 144 277 24 43 173 180 54 59 61 199 200 73 77 206 223 224 231 107 113 116 253 271 64 37 134 166 109 177 210 149 184 216 
Number of disconnected nodes: 260
Max available bandwidth: 5300 Kbps
Average throughput: 1781.39 Kbps
Throughput to bandwidth ratio: 0.336111
Packet loss percentage: 57.2996%
Average delay: 760.212 ms
Average jitter: 396.97 ms
G_L: 0.1333

Nodes disconnected: 0 3 4 5 6 8 9 10 12 16 17 21 23 26 28 29 30 32 33 34 35 38 39 40 41 44 46 48 49 50 52 53 58 60 62 65 66 68 69 70 72 75 76 79 83 86 88 90 91 92 95 96 97 98 99 100 102 103 104 108 110 111 112 114 115 117 118 119 122 123 124 125 126 128 132 135 136 137 143 146 147 148 150 155 156 157 159 160 163 165 168 169 170 171 172 175 179 181 182 185 186 187 190 191 192 193 195 196 197 198 201 202 203 204 207 208 209 212 213 214 215 219 220 221 227 229 232 233 234 236 238 239 240 241 245 248 249 256 257 258 259 261 262 263 264 265 267 270 272 273 275 278 281 286 288 290 292 293 294 296 297 274 189 178 154 42 279 289 282 63 20 188 51 127 145 89 129 235 225 106 276 246 151 153 250 285 94 255 205 194 291 284 133 11 101 74 139 269 78 85 22 280 121 260 7 266 140 268 18 283 287 31 36 299 174 56 80 81 218 93 120 252 254 1 2 130 13 141 144 277 24 43 173 180 54 59 61 199 200 73 77 206 223 224 231 107 113 116 253 271 64 37 134 166 109 177 210 149 184 216 131 230 
Number of disconnected nodes: 262
Max available bandwidth: 5200 Kbps
Average throughput: 1646.95 Kbps
Throughput to bandwidth ratio: 0.316721
Packet loss percentage: 58.2977%
Average delay: 657.654 ms
Average jitter: 407.804 ms
G_L: 0.1267

Nodes disconnected: 0 3 4 5 6 8 9 10 12 16 17 21 23 26 28 29 30 32 33 34 35 38 39 40 41 44 46 48 49 50 52 53 58 60 62 65 66 68 69 70 72 75 76 79 83 86 88 90 91 92 95 96 97 98 99 100 102 103 104 108 110 111 112 114 115 117 118 119 122 123 124 125 126 128 132 135 136 137 143 146 147 148 150 155 156 157 159 160 163 165 168 169 170 171 172 175 179 181 182 185 186 187 190 191 192 193 195 196 197 198 201 202 203 204 207 208 209 212 213 214 215 219 220 221 227 229 232 233 234 236 238 239 240 241 245 248 249 256 257 258 259 261 262 263 264 265 267 270 272 273 275 278 281 286 288 290 292 293 294 296 297 274 189 178 154 42 279 289 282 63 20 188 51 127 145 89 129 235 225 106 276 246 151 153 250 285 94 255 205 194 291 284 133 11 101 74 139 269 78 85 22 280 121 260 7 266 140 268 18 283 287 31 36 299 174 56 80 81 218 93 120 252 254 1 2 130 13 141 144 277 24 43 173 180 54 59 61 199 200 73 77 206 223 224 231 107 113 116 253 271 64 37 134 166 109 177 210 149 184 216 131 230 228 105 138 298 14 15 142 176 55 247 222 
Number of disconnected nodes: 273
Max available bandwidth: 3600 Kbps
Average throughput: 1144.01 Kbps
Throughput to bandwidth ratio: 0.317779
Packet loss percentage: 59.8408%
Average delay: 384.35 ms
Average jitter: 384.638 ms
G_L: 0.09

Nodes disconnected: 0 3 4 5 6 8 9 10 12 16 17 21 23 26 28 29 30 32 33 34 35 38 39 40 41 44 46 48 49 50 52 53 58 60 62 65 66 68 69 70 72 75 76 79 83 86 88 90 91 92 95 96 97 98 99 100 102 103 104 108 110 111 112 114 115 117 118 119 122 123 124 125 126 128 132 135 136 137 143 146 147 148 150 155 156 157 159 160 163 165 168 169 170 171 172 175 179 181 182 185 186 187 190 191 192 193 195 196 197 198 201 202 203 204 207 208 209 212 213 214 215 219 220 221 227 229 232 233 234 236 238 239 240 241 245 248 249 256 257 258 259 261 262 263 264 265 267 270 272 273 275 278 281 286 288 290 292 293 294 296 297 274 189 178 154 42 279 289 282 63 20 188 51 127 145 89 129 235 225 106 276 246 151 153 250 285 94 255 205 194 291 284 133 11 101 74 139 269 78 85 22 280 121 260 7 266 140 268 18 283 287 31 36 299 174 56 80 81 218 93 120 252 254 1 2 130 13 141 144 277 24 43 173 180 54 59 61 199 200 73 77 206 223 224 231 107 113 116 253 271 64 37 134 166 109 177 210 149 184 216 131 230 228 105 138 298 14 15 142 176 55 247 222 211 
Number of disconnected nodes: 274
Max available bandwidth: 3600 Kbps
Average throughput: 1082.35 Kbps
Throughput to bandwidth ratio: 0.300653
Packet loss percentage: 60.0654%
Average delay: 609.166 ms
Average jitter: 421.55 ms
G_L: 0.0867

Nodes disconnected: 0 3 4 5 6 8 9 10 12 16 17 21 23 26 28 29 30 32 33 34 35 38 39 40 41 44 46 48 49 50 52 53 58 60 62 65 66 68 69 70 72 75 76 79 83 86 88 90 91 92 95 96 97 98 99 100 102 103 104 108 110 111 112 114 115 117 118 119 122 123 124 125 126 128 132 135 136 137 143 146 147 148 150 155 156 157 159 160 163 165 168 169 170 171 172 175 179 181 182 185 186 187 190 191 192 193 195 196 197 198 201 202 203 204 207 208 209 212 213 214 215 219 220 221 227 229 232 233 234 236 238 239 240 241 245 248 249 256 257 258 259 261 262 263 264 265 267 270 272 273 275 278 281 286 288 290 292 293 294 296 297 274 189 178 154 42 279 289 282 63 20 188 51 127 145 89 129 235 225 106 276 246 151 153 250 285 94 255 205 194 291 284 133 11 101 74 139 269 78 85 22 280 121 260 7 266 140 268 18 283 287 31 36 299 174 56 80 81 218 93 120 252 254 1 2 130 13 141 144 277 24 43 173 180 54 59 61 199 200 73 77 206 223 224 231 107 113 116 253 271 64 37 134 166 109 177 210 149 184 216 131 230 228 105 138 298 14 15 142 176 55 247 222 211 161 226 27 
Number of disconnected nodes: 277
Max available bandwidth: 3300 Kbps
Average throughput: 899.694 Kbps
Throughput to bandwidth ratio: 0.272634
Packet loss percentage: 62.296%
Average delay: 197.966 ms
Average jitter: 293.086 ms
G_L: 0.0767

Nodes disconnected: 0 3 4 5 6 8 9 10 12 16 17 21 23 26 28 29 30 32 33 34 35 38 39 40 41 44 46 48 49 50 52 53 58 60 62 65 66 68 69 70 72 75 76 79 83 86 88 90 91 92 95 96 97 98 99 100 102 103 104 108 110 111 112 114 115 117 118 119 122 123 124 125 126 128 132 135 136 137 143 146 147 148 150 155 156 157 159 160 163 165 168 169 170 171 172 175 179 181 182 185 186 187 190 191 192 193 195 196 197 198 201 202 203 204 207 208 209 212 213 214 215 219 220 221 227 229 232 233 234 236 238 239 240 241 245 248 249 256 257 258 259 261 262 263 264 265 267 270 272 273 275 278 281 286 288 290 292 293 294 296 297 274 189 178 154 42 279 289 282 63 20 188 51 127 145 89 129 235 225 106 276 246 151 153 250 285 94 255 205 194 291 284 133 11 101 74 139 269 78 85 22 280 121 260 7 266 140 268 18 283 287 31 36 299 174 56 80 81 218 93 120 252 254 1 2 130 13 141 144 277 24 43 173 180 54 59 61 199 200 73 77 206 223 224 231 107 113 116 253 271 64 37 134 166 109 177 210 149 184 216 131 230 228 105 138 298 14 15 142 176 55 247 222 211 161 226 27 164 217 167 295 45 237 47 82 242 84 243 183 152 57 251 158 
Number of disconnected nodes: 293
Max available bandwidth: 800 Kbps
Average throughput: 144.718 Kbps
Throughput to bandwidth ratio: 0.180898
Packet loss percentage: 78.4397%
Average delay: -nan ms
Average jitter: -nan ms
G_L: 0.0233

Nodes disconnected: 0 3 4 5 6 8 9 10 12 16 17 21 23 26 28 29 30 32 33 34 35 38 39 40 41 44 46 48 49 50 52 53 58 60 62 65 66 68 69 70 72 75 76 79 83 86 88 90 91 92 95 96 97 98 99 100 102 103 104 108 110 111 112 114 115 117 118 119 122 123 124 125 126 128 132 135 136 137 143 146 147 148 150 155 156 157 159 160 163 165 168 169 170 171 172 175 179 181 182 185 186 187 190 191 192 193 195 196 197 198 201 202 203 204 207 208 209 212 213 214 215 219 220 221 227 229 232 233 234 236 238 239 240 241 245 248 249 256 257 258 259 261 262 263 264 265 267 270 272 273 275 278 281 286 288 290 292 293 294 296 297 274 189 178 154 42 279 289 282 63 20 188 51 127 145 89 129 235 225 106 276 246 151 153 250 285 94 255 205 194 291 284 133 11 101 74 139 269 78 85 22 280 121 260 7 266 140 268 18 283 287 31 36 299 174 56 80 81 218 93 120 252 254 1 2 130 13 141 144 277 24 43 173 180 54 59 61 199 200 73 77 206 223 224 231 107 113 116 253 271 64 37 134 166 109 177 210 149 184 216 131 230 228 105 138 298 14 15 142 176 55 247 222 211 161 226 27 164 217 167 295 45 237 47 82 242 84 243 183 152 57 251 158 67 244 71 
Number of disconnected nodes: 296
Max available bandwidth: 700 Kbps
Average throughput: 93.0288 Kbps
Throughput to bandwidth ratio: 0.132898
Packet loss percentage: 76.8539%
Average delay: -nan ms
Average jitter: -nan ms
G_L: 0.0133

Nodes disconnected: 0 3 4 5 6 8 9 10 12 16 17 21 23 26 28 29 30 32 33 34 35 38 39 40 41 44 46 48 49 50 52 53 58 60 62 65 66 68 69 70 72 75 76 79 83 86 88 90 91 92 95 96 97 98 99 100 102 103 104 108 110 111 112 114 115 117 118 119 122 123 124 125 126 128 132 135 136 137 143 146 147 148 150 155 156 157 159 160 163 165 168 169 170 171 172 175 179 181 182 185 186 187 190 191 192 193 195 196 197 198 201 202 203 204 207 208 209 212 213 214 215 219 220 221 227 229 232 233 234 236 238 239 240 241 245 248 249 256 257 258 259 261 262 263 264 265 267 270 272 273 275 278 281 286 288 290 292 293 294 296 297 274 189 178 154 42 279 289 282 63 20 188 51 127 145 89 129 235 225 106 276 246 151 153 250 285 94 255 205 194 291 284 133 11 101 74 139 269 78 85 22 280 121 260 7 266 140 268 18 283 287 31 36 299 174 56 80 81 218 93 120 252 254 1 2 130 13 141 144 277 24 43 173 180 54 59 61 199 200 73 77 206 223 224 231 107 113 116 253 271 64 37 134 166 109 177 210 149 184 216 131 230 228 105 138 298 14 15 142 176 55 247 222 211 161 226 27 164 217 167 295 45 237 47 82 242 84 243 183 152 57 251 158 67 244 71 25 162 19 87 
Number of disconnected nodes: 300
Max available bandwidth: 0 Kbps
Average throughput: 0 Kbps
Throughput to bandwidth ratio: -nan
Packet loss percentage: -nan%
Average delay: -nan ms
Average jitter: -nan ms
G_L: 0

